index,time,src_ip,dst_ip,tcp_seq,tcp_ack,tcp_len,direction,cumul_sum
1,1576407758.042830,192.168.1.6,192.168.1.4,2479279546,3329492066,343,0,-343
2,1576407758.043347,192.168.1.4,192.168.1.6,3329492066,2479279889,99,1,-244
3,1576407758.043550,192.168.1.6,192.168.1.4,2479279889,3329492165,382,0,-626
4,1576407758.055111,192.168.1.4,192.168.1.6,3329492165,2479280271,2266,1,1640
5,1576407758.055933,192.168.1.6,192.168.1.4,2479280271,3329494431,74,0,1566
6,1576407758.056038,192.168.1.6,192.168.1.4,2479280345,3329494431,245,0,1321
7,1576407758.056363,192.168.1.4,192.168.1.6,3329494431,2479280590,79,1,1400
8,1576407758.056735,192.168.1.4,192.168.1.6,3329494510,2479280590,79,1,1479
9,1576407758.102722,192.168.1.4,192.168.1.6,3329494589,2479280590,91,1,1570
10,1576407758.109301,192.168.1.6,192.168.1.4,2479280590,3329494680,539,0,1031
11,1576407758.140670,192.168.1.4,192.168.1.6,3329494680,2479281129,1385,1,2416
12,1576407758.184554,192.168.1.4,192.168.1.6,3329496065,2479281129,1705,1,4121
13,1576407758.196489,192.168.1.6,192.168.1.4,2479281129,3329497770,86,0,4035
14,1576407758.199742,192.168.1.6,192.168.1.4,2479281215,3329497770,108,0,3927
15,1576407758.200231,192.168.1.6,192.168.1.4,2479281323,3329497770,321,0,3606
16,1576407758.200436,192.168.1.6,192.168.1.4,2479281644,3329497770,54,0,3552
17,1576407758.234149,192.168.1.4,192.168.1.6,3329497770,2479281698,586,1,4138
18,1576407758.234522,192.168.1.6,192.168.1.4,2479281698,3329498356,53,0,4085
19,1576407758.234935,192.168.1.4,192.168.1.6,3329498356,2479281751,53,1,4138
20,1576407758.276415,192.168.1.4,192.168.1.6,3329498409,2479281751,1289,1,5427
21,1576407758.277846,192.168.1.6,192.168.1.4,2479281751,3329499698,61,0,5366
22,1576407758.594401,192.168.1.6,192.168.1.4,2179118429,3253378805,343,0,5023
23,1576407758.594998,192.168.1.4,192.168.1.6,3253378805,2179118772,99,1,5122
24,1576407758.595253,192.168.1.6,192.168.1.4,2179118772,3253378904,382,0,4740
25,1576407758.596994,192.168.1.6,192.168.1.4,3317339770,86105610,343,0,4397
26,1576407758.600846,192.168.1.4,192.168.1.6,86105610,3317340113,99,1,4496
27,1576407758.601062,192.168.1.6,192.168.1.4,3317340113,86105709,382,0,4114
28,1576407758.615515,192.168.1.4,192.168.1.6,3253378904,2179119154,2266,1,6380
29,1576407758.616322,192.168.1.6,192.168.1.4,2179119154,3253381170,74,0,6306
30,1576407758.616416,192.168.1.6,192.168.1.4,2179119228,3253381170,235,0,6071
31,1576407758.617524,192.168.1.4,192.168.1.6,3253381170,2179119463,79,1,6150
32,1576407758.617798,192.168.1.4,192.168.1.6,3253381249,2179119463,79,1,6229
33,1576407758.620843,192.168.1.4,192.168.1.6,86105709,3317340495,2266,1,8495
34,1576407758.622224,192.168.1.6,192.168.1.4,3317340495,86107975,74,0,8421
35,1576407758.622397,192.168.1.6,192.168.1.4,3317340569,86107975,235,0,8186
36,1576407758.623020,192.168.1.4,192.168.1.6,86107975,3317340804,79,1,8265
37,1576407758.623295,192.168.1.4,192.168.1.6,86108054,3317340804,79,1,8344
38,1576407758.672293,192.168.1.4,192.168.1.6,3253381328,2179119463,91,1,8435
39,1576407758.672742,192.168.1.6,192.168.1.4,2179119463,3253381419,539,0,7896
40,1576407758.674068,192.168.1.4,192.168.1.6,86108133,3317340804,91,1,7987
41,1576407758.674374,192.168.1.6,192.168.1.4,3317340804,86108224,539,0,7448
42,1576407758.714841,192.168.1.4,192.168.1.6,3253381419,2179120002,2070,1,9518
43,1576407758.717450,192.168.1.4,192.168.1.6,86108224,3317341343,2070,1,11588
44,1576407758.757116,192.168.1.4,192.168.1.6,3253383489,2179120002,2143,1,13731
45,1576407758.760454,192.168.1.4,192.168.1.6,86110294,3317341343,2143,1,15874
46,1576407758.782099,192.168.1.6,192.168.1.4,2179120002,3253385632,102,0,15772
47,1576407758.785105,192.168.1.6,192.168.1.4,3317341343,86112437,102,0,15670
48,1576407758.787271,192.168.1.6,192.168.1.4,2179120104,3253385632,534,0,15136
49,1576407758.812524,192.168.1.4,192.168.1.6,3253385632,2179120638,325,1,15461
50,1576407758.814352,192.168.1.4,192.168.1.6,86112437,3317341445,628,1,16089
51,1576407758.852811,192.168.1.4,192.168.1.6,3253385957,2179120638,6217,1,22306
52,1576407758.952599,192.168.1.6,192.168.1.4,2179120638,3253392174,388,0,21918
53,1576407758.953693,192.168.1.6,192.168.1.4,3317341445,86113065,390,0,21528
54,1576407758.955581,192.168.1.6,192.168.1.4,1893207322,4267369397,343,0,21185
55,1576407758.956125,192.168.1.4,192.168.1.6,4267369397,1893207665,99,1,21284
56,1576407758.956340,192.168.1.6,192.168.1.4,1893207665,4267369496,382,0,20902
57,1576407758.958213,192.168.1.6,192.168.1.4,4198347766,1086706117,343,0,20559
58,1576407758.960688,192.168.1.4,192.168.1.6,1086706117,4198348109,99,1,20658
59,1576407758.960924,192.168.1.6,192.168.1.4,4198348109,1086706216,382,0,20276
60,1576407758.964464,192.168.1.6,192.168.1.4,67650047,2934058537,343,0,19933
61,1576407758.980453,192.168.1.4,192.168.1.6,2934058537,67650390,99,1,20032
62,1576407758.980836,192.168.1.6,192.168.1.4,67650390,2934058636,382,0,19650
63,1576407758.983514,192.168.1.4,192.168.1.6,4267369496,1893208047,2266,1,21916
64,1576407758.984424,192.168.1.6,192.168.1.4,1893208047,4267371762,74,0,21842
65,1576407758.984518,192.168.1.6,192.168.1.4,1893208121,4267371762,235,0,21607
66,1576407758.988560,192.168.1.4,192.168.1.6,4267371762,1893208356,79,1,21686
67,1576407758.988579,192.168.1.4,192.168.1.6,4267371841,1893208356,79,1,21765
68,1576407759.005694,192.168.1.4,192.168.1.6,86113065,3317341835,857,1,22622
69,1576407759.005886,192.168.1.4,192.168.1.6,3253392174,2179121026,2277,1,24899
70,1576407759.007366,192.168.1.4,192.168.1.6,2934058636,67650772,2266,1,27165
71,1576407759.008169,192.168.1.6,192.168.1.4,67650772,2934060902,74,0,27091
72,1576407759.008278,192.168.1.6,192.168.1.4,67650846,2934060902,235,0,26856
73,1576407759.008560,192.168.1.4,192.168.1.6,2934060902,67651081,79,1,26935
74,1576407759.008837,192.168.1.4,192.168.1.6,2934060981,67651081,79,1,27014
75,1576407759.012350,192.168.1.4,192.168.1.6,1086706216,4198348491,2266,1,29280
76,1576407759.014338,192.168.1.6,192.168.1.4,4198348491,1086708482,74,0,29206
77,1576407759.014488,192.168.1.6,192.168.1.4,4198348565,1086708482,235,0,28971
78,1576407759.014769,192.168.1.4,192.168.1.6,1086708482,4198348565,79,1,29050
79,1576407759.015358,192.168.1.4,192.168.1.6,1086708561,4198348800,79,1,29129
80,1576407759.016916,192.168.1.6,192.168.1.4,3317341835,86113922,418,0,28711
81,1576407759.018083,192.168.1.6,192.168.1.4,2179121026,3253394451,415,0,28296
82,1576407759.052098,192.168.1.4,192.168.1.6,86113922,3317342253,2070,1,30366
83,1576407759.052352,192.168.1.4,192.168.1.6,3253394451,2179121441,1361,1,31727
84,1576407759.053451,192.168.1.4,192.168.1.6,4267371920,1893208356,91,1,31818
85,1576407759.058648,192.168.1.4,192.168.1.6,2934061060,67651081,91,1,31909
86,1576407759.060216,192.168.1.4,192.168.1.6,1086708640,4198348800,91,1,32000
87,1576407759.066900,192.168.1.6,192.168.1.4,1893208356,4267372011,652,0,31348
88,1576407759.067214,192.168.1.6,192.168.1.4,67651081,2934061151,652,0,30696
89,1576407759.067514,192.168.1.6,192.168.1.4,4198348800,1086708731,539,0,30157
90,1576407759.069013,192.168.1.6,192.168.1.4,2179121441,3253395812,413,0,29744
91,1576407759.092315,192.168.1.4,192.168.1.6,86115992,3317342253,576,1,30320
92,1576407759.096914,192.168.1.4,192.168.1.6,4267372011,1893209008,278,1,30598
93,1576407759.096934,192.168.1.4,192.168.1.6,2934061151,67651733,278,1,30876
94,1576407759.097347,192.168.1.4,192.168.1.6,3253395812,2179121854,1049,1,31925
95,1576407759.102004,192.168.1.6,192.168.1.4,1893209008,4267372289,102,0,31823
96,1576407759.103144,192.168.1.6,192.168.1.4,67651733,2934061429,102,0,31721
97,1576407759.108548,192.168.1.4,192.168.1.6,1086708731,4198349339,2070,1,33791
98,1576407759.131812,192.168.1.4,192.168.1.6,2934061429,67651835,325,1,34116
99,1576407759.131831,192.168.1.4,192.168.1.6,4267372289,1893209110,325,1,34441
100,1576407759.152500,192.168.1.4,192.168.1.6,1086710801,4198349339,2143,1,36584
101,1576407759.153701,192.168.1.6,192.168.1.4,4198349339,1086712944,102,0,36482
102,1576407759.181068,192.168.1.4,192.168.1.6,1086712944,4198349441,325,1,36807
103,1576407759.224270,192.168.1.4,192.168.1.6,1086713269,4198349441,325,1,37132
104,1576407759.251640,192.168.1.6,192.168.1.4,2179121854,3253396861,387,0,36745
105,1576407759.253108,192.168.1.6,192.168.1.4,3317342253,86116568,386,0,36359
106,1576407759.280411,192.168.1.4,192.168.1.6,3253396861,2179122241,1385,1,37744
107,1576407759.280503,192.168.1.4,192.168.1.6,86116568,3317342639,589,1,38333
108,1576407759.281304,192.168.1.4,192.168.1.6,3253398246,2179122241,1385,1,39718
109,1576407759.325215,192.168.1.4,192.168.1.6,3253399631,2179122241,2726,1,42444
110,1576407759.382722,192.168.1.6,192.168.1.4,2179122241,3253402357,415,0,42029
111,1576407759.403399,192.168.1.6,192.168.1.4,3317342639,86117157,417,0,41612
112,1576407759.410825,192.168.1.4,192.168.1.6,3253402357,2179122656,841,1,42453
113,1576407759.431142,192.168.1.6,192.168.1.4,2179122656,3253403198,423,0,42030
114,1576407759.432195,192.168.1.4,192.168.1.6,86117157,3317343056,1385,1,43415
115,1576407759.433679,192.168.1.4,192.168.1.6,86118542,3317343056,488,1,43903
