index,time,src_ip,dst_ip,tcp_seq,tcp_ack,tcp_len,direction,cumul_sum
1,1576407786.746609,192.168.1.6,192.168.1.4,1629874451,558749735,343,0,-343
2,1576407786.747330,192.168.1.4,192.168.1.6,558749735,1629874794,99,1,-244
3,1576407786.747625,192.168.1.6,192.168.1.4,1629874794,558749834,382,0,-626
4,1576407786.758456,192.168.1.4,192.168.1.6,558749834,1629875176,2266,1,1640
5,1576407786.759702,192.168.1.6,192.168.1.4,1629875176,558752100,74,0,1566
6,1576407786.759811,192.168.1.6,192.168.1.4,1629875250,558752100,245,0,1321
7,1576407786.760151,192.168.1.4,192.168.1.6,558752100,1629875495,79,1,1400
8,1576407786.760242,192.168.1.4,192.168.1.6,558752179,1629875495,79,1,1479
9,1576407786.822428,192.168.1.4,192.168.1.6,558752258,1629875495,91,1,1570
10,1576407786.822875,192.168.1.6,192.168.1.4,1629875495,558752349,539,0,1031
11,1576407786.918037,192.168.1.4,192.168.1.6,558752349,1629876034,1385,1,2416
12,1576407786.960920,192.168.1.4,192.168.1.6,558753734,1629876034,1385,1,3801
13,1576407786.999955,192.168.1.4,192.168.1.6,558755119,1629876034,342,1,4143
14,1576407787.012867,192.168.1.6,192.168.1.4,1629876034,558755461,86,0,4057
15,1576407787.017620,192.168.1.6,192.168.1.4,1629876120,558755461,108,0,3949
16,1576407787.018072,192.168.1.6,192.168.1.4,1629876228,558755461,321,0,3628
17,1576407787.018242,192.168.1.6,192.168.1.4,1629876549,558755461,54,0,3574
18,1576407787.041727,192.168.1.4,192.168.1.6,558755461,1629876603,586,1,4160
19,1576407787.042187,192.168.1.6,192.168.1.4,1629876603,558756047,53,0,4107
20,1576407787.051120,192.168.1.4,192.168.1.6,558756047,1629876656,53,1,4160
21,1576407787.092454,192.168.1.4,192.168.1.6,558756100,1629876656,1365,1,5525
22,1576407787.095372,192.168.1.6,192.168.1.4,1629876656,558757465,61,0,5464
23,1576407787.275231,192.168.1.6,192.168.1.4,3035159288,2576972615,343,0,5121
24,1576407787.276385,192.168.1.4,192.168.1.6,2576972615,3035159631,99,1,5220
25,1576407787.277757,192.168.1.6,192.168.1.4,3035159631,2576972714,382,0,4838
26,1576407787.282652,192.168.1.6,192.168.1.4,3151391372,4133234802,343,0,4495
27,1576407787.288737,192.168.1.4,192.168.1.6,4133234802,3151391715,99,1,4594
28,1576407787.288985,192.168.1.6,192.168.1.4,3151391715,4133234901,382,0,4212
29,1576407787.292527,192.168.1.4,192.168.1.6,2576972714,3035160013,2266,1,6478
30,1576407787.294259,192.168.1.6,192.168.1.4,3035160013,2576974980,74,0,6404
31,1576407787.294367,192.168.1.6,192.168.1.4,3035160087,2576974980,235,0,6169
32,1576407787.294673,192.168.1.4,192.168.1.6,2576974980,3035160322,79,1,6248
33,1576407787.294757,192.168.1.4,192.168.1.6,2576975059,3035160322,79,1,6327
34,1576407787.305061,192.168.1.4,192.168.1.6,4133234901,3151392097,2266,1,8593
35,1576407787.305923,192.168.1.6,192.168.1.4,3151392097,4133237167,74,0,8519
36,1576407787.306042,192.168.1.6,192.168.1.4,3151392171,4133237167,235,0,8284
37,1576407787.306366,192.168.1.4,192.168.1.6,4133237167,3151392406,79,1,8363
38,1576407787.306427,192.168.1.4,192.168.1.6,4133237246,3151392406,79,1,8442
39,1576407787.365389,192.168.1.4,192.168.1.6,4133237325,3151392406,91,1,8533
40,1576407787.365758,192.168.1.6,192.168.1.4,3151392406,4133237416,539,0,7994
41,1576407787.366005,192.168.1.4,192.168.1.6,2576975138,3035160322,91,1,8085
42,1576407787.366274,192.168.1.6,192.168.1.4,3035160322,2576975229,539,0,7546
43,1576407787.412871,192.168.1.4,192.168.1.6,2576975229,3035160861,1385,1,8931
44,1576407787.461177,192.168.1.4,192.168.1.6,2576976614,3035160861,1385,1,10316
45,1576407787.466643,192.168.1.4,192.168.1.6,2576977999,3035160861,1385,1,11701
46,1576407787.473184,192.168.1.4,192.168.1.6,2576979384,3035160861,29,1,11730
47,1576407787.480655,192.168.1.4,192.168.1.6,2576979413,3035160861,95,1,11825
48,1576407787.481064,192.168.1.6,192.168.1.4,3035160861,2576979508,102,0,11723
49,1576407787.481773,192.168.1.6,192.168.1.4,3035160963,2576979508,534,0,11189
50,1576407787.491099,192.168.1.4,192.168.1.6,4133237416,3151392945,2070,1,13259
51,1576407787.533416,192.168.1.4,192.168.1.6,4133239486,3151392945,2143,1,15402
52,1576407787.536949,192.168.1.6,192.168.1.4,3151392945,4133241629,102,0,15300
53,1576407787.565314,192.168.1.4,192.168.1.6,2576979508,3035161497,628,1,15928
54,1576407787.572688,192.168.1.4,192.168.1.6,4133241629,3151393047,628,1,16556
55,1576407787.609053,192.168.1.4,192.168.1.6,2576980136,3035161497,8482,1,25038
56,1576407787.729515,192.168.1.6,192.168.1.4,3035161497,2576988618,387,0,24651
57,1576407787.730728,192.168.1.6,192.168.1.4,3151393047,4133242257,390,0,24261
58,1576407787.733825,192.168.1.6,192.168.1.4,3786812671,2221071071,343,0,23918
59,1576407787.734329,192.168.1.4,192.168.1.6,2221071071,3786813014,99,1,24017
60,1576407787.734703,192.168.1.6,192.168.1.4,3786813014,2221071170,382,0,23635
61,1576407787.737988,192.168.1.6,192.168.1.4,3989416066,4248188873,343,0,23292
62,1576407787.741226,192.168.1.4,192.168.1.6,4248188873,3989416409,99,1,23391
63,1576407787.741511,192.168.1.6,192.168.1.4,3989416409,4248188972,382,0,23009
64,1576407787.743198,192.168.1.6,192.168.1.4,1273370251,2542352822,343,0,22666
65,1576407787.753006,192.168.1.4,192.168.1.6,2542352822,1273370594,99,1,22765
66,1576407787.753562,192.168.1.6,192.168.1.4,1273370594,2542352921,382,0,22383
67,1576407787.769464,192.168.1.4,192.168.1.6,4133242257,3151393437,988,1,23371
68,1576407787.769520,192.168.1.4,192.168.1.6,2221071170,3786813396,2266,1,25637
69,1576407787.769532,192.168.1.4,192.168.1.6,2576988618,3035161884,5452,1,31089
70,1576407787.770447,192.168.1.6,192.168.1.4,3786813396,2221073436,74,0,31015
71,1576407787.770566,192.168.1.6,192.168.1.4,3786813470,2221073436,235,0,30780
72,1576407787.771221,192.168.1.4,192.168.1.6,2221073436,3786813705,79,1,30859
73,1576407787.771257,192.168.1.4,192.168.1.6,2221073515,3786813705,79,1,30938
74,1576407787.776096,192.168.1.6,192.168.1.4,3151393437,4133243245,418,0,30520
75,1576407787.776482,192.168.1.6,192.168.1.4,3035161884,2576994070,415,0,30105
76,1576407787.784541,192.168.1.4,192.168.1.6,2542352921,1273370976,2266,1,32371
77,1576407787.785485,192.168.1.6,192.168.1.4,1273370976,2542355187,74,0,32297
78,1576407787.785618,192.168.1.6,192.168.1.4,1273371050,2542355187,235,0,32062
79,1576407787.785736,192.168.1.4,192.168.1.6,4248188972,3989416791,2266,1,34328
80,1576407787.786003,192.168.1.4,192.168.1.6,2542355187,1273371285,79,1,34407
81,1576407787.786118,192.168.1.4,192.168.1.6,2542355266,1273371285,79,1,34486
82,1576407787.787328,192.168.1.6,192.168.1.4,3989416791,4248191238,74,0,34412
83,1576407787.787479,192.168.1.6,192.168.1.4,3989416865,4248191238,235,0,34177
84,1576407787.788245,192.168.1.4,192.168.1.6,4248191238,3989417100,79,1,34256
85,1576407787.788506,192.168.1.4,192.168.1.6,4248191317,3989417100,79,1,34335
86,1576407787.816103,192.168.1.4,192.168.1.6,4133243245,3151393855,2070,1,36405
87,1576407787.816122,192.168.1.4,192.168.1.6,2576994070,3035162299,1361,1,37766
88,1576407787.816126,192.168.1.4,192.168.1.6,2221073594,3786813705,91,1,37857
89,1576407787.833981,192.168.1.6,192.168.1.4,3786813705,2221073685,652,0,37205
90,1576407787.835208,192.168.1.6,192.168.1.4,3035162299,2576995431,413,0,36792
91,1576407787.844362,192.168.1.4,192.168.1.6,2542355345,1273371285,91,1,36883
92,1576407787.845069,192.168.1.6,192.168.1.4,1273371285,2542355436,652,0,36231
93,1576407787.846395,192.168.1.4,192.168.1.6,4248191396,3989417100,91,1,36322
94,1576407787.848400,192.168.1.4,192.168.1.6,4133245315,3151393855,576,1,36898
95,1576407787.848797,192.168.1.6,192.168.1.4,3989417100,4248191487,539,0,36359
96,1576407787.867557,192.168.1.4,192.168.1.6,2221073685,3786814357,278,1,36637
97,1576407787.867585,192.168.1.4,192.168.1.6,2576995431,3035162712,1049,1,37686
98,1576407787.870239,192.168.1.6,192.168.1.4,3786814357,2221073963,102,0,37584
99,1576407787.886553,192.168.1.4,192.168.1.6,2542355436,1273371937,278,1,37862
100,1576407787.887718,192.168.1.6,192.168.1.4,1273371937,2542355714,102,0,37760
101,1576407787.895159,192.168.1.4,192.168.1.6,4248191487,3989417639,1385,1,39145
102,1576407787.901579,192.168.1.4,192.168.1.6,2221073963,3786814459,325,1,39470
103,1576407787.914244,192.168.1.4,192.168.1.6,2542355714,1273372039,325,1,39795
104,1576407787.936201,192.168.1.4,192.168.1.6,4248192872,3989417639,2828,1,42623
105,1576407787.938168,192.168.1.6,192.168.1.4,3989417639,4248195700,102,0,42521
106,1576407788.020624,192.168.1.4,192.168.1.6,4248195700,3989417741,628,1,43149
107,1576407788.100561,192.168.1.6,192.168.1.4,3035162712,2576996480,415,0,42734
