index,time,src_ip,dst_ip,tcp_seq,tcp_ack,tcp_len,direction,cumul_sum
1,1576412351.015753,192.168.1.6,192.168.1.4,3398099498,2278558475,343,0,-343
2,1576412351.016463,192.168.1.4,192.168.1.6,2278558475,3398099841,99,1,-244
3,1576412351.016687,192.168.1.6,192.168.1.4,3398099841,2278558574,382,0,-626
4,1576412351.028407,192.168.1.4,192.168.1.6,2278558574,3398100223,2266,1,1640
5,1576412351.029273,192.168.1.6,192.168.1.4,3398100223,2278560840,74,0,1566
6,1576412351.029385,192.168.1.6,192.168.1.4,3398100297,2278560840,245,0,1321
7,1576412351.029994,192.168.1.4,192.168.1.6,2278560840,3398100542,79,1,1400
8,1576412351.030098,192.168.1.4,192.168.1.6,2278560919,3398100542,79,1,1479
9,1576412351.080519,192.168.1.4,192.168.1.6,2278560998,3398100542,91,1,1570
10,1576412351.080984,192.168.1.6,192.168.1.4,3398100542,2278561089,539,0,1031
11,1576412351.193446,192.168.1.4,192.168.1.6,2278561089,3398101081,1385,1,2416
12,1576412351.235871,192.168.1.4,192.168.1.6,2278562474,3398101081,1705,1,4121
13,1576412351.259607,192.168.1.6,192.168.1.4,3398101081,2278564179,86,0,4035
14,1576412351.260229,192.168.1.6,192.168.1.4,3398101167,2278564179,108,0,3927
15,1576412351.260977,192.168.1.6,192.168.1.4,3398101275,2278564179,321,0,3606
16,1576412351.263960,192.168.1.6,192.168.1.4,3398101596,2278564179,54,0,3552
17,1576412351.283656,192.168.1.4,192.168.1.6,2278564179,3398101650,586,1,4138
18,1576412351.283986,192.168.1.6,192.168.1.4,3398101650,2278564765,53,0,4085
19,1576412351.284395,192.168.1.4,192.168.1.6,2278564765,3398101703,53,1,4138
20,1576412351.327923,192.168.1.4,192.168.1.6,2278564818,3398101703,1393,1,5531
21,1576412351.329559,192.168.1.6,192.168.1.4,3398101703,2278566211,61,0,5470
22,1576412351.609158,192.168.1.6,192.168.1.4,4289154112,2015243826,343,0,5127
23,1576412351.609762,192.168.1.4,192.168.1.6,2015243826,4289154455,99,1,5226
24,1576412351.610006,192.168.1.6,192.168.1.4,4289154455,2015243925,382,0,4844
25,1576412351.611436,192.168.1.6,192.168.1.4,2106952501,3462323212,343,0,4501
26,1576412351.615936,192.168.1.4,192.168.1.6,3462323212,2106952844,99,1,4600
27,1576412351.616189,192.168.1.6,192.168.1.4,2106952844,3462323311,382,0,4218
28,1576412351.630721,192.168.1.4,192.168.1.6,2015243925,4289154837,2266,1,6484
29,1576412351.632420,192.168.1.6,192.168.1.4,4289154837,2015246191,74,0,6410
30,1576412351.632520,192.168.1.6,192.168.1.4,4289154911,2015246191,233,0,6177
31,1576412351.632863,192.168.1.4,192.168.1.6,2015246191,4289155144,79,1,6256
32,1576412351.633338,192.168.1.4,192.168.1.6,2015246270,4289155144,79,1,6335
33,1576412351.635546,192.168.1.4,192.168.1.6,3462323311,2106953226,2266,1,8601
34,1576412351.636583,192.168.1.6,192.168.1.4,2106953226,3462325577,74,0,8527
35,1576412351.636733,192.168.1.6,192.168.1.4,2106953300,3462325577,233,0,8294
36,1576412351.637046,192.168.1.4,192.168.1.6,3462325577,2106953533,79,1,8373
37,1576412351.637158,192.168.1.4,192.168.1.6,3462325656,2106953533,79,1,8452
38,1576412351.900699,192.168.1.4,192.168.1.6,2015246349,4289155144,91,1,8543
39,1576412351.901715,192.168.1.4,192.168.1.6,3462325735,2106953533,91,1,8634
40,1576412351.902277,192.168.1.6,192.168.1.4,4289155144,2015246440,539,0,8095
41,1576412351.903330,192.168.1.6,192.168.1.4,2106953533,3462325826,539,0,7556
42,1576412352.208472,192.168.1.4,192.168.1.6,2015246440,4289155683,2070,1,9626
43,1576412352.209128,192.168.1.4,192.168.1.6,3462325826,2106954072,2070,1,11696
44,1576412352.252128,192.168.1.4,192.168.1.6,2015248510,4289155683,1664,1,13360
45,1576412352.252252,192.168.1.4,192.168.1.6,3462327896,2106954072,1664,1,15024
46,1576412352.266836,192.168.1.6,192.168.1.4,4289155683,2015250174,86,0,14938
47,1576412352.270036,192.168.1.6,192.168.1.4,2106954072,3462329560,86,0,14852
48,1576412352.271322,192.168.1.6,192.168.1.4,4289155769,2015250174,520,0,14332
49,1576412353.038045,192.168.1.4,192.168.1.6,2015250174,4289156289,2070,1,16402
50,1576412353.079818,192.168.1.4,192.168.1.6,2015252244,4289156289,7173,1,23575
51,1576412353.176169,192.168.1.6,192.168.1.4,4289156289,2015259417,557,0,23018
52,1576412353.177777,192.168.1.6,192.168.1.4,2106954158,3462329560,577,0,22441
53,1576412353.180838,192.168.1.6,192.168.1.4,1978281753,4247979077,343,0,22098
54,1576412353.181366,192.168.1.4,192.168.1.6,4247979077,1978282096,99,1,22197
55,1576412353.181584,192.168.1.6,192.168.1.4,1978282096,4247979176,382,0,21815
56,1576412353.206315,192.168.1.4,192.168.1.6,4247979176,1978282478,2266,1,24081
57,1576412353.207241,192.168.1.6,192.168.1.4,1978282478,4247981442,74,0,24007
58,1576412353.207337,192.168.1.6,192.168.1.4,1978282552,4247981442,233,0,23774
59,1576412353.207727,192.168.1.4,192.168.1.6,4247981442,1978282785,79,1,23853
60,1576412353.207801,192.168.1.4,192.168.1.6,4247981521,1978282785,79,1,23932
61,1576412353.379338,192.168.1.4,192.168.1.6,3462329560,2106954735,2070,1,26002
62,1576412353.399013,192.168.1.4,192.168.1.6,2015259417,4289156846,1385,1,27387
63,1576412353.404143,192.168.1.4,192.168.1.6,2015260802,4289156846,1385,1,28772
64,1576412353.419841,192.168.1.4,192.168.1.6,2015262187,4289156846,14480,1,43252
65,1576412353.420208,192.168.1.4,192.168.1.6,2015276667,4289156846,224,1,43476
66,1576412353.422958,192.168.1.4,192.168.1.6,3462331630,2106954735,14480,1,57956
67,1576412353.423249,192.168.1.4,192.168.1.6,3462346110,2106954735,46,1,58002
68,1576412353.497949,192.168.1.4,192.168.1.6,4247981600,1978282785,91,1,58093
69,1576412353.498512,192.168.1.6,192.168.1.4,1978282785,4247981691,539,0,57554
70,1576412353.565506,192.168.1.6,192.168.1.4,2765667553,4268903670,343,0,57211
71,1576412353.566070,192.168.1.4,192.168.1.6,4268903670,2765667896,99,1,57310
72,1576412353.566291,192.168.1.6,192.168.1.4,2765667896,4268903769,382,0,56928
73,1576412353.576166,192.168.1.4,192.168.1.6,3462346156,2106954735,1385,1,58313
74,1576412353.577195,192.168.1.4,192.168.1.6,4268903769,2765668278,2266,1,60579
75,1576412353.578203,192.168.1.6,192.168.1.4,2765668278,4268906035,74,0,60505
76,1576412353.578294,192.168.1.6,192.168.1.4,2765668352,4268906035,237,0,60268
77,1576412353.578641,192.168.1.4,192.168.1.6,4268906035,2765668352,79,1,60347
78,1576412353.578752,192.168.1.4,192.168.1.6,4268906114,2765668589,79,1,60426
79,1576412353.594156,192.168.1.4,192.168.1.6,3462347541,2106954735,1385,1,61811
80,1576412353.599672,192.168.1.4,192.168.1.6,3462348926,2106954735,1385,1,63196
81,1576412353.639700,192.168.1.4,192.168.1.6,3462350311,2106954735,1385,1,64581
82,1576412353.664969,192.168.1.4,192.168.1.6,3462351696,2106954735,609,1,65190
83,1576412353.667739,192.168.1.6,192.168.1.4,2106954735,3462352305,553,0,64637
84,1576412353.674992,192.168.1.6,192.168.1.4,854573221,498708771,343,0,64294
85,1576412353.675608,192.168.1.4,192.168.1.6,498708771,854573564,99,1,64393
86,1576412353.675815,192.168.1.6,192.168.1.4,854573564,498708870,382,0,64011
87,1576412353.689773,192.168.1.4,192.168.1.6,4268906193,2765668589,91,1,64102
88,1576412353.690153,192.168.1.4,192.168.1.6,498708870,854573946,2266,1,66368
89,1576412353.690189,192.168.1.6,192.168.1.4,2765668589,4268906284,539,0,65829
90,1576412353.691096,192.168.1.6,192.168.1.4,854573946,498711136,74,0,65755
91,1576412353.691187,192.168.1.6,192.168.1.4,854574020,498711136,233,0,65522
92,1576412353.691526,192.168.1.4,192.168.1.6,498711136,854574253,79,1,65601
93,1576412353.691580,192.168.1.4,192.168.1.6,498711215,854574253,79,1,65680
94,1576412353.709626,192.168.1.4,192.168.1.6,2015276891,4289156846,1385,1,67065
95,1576412353.715368,192.168.1.4,192.168.1.6,2015278276,4289156846,1385,1,68450
96,1576412353.722194,192.168.1.4,192.168.1.6,2015279661,4289156846,1385,1,69835
97,1576412353.726045,192.168.1.4,192.168.1.6,2015281046,4289156846,1385,1,71220
98,1576412353.744832,192.168.1.4,192.168.1.6,2015282431,4289156846,6837,1,78057
99,1576412353.746959,192.168.1.4,192.168.1.6,4247981691,1978283324,2070,1,80127
100,1576412353.747017,192.168.1.4,192.168.1.6,4268906284,2765669128,2070,1,82197
101,1576412353.747201,192.168.1.4,192.168.1.6,2015289268,4289156846,4111,1,86308
102,1576412353.790441,192.168.1.4,192.168.1.6,4268908354,2765669128,1755,1,88063
103,1576412353.790496,192.168.1.4,192.168.1.6,4247983761,1978283324,1664,1,89727
104,1576412353.793700,192.168.1.6,192.168.1.4,1978283324,4247985425,86,0,89641
105,1576412353.794333,192.168.1.6,192.168.1.4,1978283410,4247985425,541,0,89100
106,1576412353.814974,192.168.1.6,192.168.1.4,2765669128,4268910109,86,0,89014
107,1576412353.817494,192.168.1.6,192.168.1.4,2765669214,4268910109,108,0,88906
108,1576412353.817812,192.168.1.6,192.168.1.4,2765669322,4268910109,279,0,88627
109,1576412353.874733,192.168.1.4,192.168.1.6,3462352305,2106955288,2070,1,90697
110,1576412353.920264,192.168.1.4,192.168.1.6,3462354375,2106955288,14480,1,105177
111,1576412353.920843,192.168.1.4,192.168.1.6,3462368855,2106955288,90,1,105267
112,1576412353.923836,192.168.1.4,192.168.1.6,498711294,854574253,91,1,105358
113,1576412353.924200,192.168.1.6,192.168.1.4,854574253,498711385,539,0,104819
114,1576412353.932137,192.168.1.4,192.168.1.6,2015293379,4289156846,4344,1,109163
115,1576412353.932595,192.168.1.4,192.168.1.6,2015297723,4289156846,1130,1,110293
116,1576412354.095826,192.168.1.4,192.168.1.6,2015298853,4289156846,1385,1,111678
117,1576412354.107460,192.168.1.4,192.168.1.6,4268910109,2765669601,2070,1,113748
118,1576412354.107595,192.168.1.4,192.168.1.6,2015300238,4289156846,2070,1,115818
119,1576412354.108477,192.168.1.6,192.168.1.4,2765669601,4268912179,53,0,115765
120,1576412354.109114,192.168.1.4,192.168.1.6,4268912179,2765669654,1404,1,117169
121,1576412354.109686,192.168.1.6,192.168.1.4,2765669654,4268913583,61,0,117108
122,1576412354.150411,192.168.1.4,192.168.1.6,2015302308,4289156846,7515,1,124623
123,1576412354.232909,192.168.1.4,192.168.1.6,3462368945,2106955288,8688,1,133311
124,1576412354.233082,192.168.1.4,192.168.1.6,3462377633,2106955288,2238,1,135549
125,1576412354.239851,192.168.1.4,192.168.1.6,3462379871,2106955288,1385,1,136934
126,1576412354.240853,192.168.1.4,192.168.1.6,3462381256,2106955288,4286,1,141220
127,1576412354.242711,192.168.1.6,192.168.1.4,2106955288,3462385542,472,0,140748
128,1576412354.251572,192.168.1.4,192.168.1.6,4247985425,1978283951,1385,1,142133
129,1576412354.251760,192.168.1.4,192.168.1.6,2015309823,4289156846,1385,1,143518
130,1576412354.258877,192.168.1.4,192.168.1.6,2015311208,4289156846,2748,1,146266
131,1576412354.266704,192.168.1.4,192.168.1.6,2015313956,4289156846,1385,1,147651
132,1576412354.266953,192.168.1.4,192.168.1.6,498711385,854574792,2070,1,149721
133,1576412354.294805,192.168.1.4,192.168.1.6,4247986810,1978283951,8688,1,158409
134,1576412354.294977,192.168.1.4,192.168.1.6,4247995498,1978283951,5792,1,164201
135,1576412354.295094,192.168.1.4,192.168.1.6,4248001290,1978283951,1587,1,165788
136,1576412354.310490,192.168.1.4,192.168.1.6,498713455,854574792,1664,1,167452
137,1576412354.310983,192.168.1.6,192.168.1.4,854574792,498715119,86,0,167366
138,1576412354.678180,192.168.1.4,192.168.1.6,4248002877,1978283951,1385,1,168751
139,1576412354.701692,192.168.1.4,192.168.1.6,4248004262,1978283951,1385,1,170136
140,1576412354.725267,192.168.1.4,192.168.1.6,4248005647,1978283951,1385,1,171521
141,1576412354.729847,192.168.1.4,192.168.1.6,4248007032,1978283951,1385,1,172906
142,1576412354.764366,192.168.1.4,192.168.1.6,4248008417,1978283951,1385,1,174291
143,1576412354.774162,192.168.1.4,192.168.1.6,4248009802,1978283951,1385,1,175676
144,1576412354.778881,192.168.1.4,192.168.1.6,4248011187,1978283951,1385,1,177061
145,1576412354.790982,192.168.1.4,192.168.1.6,4248012572,1978283951,1385,1,178446
146,1576412354.818208,192.168.1.4,192.168.1.6,4248013957,1978283951,1385,1,179831
147,1576412354.844819,192.168.1.4,192.168.1.6,4248015342,1978283951,1385,1,181216
148,1576412354.849259,192.168.1.4,192.168.1.6,4248016727,1978283951,1385,1,182601
149,1576412354.863843,192.168.1.4,192.168.1.6,4248018112,1978283951,1385,1,183986
150,1576412354.873353,192.168.1.4,192.168.1.6,2015315341,4289156846,1385,1,185371
151,1576412354.877232,192.168.1.4,192.168.1.6,2015316726,4289156846,1385,1,186756
152,1576412354.881419,192.168.1.4,192.168.1.6,2015318111,4289156846,1385,1,188141
153,1576412354.885800,192.168.1.4,192.168.1.6,2015319496,4289156846,1385,1,189526
154,1576412354.893315,192.168.1.4,192.168.1.6,2015320881,4289156846,1385,1,190911
155,1576412354.909873,192.168.1.4,192.168.1.6,2015322266,4289156846,1385,1,192296
156,1576412354.921367,192.168.1.4,192.168.1.6,2015323651,4289156846,1385,1,193681
157,1576412354.938152,192.168.1.4,192.168.1.6,2015325036,4289156846,1385,1,195066
158,1576412354.942432,192.168.1.4,192.168.1.6,3462385542,2106955760,1385,1,196451
159,1576412354.947207,192.168.1.4,192.168.1.6,2015326421,4289156846,1385,1,197836
160,1576412354.978039,192.168.1.4,192.168.1.6,2015327806,4289156846,1385,1,199221
161,1576412354.983043,192.168.1.4,192.168.1.6,2015329191,4289156846,1385,1,200606
162,1576412354.985841,192.168.1.4,192.168.1.6,3462386927,2106955760,1385,1,201991
163,1576412354.987751,192.168.1.4,192.168.1.6,3462388312,2106955760,1385,1,203376
164,1576412355.015827,192.168.1.4,192.168.1.6,3462389697,2106955760,5634,1,209010
165,1576412355.016315,192.168.1.4,192.168.1.6,2015330576,4289156846,6837,1,215847
166,1576412355.016811,192.168.1.4,192.168.1.6,3462395331,2106955760,2896,1,218743
167,1576412355.017034,192.168.1.4,192.168.1.6,3462398227,2106955760,1215,1,219958
168,1576412355.017054,192.168.1.4,192.168.1.6,2015337413,4289156846,1385,1,221343
169,1576412355.037901,192.168.1.4,192.168.1.6,3462399442,2106955760,2616,1,223959
170,1576412355.037973,192.168.1.4,192.168.1.6,4248019497,1978283951,1385,1,225344
171,1576412355.038008,192.168.1.4,192.168.1.6,2015338798,4289156846,2070,1,227414
172,1576412355.038101,192.168.1.4,192.168.1.6,4248020882,1978283951,4118,1,231532
173,1576412355.049744,192.168.1.6,192.168.1.4,2106955760,3462402058,589,0,230943
174,1576412355.078100,192.168.1.4,192.168.1.6,2015340868,4289156846,11604,1,242547
175,1576412355.081982,192.168.1.4,192.168.1.6,4248025000,1978283951,10919,1,253466
176,1576412355.121964,192.168.1.4,192.168.1.6,2015352472,4289156846,16378,1,269844
177,1576412355.170977,192.168.1.4,192.168.1.6,2015368850,4289156846,5474,1,275318
178,1576412355.209323,192.168.1.4,192.168.1.6,2015374324,4289156846,8200,1,283518
179,1576412355.274543,192.168.1.4,192.168.1.6,2015382524,4289156846,1385,1,284903
180,1576412355.284354,192.168.1.4,192.168.1.6,2015383909,4289156846,1385,1,286288
181,1576412355.285285,192.168.1.4,192.168.1.6,4248035919,1978283951,2748,1,289036
182,1576412355.357943,192.168.1.4,192.168.1.6,4248038667,1978283951,4111,1,293147
183,1576412355.358239,192.168.1.4,192.168.1.6,2015385294,4289156846,2070,1,295217
184,1576412355.358486,192.168.1.4,192.168.1.6,4248042778,1978283951,2748,1,297965
185,1576412355.366412,192.168.1.4,192.168.1.6,4248045526,1978283951,12289,1,310254
186,1576412355.367461,192.168.1.4,192.168.1.6,4248057815,1978283951,5474,1,315728
187,1576412355.401677,192.168.1.4,192.168.1.6,2015387364,4289156846,10241,1,325969
188,1576412355.415416,192.168.1.4,192.168.1.6,3462402058,2106956349,2070,1,328039
189,1576412355.415521,192.168.1.4,192.168.1.6,4248063289,1978283951,1385,1,329424
190,1576412355.457933,192.168.1.4,192.168.1.6,3462404128,2106956349,8688,1,338112
191,1576412355.458004,192.168.1.4,192.168.1.6,3462412816,2106956349,3134,1,341246
192,1576412355.491136,192.168.1.4,192.168.1.6,3462415950,2106956349,2748,1,343994
193,1576412355.491224,192.168.1.4,192.168.1.6,2015397605,4289156846,4782,1,348776
194,1576412355.538169,192.168.1.4,192.168.1.6,4248064674,1978283951,1385,1,350161
195,1576412355.553784,192.168.1.6,192.168.1.4,4289156846,2015402387,560,0,349601
196,1576412355.580559,192.168.1.4,192.168.1.6,4248066059,1978283951,13032,1,362633
197,1576412355.580753,192.168.1.4,192.168.1.6,4248079091,1978283951,3374,1,366007
198,1576412355.580934,192.168.1.4,192.168.1.6,4248082465,1978283951,8688,1,374695
199,1576412355.581550,192.168.1.4,192.168.1.6,4248091153,1978283951,9047,1,383742
200,1576412355.586928,192.168.1.4,192.168.1.6,3462418698,2106956349,2748,1,386490
201,1576412355.599850,192.168.1.4,192.168.1.6,3462421446,2106956349,2748,1,389238
202,1576412355.611424,192.168.1.6,192.168.1.4,1642763208,3361816335,343,0,388895
203,1576412355.612051,192.168.1.4,192.168.1.6,3361816335,1642763551,99,1,388994
204,1576412355.612401,192.168.1.6,192.168.1.4,1642763551,3361816434,382,0,388612
205,1576412355.614796,192.168.1.6,192.168.1.4,578640857,2689830430,343,0,388269
206,1576412355.615896,192.168.1.6,192.168.1.4,854574878,498715119,543,0,387726
207,1576412355.618117,192.168.1.6,192.168.1.4,823100460,2562457164,343,0,387383
208,1576412355.618233,192.168.1.4,192.168.1.6,2689830430,578641200,99,1,387482
209,1576412355.618797,192.168.1.6,192.168.1.4,578641200,2689830529,382,0,387100
210,1576412355.619816,192.168.1.6,192.168.1.4,3158269672,3487464570,343,0,386757
211,1576412355.626300,192.168.1.4,192.168.1.6,2562457164,823100803,99,1,386856
212,1576412355.626647,192.168.1.6,192.168.1.4,823100803,2562457263,382,0,386474
213,1576412355.626798,192.168.1.4,192.168.1.6,3487464570,3158270015,99,1,386573
214,1576412355.626970,192.168.1.6,192.168.1.4,3158270015,3487464669,382,0,386191
215,1576412355.653833,192.168.1.4,192.168.1.6,3462424194,2106956349,1385,1,387576
216,1576412355.654495,192.168.1.4,192.168.1.6,3361816434,1642763933,2266,1,389842
217,1576412355.655353,192.168.1.6,192.168.1.4,1642763933,3361818700,74,0,389768
218,1576412355.655466,192.168.1.6,192.168.1.4,1642764007,3361818700,233,0,389535
219,1576412355.655799,192.168.1.4,192.168.1.6,3361818700,1642764240,79,1,389614
220,1576412355.655890,192.168.1.4,192.168.1.6,3361818779,1642764240,79,1,389693
221,1576412355.660228,192.168.1.4,192.168.1.6,2689830529,578641582,2266,1,391959
222,1576412355.661576,192.168.1.6,192.168.1.4,578641582,2689832795,74,0,391885
223,1576412355.661746,192.168.1.6,192.168.1.4,578641656,2689832795,233,0,391652
224,1576412355.663678,192.168.1.4,192.168.1.6,2689832795,578641889,79,1,391731
225,1576412355.663994,192.168.1.4,192.168.1.6,2689832874,578641889,79,1,391810
226,1576412355.667633,192.168.1.4,192.168.1.6,2562457263,823101185,2266,1,394076
227,1576412355.669339,192.168.1.6,192.168.1.4,823101185,2562459529,74,0,394002
228,1576412355.669437,192.168.1.4,192.168.1.6,3487464669,3158270397,2266,1,396268
229,1576412355.669672,192.168.1.6,192.168.1.4,823101259,2562459529,255,0,396013
230,1576412355.670369,192.168.1.4,192.168.1.6,2562459529,823101514,79,1,396092
231,1576412355.670595,192.168.1.4,192.168.1.6,2562459608,823101514,79,1,396171
232,1576412355.673780,192.168.1.6,192.168.1.4,3158270397,3487466935,74,0,396097
233,1576412355.673870,192.168.1.6,192.168.1.4,3158270471,3487466935,255,0,395842
234,1576412355.674465,192.168.1.4,192.168.1.6,3487466935,3158270726,79,1,395921
235,1576412355.674569,192.168.1.4,192.168.1.6,3487467014,3158270726,79,1,396000
236,1576412355.708466,192.168.1.4,192.168.1.6,3462425579,2106956349,2070,1,398070
237,1576412355.708767,192.168.1.4,192.168.1.6,3462427649,2106956349,2070,1,400140
238,1576412355.708804,192.168.1.4,192.168.1.6,3462429719,2106956349,1378,1,401518
239,1576412355.798826,192.168.1.4,192.168.1.6,4248100200,1978283951,2070,1,403588
240,1576412355.799723,192.168.1.4,192.168.1.6,2015402387,4289157406,2070,1,405658
241,1576412355.800177,192.168.1.4,192.168.1.6,4248102270,1978283951,700,1,406358
242,1576412355.800402,192.168.1.4,192.168.1.6,3462431097,2106956349,2070,1,408428
243,1576412355.800423,192.168.1.4,192.168.1.6,3462433167,2106956349,562,1,408990
244,1576412355.805597,192.168.1.6,192.168.1.4,2106956349,3462433729,544,0,408446
245,1576412355.841386,192.168.1.4,192.168.1.6,2015404457,4289157406,7515,1,415961
246,1576412355.951363,192.168.1.4,192.168.1.6,2015411972,4289157406,2070,1,418031
247,1576412355.951608,192.168.1.4,192.168.1.6,2015414042,4289157406,2070,1,420101
248,1576412355.966589,192.168.1.4,192.168.1.6,4248102970,1978283951,2070,1,422171
249,1576412355.966639,192.168.1.4,192.168.1.6,4248105040,1978283951,2070,1,424241
250,1576412355.972016,192.168.1.4,192.168.1.6,3487467093,3158270726,91,1,424332
251,1576412355.972375,192.168.1.6,192.168.1.4,3158270726,3487467184,539,0,423793
252,1576412355.993293,192.168.1.4,192.168.1.6,2015416112,4289157406,15965,1,439758
253,1576412355.994763,192.168.1.6,192.168.1.4,4289157406,2015432077,576,0,439182
254,1576412355.995713,192.168.1.4,192.168.1.6,4248107110,1978283951,14480,1,453662
255,1576412355.996023,192.168.1.4,192.168.1.6,4248121590,1978283951,21039,1,474701
256,1576412355.998002,192.168.1.4,192.168.1.6,498715119,854575421,1385,1,476086
257,1576412355.998216,192.168.1.4,192.168.1.6,4248142629,1978283951,1385,1,477471
258,1576412356.036592,192.168.1.4,192.168.1.6,3361818858,1642764240,91,1,477562
259,1576412356.036613,192.168.1.4,192.168.1.6,2689832953,578641889,91,1,477653
260,1576412356.037441,192.168.1.4,192.168.1.6,2562459687,823101514,91,1,477744
261,1576412356.037615,192.168.1.6,192.168.1.4,1642764240,3361818949,539,0,477205
262,1576412356.038828,192.168.1.4,192.168.1.6,4248144014,1978283951,2070,1,479275
263,1576412356.039249,192.168.1.4,192.168.1.6,4248146084,1978283951,2063,1,481338
264,1576412356.039857,192.168.1.6,192.168.1.4,578641889,2689833044,539,0,480799
265,1576412356.040142,192.168.1.6,192.168.1.4,823101514,2562459778,539,0,480260
266,1576412356.040605,192.168.1.4,192.168.1.6,3462433729,2106956893,2070,1,482330
267,1576412356.041097,192.168.1.4,192.168.1.6,4248148147,1978283951,1385,1,483715
268,1576412356.041298,192.168.1.4,192.168.1.6,498716504,854575421,13032,1,496747
269,1576412356.041318,192.168.1.4,192.168.1.6,498729536,854575421,2179,1,498926
270,1576412356.081477,192.168.1.4,192.168.1.6,3462435799,2106956893,700,1,499626
271,1576412356.082384,192.168.1.4,192.168.1.6,3462436499,2106956893,2070,1,501696
272,1576412356.082630,192.168.1.4,192.168.1.6,3462438569,2106956893,2070,1,503766
273,1576412356.082649,192.168.1.4,192.168.1.6,3462440639,2106956893,2070,1,505836
274,1576412356.082783,192.168.1.4,192.168.1.6,3462442709,2106956893,693,1,506529
275,1576412356.083325,192.168.1.4,192.168.1.6,3462443402,2106956893,1385,1,507914
276,1576412356.093902,192.168.1.4,192.168.1.6,3462444787,2106956893,2070,1,509984
277,1576412356.094091,192.168.1.4,192.168.1.6,3462446857,2106956893,933,1,510917
278,1576412356.094278,192.168.1.4,192.168.1.6,2562459778,823102053,1385,1,512302
279,1576412356.094434,192.168.1.4,192.168.1.6,3487467184,3158271265,2070,1,514372
280,1576412356.107342,192.168.1.6,192.168.1.4,2106956893,3462447790,675,0,513697
281,1576412356.137287,192.168.1.4,192.168.1.6,2562461163,823102053,1935,1,515632
282,1576412356.137335,192.168.1.4,192.168.1.6,3487469254,3158271265,1250,1,516882
283,1576412356.139813,192.168.1.6,192.168.1.4,823102053,2562463098,86,0,516796
284,1576412356.141642,192.168.1.6,192.168.1.4,3158271265,3487470504,86,0,516710
285,1576412356.143734,192.168.1.6,192.168.1.4,823102139,2562463098,108,0,516602
286,1576412356.144486,192.168.1.6,192.168.1.4,3158271351,3487470504,108,0,516494
287,1576412356.147478,192.168.1.6,192.168.1.4,823102247,2562463098,277,0,516217
288,1576412356.147616,192.168.1.6,192.168.1.4,3158271459,3487470504,269,0,515948
289,1576412356.203763,192.168.1.4,192.168.1.6,4248149532,1978283951,2070,1,518018
290,1576412356.204072,192.168.1.4,192.168.1.6,4248151602,1978283951,2070,1,520088
291,1576412356.245262,192.168.1.4,192.168.1.6,4248153672,1978283951,13645,1,533733
292,1576412356.374934,192.168.1.4,192.168.1.6,4248167317,1978283951,1385,1,535118
293,1576412356.376033,192.168.1.4,192.168.1.6,4248168702,1978283951,2070,1,537188
294,1576412356.376180,192.168.1.4,192.168.1.6,4248170772,1978283951,700,1,537888
295,1576412356.389421,192.168.1.4,192.168.1.6,4248171472,1978283951,2070,1,539958
296,1576412356.389476,192.168.1.4,192.168.1.6,4248173542,1978283951,2070,1,542028
297,1576412356.395549,192.168.1.4,192.168.1.6,2562463098,823102524,586,1,542614
298,1576412356.396123,192.168.1.6,192.168.1.4,823102524,2562463684,53,0,542561
299,1576412356.400145,192.168.1.4,192.168.1.6,2562463684,823102577,53,1,542614
300,1576412356.400341,192.168.1.4,192.168.1.6,3487470504,3158271728,2070,1,544684
301,1576412356.407308,192.168.1.6,192.168.1.4,3158271728,3487472574,53,0,544631
302,1576412356.407854,192.168.1.4,192.168.1.6,3487472574,3158271781,8466,1,553097
303,1576412356.415264,192.168.1.4,192.168.1.6,2015432077,4289157982,2070,1,555167
304,1576412356.433113,192.168.1.4,192.168.1.6,4248175612,1978283951,16406,1,571573
305,1576412356.433159,192.168.1.4,192.168.1.6,4248192018,1978283951,5204,1,576777
306,1576412356.441201,192.168.1.4,192.168.1.6,2562463737,823102577,10003,1,586780
307,1576412356.449196,192.168.1.4,192.168.1.6,3487481040,3158271781,5474,1,592254
308,1576412356.457186,192.168.1.4,192.168.1.6,2015434147,4289157982,7515,1,599769
309,1576412356.468970,192.168.1.4,192.168.1.6,2015441662,4289157982,2070,1,601839
310,1576412356.469112,192.168.1.4,192.168.1.6,2015443732,4289157982,2070,1,603909
311,1576412356.514450,192.168.1.4,192.168.1.6,2015445802,4289157982,16406,1,620315
312,1576412356.514722,192.168.1.4,192.168.1.6,2015462208,4289157982,5792,1,626107
313,1576412356.514883,192.168.1.4,192.168.1.6,2015468000,4289157982,2697,1,628804
314,1576412356.591857,192.168.1.4,192.168.1.6,2015470697,4289157982,1385,1,630189
315,1576412356.615821,192.168.1.4,192.168.1.6,2015472082,4289157982,72,1,630261
316,1576412356.622071,192.168.1.4,192.168.1.6,2015472154,4289157982,1385,1,631646
317,1576412356.648699,192.168.1.4,192.168.1.6,2015473539,4289157982,172,1,631818
318,1576412356.660647,192.168.1.4,192.168.1.6,2015473711,4289157982,1385,1,633203
319,1576412356.672358,192.168.1.4,192.168.1.6,2015475096,4289157982,4344,1,637547
320,1576412356.673005,192.168.1.4,192.168.1.6,2015479440,4289157982,8003,1,645550
321,1576412356.673439,192.168.1.4,192.168.1.6,2015487443,4289157982,5474,1,651024
322,1576412356.701007,192.168.1.4,192.168.1.6,2015492917,4289157982,4344,1,655368
323,1576412356.701161,192.168.1.4,192.168.1.6,2015497261,4289157982,12062,1,667430
324,1576412356.701186,192.168.1.4,192.168.1.6,2015509323,4289157982,4344,1,671774
325,1576412356.701291,192.168.1.4,192.168.1.6,2015513667,4289157982,2807,1,674581
326,1576412356.707905,192.168.1.4,192.168.1.6,2562473740,823102577,4111,1,678692
327,1576412356.708137,192.168.1.4,192.168.1.6,2015516474,4289157982,2970,1,681662
328,1576412356.708160,192.168.1.4,192.168.1.6,3487486514,3158271781,1486,1,683148
329,1576412356.731273,192.168.1.4,192.168.1.6,4248197222,1978283951,4118,1,687266
330,1576412356.731603,192.168.1.4,192.168.1.6,498731715,854575421,999,1,688265
331,1576412356.731628,192.168.1.4,192.168.1.6,3462447790,2106957568,2070,1,690335
332,1576412356.732371,192.168.1.4,192.168.1.6,2689833044,578642428,2070,1,692405
333,1576412356.732426,192.168.1.6,192.168.1.4,854575421,498732714,563,0,691842
334,1576412356.732476,192.168.1.4,192.168.1.6,3361818949,1642764779,2070,1,693912
335,1576412356.732567,192.168.1.4,192.168.1.6,2562477851,823102577,1385,1,695297
336,1576412356.732978,192.168.1.4,192.168.1.6,2562479236,823102577,1402,1,696699
337,1576412356.761163,192.168.1.4,192.168.1.6,4248201340,1978283951,6830,1,703529
338,1576412356.772992,192.168.1.4,192.168.1.6,3361821019,1642764779,1664,1,705193
339,1576412356.773042,192.168.1.4,192.168.1.6,2689835114,578642428,1664,1,706857
340,1576412356.773084,192.168.1.4,192.168.1.6,3462449860,2106957568,4344,1,711201
341,1576412356.773188,192.168.1.4,192.168.1.6,3462454204,2106957568,4658,1,715859
342,1576412356.773839,192.168.1.6,192.168.1.4,1642764779,3361822683,86,0,715773
343,1576412356.774444,192.168.1.6,192.168.1.4,578642428,2689836778,86,0,715687
344,1576412356.783583,192.168.1.4,192.168.1.6,3462458862,2106957568,2070,1,717757
345,1576412356.783763,192.168.1.4,192.168.1.6,3462460932,2106957568,700,1,718457
346,1576412356.786840,192.168.1.4,192.168.1.6,3462461632,2106957568,116,1,718573
347,1576412356.789606,192.168.1.6,192.168.1.4,1642764865,3361822683,545,0,718028
348,1576412356.865617,192.168.1.4,192.168.1.6,3462461748,2106957568,1385,1,719413
349,1576412356.886063,192.168.1.4,192.168.1.6,3462463133,2106957568,1385,1,720798
350,1576412356.895468,192.168.1.4,192.168.1.6,4248208170,1978283951,2070,1,722868
351,1576412356.895536,192.168.1.4,192.168.1.6,4248210240,1978283951,2070,1,724938
352,1576412356.896045,192.168.1.4,192.168.1.6,3462464518,2106957568,2070,1,727008
353,1576412356.896062,192.168.1.4,192.168.1.6,3462466588,2106957568,2070,1,729078
354,1576412356.896656,192.168.1.4,192.168.1.6,3462468658,2106957568,1378,1,730456
355,1576412356.916653,192.168.1.4,192.168.1.6,3487488000,3158271781,1733,1,732189
356,1576412356.916969,192.168.1.4,192.168.1.6,2562480638,823102577,2070,1,734259
357,1576412356.917271,192.168.1.4,192.168.1.6,2562482708,823102577,2070,1,736329
358,1576412356.917524,192.168.1.4,192.168.1.6,2562484778,823102577,2070,1,738399
359,1576412356.918178,192.168.1.4,192.168.1.6,2562486848,823102577,2070,1,740469
360,1576412356.918926,192.168.1.4,192.168.1.6,2562488918,823102577,1354,1,741823
361,1576412356.920888,192.168.1.6,192.168.1.4,3158271781,3487489733,61,0,741762
362,1576412356.937432,192.168.1.4,192.168.1.6,4248212310,1978283951,14480,1,756242
363,1576412356.937984,192.168.1.4,192.168.1.6,4248226790,1978283951,1891,1,758133
364,1576412356.987114,192.168.1.4,192.168.1.6,4248228681,1978283951,1385,1,759518
365,1576412357.022011,192.168.1.4,192.168.1.6,4248230066,1978283951,12289,1,771807
366,1576412357.023031,192.168.1.4,192.168.1.6,4248242355,1978283951,5474,1,777281
367,1576412357.087643,192.168.1.4,192.168.1.6,4248247829,1978283951,6837,1,784118
368,1576412357.088298,192.168.1.4,192.168.1.6,4248254666,1978283951,1385,1,785503
369,1576412357.095391,192.168.1.4,192.168.1.6,4248256051,1978283951,5474,1,790977
370,1576412357.096515,192.168.1.4,192.168.1.6,4248261525,1978283951,2748,1,793725
371,1576412357.106026,192.168.1.4,192.168.1.6,2015519444,4289157982,4118,1,797843
372,1576412357.106314,192.168.1.4,192.168.1.6,4248264273,1978283951,1385,1,799228
373,1576412357.149205,192.168.1.4,192.168.1.6,2015523562,4289157982,2741,1,801969
374,1576412357.186712,192.168.1.4,192.168.1.6,2015526303,4289157982,4344,1,806313
375,1576412357.187055,192.168.1.4,192.168.1.6,2015530647,4289157982,4344,1,810657
376,1576412357.187225,192.168.1.4,192.168.1.6,2015534991,4289157982,5792,1,816449
377,1576412357.187456,192.168.1.4,192.168.1.6,2015540783,4289157982,1926,1,818375
378,1576412357.188194,192.168.1.4,192.168.1.6,2015542709,4289157982,15928,1,834303
379,1576412357.188479,192.168.1.4,192.168.1.6,2015558637,4289157982,478,1,834781
380,1576412357.188492,192.168.1.4,192.168.1.6,2015559115,4289157982,4910,1,839691
381,1576412357.189232,192.168.1.4,192.168.1.6,2015564025,4289157982,7345,1,847036
382,1576412357.194929,192.168.1.4,192.168.1.6,2562490272,823102577,1283,1,848319
383,1576412357.195644,192.168.1.4,192.168.1.6,2015571370,4289157982,16378,1,864697
384,1576412357.230766,192.168.1.6,192.168.1.4,823102577,2562491555,61,0,864636
385,1576412357.311982,192.168.1.4,192.168.1.6,2015587748,4289157982,4111,1,868747
386,1576412357.344157,192.168.1.4,192.168.1.6,2015591859,4289157982,12289,1,881036
387,1576412357.345131,192.168.1.4,192.168.1.6,2015604148,4289157982,5474,1,886510
388,1576412357.675749,192.168.1.4,192.168.1.6,2015609622,4289157982,4118,1,890628
389,1576412357.676777,192.168.1.4,192.168.1.6,4248265658,1978283951,4111,1,894739
390,1576412357.700584,192.168.1.4,192.168.1.6,3462470036,2106957568,6837,1,901576
391,1576412357.700629,192.168.1.4,192.168.1.6,4248269769,1978283951,5474,1,907050
392,1576412357.700644,192.168.1.4,192.168.1.6,3462476873,2106957568,4111,1,911161
393,1576412357.717219,192.168.1.4,192.168.1.6,3462480984,2106957568,1385,1,912546
394,1576412357.717327,192.168.1.4,192.168.1.6,2015613740,4289157982,9556,1,922102
395,1576412357.724473,192.168.1.4,192.168.1.6,3462482369,2106957568,1385,1,923487
396,1576412357.775723,192.168.1.4,192.168.1.6,3462483754,2106957568,1385,1,924872
397,1576412357.782365,192.168.1.4,192.168.1.6,3462485139,2106957568,1385,1,926257
398,1576412357.798268,192.168.1.4,192.168.1.6,3462486524,2106957568,1385,1,927642
399,1576412357.800983,192.168.1.4,192.168.1.6,3462487909,2106957568,1385,1,929027
400,1576412357.808249,192.168.1.4,192.168.1.6,3462489294,2106957568,1385,1,930412
401,1576412357.810428,192.168.1.4,192.168.1.6,3462490679,2106957568,1385,1,931797
402,1576412357.839907,192.168.1.4,192.168.1.6,498732714,854575984,1447,1,933244
403,1576412357.839966,192.168.1.4,192.168.1.6,4248275243,1978283951,6837,1,940081
404,1576412357.840543,192.168.1.4,192.168.1.6,3462492064,2106957568,9563,1,949644
405,1576412357.933630,192.168.1.4,192.168.1.6,3462501627,2106957568,1385,1,951029
406,1576412357.955867,192.168.1.4,192.168.1.6,3462503012,2106957568,1385,1,952414
407,1576412358.004267,192.168.1.4,192.168.1.6,3361822683,1642765410,2070,1,954484
408,1576412358.017224,192.168.1.4,192.168.1.6,4248282080,1978283951,5474,1,959958
409,1576412358.017598,192.168.1.4,192.168.1.6,3462504397,2106957568,1297,1,961255
410,1576412358.020250,192.168.1.4,192.168.1.6,4248287554,1978283951,372,1,961627
411,1576412358.029098,192.168.1.4,192.168.1.6,4248287926,1978283951,5474,1,967101
412,1576412358.030058,192.168.1.4,192.168.1.6,4248293400,1978283951,1448,1,968549
413,1576412358.030945,192.168.1.4,192.168.1.6,4248294848,1978283951,1300,1,969849
414,1576412358.041795,192.168.1.6,192.168.1.4,2106957568,3462505694,638,0,969211
415,1576412358.042878,192.168.1.4,192.168.1.6,4248296148,1978283951,4158,1,973369
416,1576412358.044852,192.168.1.4,192.168.1.6,3361824753,1642765410,8680,1,982049
417,1576412358.049840,192.168.1.4,192.168.1.6,4248300306,1978283951,14480,1,996529
418,1576412358.050472,192.168.1.4,192.168.1.6,4248314786,1978283951,3283,1,999812
419,1576412358.050912,192.168.1.4,192.168.1.6,4248318069,1978283951,2748,1,1002560
420,1576412358.060327,192.168.1.6,192.168.1.4,1642765410,3361833433,655,0,1001905
421,1576412358.097048,192.168.1.4,192.168.1.6,4248320817,1978283951,2748,1,1004653
422,1576412358.120490,192.168.1.4,192.168.1.6,4248323565,1978283951,8200,1,1012853
423,1576412358.145767,192.168.1.4,192.168.1.6,2015623296,4289157982,1385,1,1014238
424,1576412358.145840,192.168.1.4,192.168.1.6,4248331765,1978283951,7240,1,1021478
425,1576412358.146005,192.168.1.4,192.168.1.6,4248339005,1978283951,9166,1,1030644
426,1576412358.146044,192.168.1.4,192.168.1.6,4248348171,1978283951,6809,1,1037453
427,1576412358.146766,192.168.1.4,192.168.1.6,2015624681,4289157982,2748,1,1040201
428,1576412358.180995,192.168.1.4,192.168.1.6,2015627429,4289157982,7414,1,1047615
429,1576412358.183835,192.168.1.6,192.168.1.4,4289157982,2015634843,658,0,1046957
430,1576412358.184225,192.168.1.6,192.168.1.4,854575984,498734161,658,0,1046299
431,1576412358.184590,192.168.1.6,192.168.1.4,578642514,2689836778,655,0,1045644
432,1576412358.188309,192.168.1.4,192.168.1.6,4248354980,1978283951,16406,1,1062050
433,1576412358.188381,192.168.1.4,192.168.1.6,4248371386,1978283951,8172,1,1070222
434,1576412358.232155,192.168.1.4,192.168.1.6,4248379558,1978283951,12289,1,1082511
435,1576412358.232676,192.168.1.4,192.168.1.6,4248391847,1978283951,4111,1,1086622
436,1576412358.264938,192.168.1.4,192.168.1.6,4248395958,1978283951,5474,1,1092096
437,1576412358.311022,192.168.1.4,192.168.1.6,4248401432,1978283951,1385,1,1093481
438,1576412358.356892,192.168.1.4,192.168.1.6,4248402817,1978283951,10926,1,1104407
439,1576412358.408579,192.168.1.4,192.168.1.6,4248413743,1978283951,5474,1,1109881
440,1576412358.409445,192.168.1.4,192.168.1.6,4248419217,1978283951,5474,1,1115355
441,1576412358.410911,192.168.1.4,192.168.1.6,4248424691,1978283951,722,1,1116077
442,1576412358.413189,192.168.1.4,192.168.1.6,3462505694,2106958206,2070,1,1118147
443,1576412358.429577,192.168.1.6,192.168.1.4,1978283951,4248425413,660,0,1117487
444,1576412358.432959,192.168.1.6,192.168.1.4,3158271842,3487489733,318,0,1117169
445,1576412358.456867,192.168.1.4,192.168.1.6,3462507764,2106958206,14480,1,1131649
446,1576412358.457295,192.168.1.4,192.168.1.6,3462522244,2106958206,46,1,1131695
447,1576412358.548319,192.168.1.4,192.168.1.6,3462522290,2106958206,2806,1,1134501
448,1576412358.560582,192.168.1.4,192.168.1.6,3361833433,1642766065,2070,1,1136571
449,1576412358.560678,192.168.1.4,192.168.1.6,3462525096,2106958206,2748,1,1139319
450,1576412358.603931,192.168.1.4,192.168.1.6,3361835503,1642766065,7515,1,1146834
451,1576412358.639306,192.168.1.4,192.168.1.6,3361843018,1642766065,1385,1,1148219
452,1576412358.641980,192.168.1.4,192.168.1.6,3361844403,1642766065,1385,1,1149604
453,1576412358.700739,192.168.1.4,192.168.1.6,3361845788,1642766065,206,1,1149810
454,1576412358.718748,192.168.1.4,192.168.1.6,3361845994,1642766065,1385,1,1151195
455,1576412358.720806,192.168.1.4,192.168.1.6,3361847379,1642766065,1419,1,1152614
456,1576412358.814404,192.168.1.4,192.168.1.6,3462527844,2106958206,1385,1,1153999
457,1576412358.814447,192.168.1.4,192.168.1.6,3361848798,1642766065,1385,1,1155384
458,1576412358.833951,192.168.1.4,192.168.1.6,498734161,854576642,7007,1,1162391
459,1576412358.833994,192.168.1.4,192.168.1.6,2689836778,578643169,2070,1,1164461
460,1576412358.834182,192.168.1.4,192.168.1.6,2015634843,4289158640,2070,1,1166531
461,1576412358.836066,192.168.1.6,192.168.1.4,854576642,498741168,733,0,1165798
462,1576412358.876726,192.168.1.4,192.168.1.6,2689838848,578643169,1948,1,1167746
463,1576412358.876821,192.168.1.4,192.168.1.6,2015636913,4289158640,5103,1,1172849
464,1576412358.886930,192.168.1.6,192.168.1.4,4289158640,2015642016,654,0,1172195
465,1576412358.901998,192.168.1.4,192.168.1.6,3487489733,3158272160,865,1,1173060
466,1576412358.902043,192.168.1.4,192.168.1.6,3462529229,2106958206,5474,1,1178534
467,1576412358.905105,192.168.1.6,192.168.1.4,3158272160,3487490598,61,0,1178473
468,1576412358.917690,192.168.1.4,192.168.1.6,3462534703,2106958206,6550,1,1185023
469,1576412358.918092,192.168.1.4,192.168.1.6,3361850183,1642766065,2998,1,1188021
470,1576412358.918454,192.168.1.4,192.168.1.6,4248425413,1978284611,2070,1,1190091
471,1576412358.940358,192.168.1.6,192.168.1.4,2593852325,550723878,343,0,1189748
472,1576412358.941171,192.168.1.4,192.168.1.6,550723878,2593852668,99,1,1189847
473,1576412358.941488,192.168.1.6,192.168.1.4,2593852668,550723977,382,0,1189465
474,1576412358.958926,192.168.1.4,192.168.1.6,550723977,2593853050,2266,1,1191731
475,1576412358.959673,192.168.1.4,192.168.1.6,4248427483,1978284611,4261,1,1195992
476,1576412358.960057,192.168.1.6,192.168.1.4,2593853050,550726243,74,0,1195918
477,1576412358.960146,192.168.1.6,192.168.1.4,2593853124,550726243,253,0,1195665
478,1576412358.960567,192.168.1.4,192.168.1.6,550726243,2593853377,79,1,1195744
479,1576412358.961170,192.168.1.4,192.168.1.6,550726322,2593853377,79,1,1195823
480,1576412359.018757,192.168.1.4,192.168.1.6,498741168,854577375,2070,1,1197893
481,1576412359.053470,192.168.1.4,192.168.1.6,550726401,2593853377,91,1,1197984
482,1576412359.054461,192.168.1.6,192.168.1.4,2593853377,550726492,539,0,1197445
483,1576412359.060413,192.168.1.4,192.168.1.6,498743238,854577375,5792,1,1203237
484,1576412359.060720,192.168.1.4,192.168.1.6,498749030,854577375,8688,1,1211925
485,1576412359.061370,192.168.1.4,192.168.1.6,498757718,854577375,22,1,1211947
486,1576412359.066378,192.168.1.4,192.168.1.6,2015642016,4289159294,2070,1,1214017
487,1576412359.067503,192.168.1.4,192.168.1.6,498757740,854577375,902,1,1214919
488,1576412359.096624,192.168.1.4,192.168.1.6,550726492,2593853916,2070,1,1216989
489,1576412359.108679,192.168.1.4,192.168.1.6,2015644086,4289159294,2800,1,1219789
490,1576412359.140399,192.168.1.4,192.168.1.6,550728562,2593853916,846,1,1220635
491,1576412359.148972,192.168.1.6,192.168.1.4,2593853916,550729408,86,0,1220549
492,1576412359.153731,192.168.1.6,192.168.1.4,2593854002,550729408,108,0,1220441
493,1576412359.165410,192.168.1.6,192.168.1.4,2593854110,550729408,395,0,1220046
494,1576412359.208038,192.168.1.4,192.168.1.6,498758642,854577375,4111,1,1224157
495,1576412359.211836,192.168.1.4,192.168.1.6,498762753,854577375,5792,1,1229949
496,1576412359.212059,192.168.1.4,192.168.1.6,498768545,854577375,3771,1,1233720
497,1576412359.212822,192.168.1.4,192.168.1.6,498772316,854577375,2748,1,1236468
498,1576412359.268350,192.168.1.4,192.168.1.6,550729408,2593854505,617,1,1237085
499,1576412359.268813,192.168.1.6,192.168.1.4,2593854505,550730025,53,0,1237032
500,1576412359.271343,192.168.1.4,192.168.1.6,550730025,2593854558,534,1,1237566
501,1576412359.275010,192.168.1.6,192.168.1.4,2593854558,550730559,61,0,1237505
502,1576412359.278630,192.168.1.4,192.168.1.6,498775064,854577375,306,1,1237811
503,1576412359.526806,192.168.1.4,192.168.1.6,498775370,854577375,1385,1,1239196
504,1576412359.535819,192.168.1.4,192.168.1.6,498776755,854577375,1385,1,1240581
505,1576412359.537443,192.168.1.4,192.168.1.6,498778140,854577375,2070,1,1242651
506,1576412359.580042,192.168.1.4,192.168.1.6,498780210,854577375,2896,1,1245547
507,1576412359.580495,192.168.1.4,192.168.1.6,498783106,854577375,8708,1,1254255
508,1576412359.624463,192.168.1.4,192.168.1.6,498791814,854577375,818,1,1255073
509,1576412359.715154,192.168.1.4,192.168.1.6,498792632,854577375,2748,1,1257821
510,1576412359.731231,192.168.1.4,192.168.1.6,498795380,854577375,2748,1,1260569
511,1576412359.780815,192.168.1.4,192.168.1.6,498798128,854577375,1385,1,1261954
512,1576412359.781404,192.168.1.4,192.168.1.6,498799513,854577375,2748,1,1264702
513,1576412359.783184,192.168.1.4,192.168.1.6,498802261,854577375,1385,1,1266087
514,1576412359.785379,192.168.1.4,192.168.1.6,498803646,854577375,1385,1,1267472
515,1576412359.828521,192.168.1.4,192.168.1.6,498805031,854577375,5474,1,1272946
516,1576412359.871715,192.168.1.4,192.168.1.6,498810505,854577375,13652,1,1286598
517,1576412359.915565,192.168.1.4,192.168.1.6,498824157,854577375,10926,1,1297524
518,1576412359.950900,192.168.1.4,192.168.1.6,498835083,854577375,6837,1,1304361
519,1576412359.958742,192.168.1.4,192.168.1.6,498841920,854577375,2748,1,1307109
520,1576412359.972077,192.168.1.4,192.168.1.6,498844668,854577375,5474,1,1312583
521,1576412359.986720,192.168.1.4,192.168.1.6,498850142,854577375,1385,1,1313968
522,1576412359.998331,192.168.1.4,192.168.1.6,498851527,854577375,2748,1,1316716
523,1576412360.023567,192.168.1.4,192.168.1.6,498854275,854577375,4111,1,1320827
524,1576412360.024717,192.168.1.4,192.168.1.6,498858386,854577375,2748,1,1323575
525,1576412360.025637,192.168.1.4,192.168.1.6,498861134,854577375,1385,1,1324960
526,1576412360.055502,192.168.1.4,192.168.1.6,498862519,854577375,5474,1,1330434
527,1576412360.056878,192.168.1.4,192.168.1.6,498867993,854577375,1385,1,1331819
528,1576412360.066863,192.168.1.4,192.168.1.6,498869378,854577375,2748,1,1334567
529,1576412360.079388,192.168.1.4,192.168.1.6,498872126,854577375,1385,1,1335952
530,1576412360.123612,192.168.1.4,192.168.1.6,498873511,854577375,9563,1,1345515
531,1576412360.131270,192.168.1.4,192.168.1.6,498883074,854577375,1385,1,1346900
