index,time,src_ip,dst_ip,tcp_seq,tcp_ack,tcp_len,direction,cumul_sum
1,1576412417.500186,192.168.1.6,192.168.1.4,3615850193,3803492170,343,0,-343
2,1576412417.500798,192.168.1.4,192.168.1.6,3803492170,3615850536,99,1,-244
3,1576412417.501252,192.168.1.6,192.168.1.4,3615850536,3803492269,382,0,-626
4,1576412417.512717,192.168.1.4,192.168.1.6,3803492269,3615850918,2266,1,1640
5,1576412417.513708,192.168.1.6,192.168.1.4,3615850918,3803494535,74,0,1566
6,1576412417.513816,192.168.1.6,192.168.1.4,3615850992,3803494535,245,0,1321
7,1576412417.514113,192.168.1.4,192.168.1.6,3803494535,3615851237,79,1,1400
8,1576412417.514460,192.168.1.4,192.168.1.6,3803494614,3615851237,79,1,1479
9,1576412417.575796,192.168.1.4,192.168.1.6,3803494693,3615851237,91,1,1570
10,1576412417.576206,192.168.1.6,192.168.1.4,3615851237,3803494784,539,0,1031
11,1576412417.613027,192.168.1.4,192.168.1.6,3803494784,3615851776,1385,1,2416
12,1576412417.654419,192.168.1.4,192.168.1.6,3803496169,3615851776,1705,1,4121
13,1576412417.683196,192.168.1.6,192.168.1.4,3615851776,3803497874,86,0,4035
14,1576412417.683815,192.168.1.6,192.168.1.4,3615851862,3803497874,108,0,3927
15,1576412417.684463,192.168.1.6,192.168.1.4,3615851970,3803497874,321,0,3606
16,1576412417.684631,192.168.1.6,192.168.1.4,3615852291,3803497874,54,0,3552
17,1576412417.709087,192.168.1.4,192.168.1.6,3803497874,3615852345,586,1,4138
18,1576412417.710211,192.168.1.6,192.168.1.4,3615852345,3803498460,53,0,4085
19,1576412417.711194,192.168.1.4,192.168.1.6,3803498460,3615852398,53,1,4138
20,1576412417.754619,192.168.1.4,192.168.1.6,3803498513,3615852398,1284,1,5422
21,1576412417.756101,192.168.1.6,192.168.1.4,3615852398,3803499797,61,0,5361
22,1576412418.043089,192.168.1.6,192.168.1.4,335778460,2091731810,343,0,5018
23,1576412418.043953,192.168.1.4,192.168.1.6,2091731810,335778803,99,1,5117
24,1576412418.044616,192.168.1.6,192.168.1.4,335778803,2091731909,382,0,4735
25,1576412418.047335,192.168.1.6,192.168.1.4,1653080920,3973121639,343,0,4392
26,1576412418.051239,192.168.1.4,192.168.1.6,3973121639,1653081263,99,1,4491
27,1576412418.051592,192.168.1.6,192.168.1.4,1653081263,3973121738,382,0,4109
28,1576412418.065417,192.168.1.4,192.168.1.6,2091731909,335779185,2266,1,6375
29,1576412418.066350,192.168.1.6,192.168.1.4,335779185,2091734175,74,0,6301
30,1576412418.066484,192.168.1.6,192.168.1.4,335779259,2091734175,233,0,6068
31,1576412418.070088,192.168.1.4,192.168.1.6,3973121738,1653081645,2266,1,8334
32,1576412418.070293,192.168.1.4,192.168.1.6,2091734175,335779492,79,1,8413
33,1576412418.070431,192.168.1.4,192.168.1.6,2091734254,335779492,79,1,8492
34,1576412418.071084,192.168.1.6,192.168.1.4,1653081645,3973124004,74,0,8418
35,1576412418.071235,192.168.1.6,192.168.1.4,1653081719,3973124004,233,0,8185
36,1576412418.072003,192.168.1.4,192.168.1.6,3973124004,1653081952,79,1,8264
37,1576412418.072129,192.168.1.4,192.168.1.6,3973124083,1653081952,79,1,8343
38,1576412418.331229,192.168.1.4,192.168.1.6,2091734333,335779492,91,1,8434
39,1576412418.332230,192.168.1.6,192.168.1.4,335779492,2091734424,539,0,7895
40,1576412418.334811,192.168.1.4,192.168.1.6,3973124162,1653081952,91,1,7986
41,1576412418.336006,192.168.1.6,192.168.1.4,1653081952,3973124253,539,0,7447
42,1576412418.530812,192.168.1.4,192.168.1.6,3973124253,1653082491,1385,1,8832
43,1576412418.542760,192.168.1.4,192.168.1.6,2091734424,335780031,2070,1,10902
44,1576412418.575942,192.168.1.4,192.168.1.6,3973125638,1653082491,2349,1,13251
45,1576412418.579558,192.168.1.6,192.168.1.4,1653082491,3973127987,86,0,13165
46,1576412418.580097,192.168.1.6,192.168.1.4,1653082577,3973127987,520,0,12645
47,1576412418.585956,192.168.1.4,192.168.1.6,2091736494,335780031,1664,1,14309
48,1576412418.586850,192.168.1.6,192.168.1.4,335780031,2091738158,86,0,14223
49,1576412419.054437,192.168.1.4,192.168.1.6,3973127987,1653083097,2070,1,16293
50,1576412419.099057,192.168.1.4,192.168.1.6,3973130057,1653083097,5792,1,22085
51,1576412419.099277,192.168.1.4,192.168.1.6,3973135849,1653083097,1459,1,23544
52,1576412419.177000,192.168.1.6,192.168.1.4,1653083097,3973137308,557,0,22987
53,1576412419.178568,192.168.1.6,192.168.1.4,335780117,2091738158,577,0,22410
54,1576412419.180653,192.168.1.6,192.168.1.4,510292366,1235410501,343,0,22067
55,1576412419.181181,192.168.1.4,192.168.1.6,1235410501,510292709,99,1,22166
56,1576412419.181461,192.168.1.6,192.168.1.4,510292709,1235410600,382,0,21784
57,1576412419.201072,192.168.1.4,192.168.1.6,1235410600,510293091,2266,1,24050
58,1576412419.201957,192.168.1.6,192.168.1.4,510293091,1235412866,74,0,23976
59,1576412419.202055,192.168.1.6,192.168.1.4,510293165,1235412866,233,0,23743
60,1576412419.202346,192.168.1.4,192.168.1.6,1235412866,510293165,79,1,23822
61,1576412419.202458,192.168.1.4,192.168.1.6,1235412945,510293398,79,1,23901
62,1576412419.472634,192.168.1.4,192.168.1.6,3973137308,1653083654,2748,1,26649
63,1576412419.479254,192.168.1.4,192.168.1.6,3973140056,1653083654,1385,1,28034
64,1576412419.489144,192.168.1.4,192.168.1.6,3973141441,1653083654,2748,1,30782
65,1576412419.494544,192.168.1.4,192.168.1.6,3973144189,1653083654,1385,1,32167
66,1576412419.495788,192.168.1.4,192.168.1.6,3973145574,1653083654,2748,1,34915
67,1576412419.496061,192.168.1.4,192.168.1.6,3973148322,1653083654,194,1,35109
68,1576412419.496306,192.168.1.4,192.168.1.6,3973148516,1653083654,1385,1,36494
69,1576412419.496995,192.168.1.4,192.168.1.6,3973149901,1653083654,1385,1,37879
70,1576412419.497653,192.168.1.4,192.168.1.6,3973151286,1653083654,1385,1,39264
71,1576412419.501333,192.168.1.4,192.168.1.6,2091738158,335780694,2070,1,41334
72,1576412419.506218,192.168.1.4,192.168.1.6,1235413024,510293398,91,1,41425
73,1576412419.507773,192.168.1.6,192.168.1.4,510293398,1235413115,539,0,40886
74,1576412419.541862,192.168.1.4,192.168.1.6,3973152671,1653083654,2265,1,43151
75,1576412419.541899,192.168.1.4,192.168.1.6,2091740228,335780694,14480,1,57631
76,1576412419.542185,192.168.1.4,192.168.1.6,2091754708,335780694,46,1,57677
77,1576412419.640045,192.168.1.4,192.168.1.6,3973154936,1653083654,2748,1,60425
78,1576412419.657270,192.168.1.4,192.168.1.6,3973157684,1653083654,4111,1,64536
79,1576412419.659149,192.168.1.4,192.168.1.6,3973161795,1653083654,1385,1,65921
80,1576412419.661516,192.168.1.4,192.168.1.6,3973163180,1653083654,2748,1,68669
81,1576412419.675762,192.168.1.4,192.168.1.6,2091754754,335780694,6039,1,74708
82,1576412419.675978,192.168.1.4,192.168.1.6,3973165928,1653083654,5474,1,80182
83,1576412419.677647,192.168.1.6,192.168.1.4,335780694,2091760793,553,0,79629
84,1576412419.685515,192.168.1.4,192.168.1.6,1235413115,510293937,2070,1,81699
85,1576412419.702973,192.168.1.6,192.168.1.4,1388054885,4153600041,343,0,81356
86,1576412419.703566,192.168.1.4,192.168.1.6,4153600041,1388055228,99,1,81455
87,1576412419.705122,192.168.1.6,192.168.1.4,1388055228,4153600140,382,0,81073
88,1576412419.716264,192.168.1.4,192.168.1.6,4153600140,1388055610,2266,1,83339
89,1576412419.717476,192.168.1.6,192.168.1.4,1388055610,4153602406,74,0,83265
90,1576412419.717606,192.168.1.6,192.168.1.4,1388055684,4153602406,233,0,83032
91,1576412419.717867,192.168.1.4,192.168.1.6,4153602406,1388055684,79,1,83111
92,1576412419.718023,192.168.1.4,192.168.1.6,4153602485,1388055917,79,1,83190
93,1576412419.725463,192.168.1.4,192.168.1.6,1235415185,510293937,1664,1,84854
94,1576412419.726980,192.168.1.6,192.168.1.4,510293937,1235416849,86,0,84768
95,1576412419.728803,192.168.1.6,192.168.1.4,510294023,1235416849,541,0,84227
96,1576412419.811687,192.168.1.4,192.168.1.6,3973171402,1653083654,2748,1,86975
97,1576412419.825661,192.168.1.4,192.168.1.6,3973174150,1653083654,5474,1,92449
98,1576412419.857140,192.168.1.4,192.168.1.6,2091760793,335781247,2070,1,94519
99,1576412419.869925,192.168.1.4,192.168.1.6,3973179624,1653083654,8200,1,102719
100,1576412419.897564,192.168.1.4,192.168.1.6,2091762863,335781247,15382,1,118101
101,1576412419.929006,192.168.1.4,192.168.1.6,1235416849,510294564,2070,1,120171
102,1576412419.931125,192.168.1.4,192.168.1.6,4153602564,1388055917,91,1,120262
103,1576412419.931476,192.168.1.6,192.168.1.4,1388055917,4153602655,539,0,119723
104,1576412419.969889,192.168.1.4,192.168.1.6,1235418919,510294564,14480,1,134203
105,1576412419.970191,192.168.1.4,192.168.1.6,1235433399,510294564,902,1,135105
106,1576412419.991590,192.168.1.4,192.168.1.6,3973187824,1653083654,8200,1,143305
107,1576412419.997981,192.168.1.4,192.168.1.6,3973196024,1653083654,1385,1,144690
108,1576412419.999660,192.168.1.4,192.168.1.6,3973197409,1653083654,1385,1,146075
109,1576412420.019404,192.168.1.6,192.168.1.4,4206832499,3045934776,343,0,145732
110,1576412420.019906,192.168.1.4,192.168.1.6,3045934776,4206832842,99,1,145831
111,1576412420.020195,192.168.1.6,192.168.1.4,4206832842,3045934875,382,0,145449
112,1576412420.034710,192.168.1.4,192.168.1.6,3045934875,4206833224,2266,1,147715
113,1576412420.035479,192.168.1.6,192.168.1.4,4206833224,3045937141,74,0,147641
114,1576412420.035568,192.168.1.6,192.168.1.4,4206833298,3045937141,237,0,147404
115,1576412420.035946,192.168.1.4,192.168.1.6,3045937141,4206833535,79,1,147483
116,1576412420.036523,192.168.1.4,192.168.1.6,3045937220,4206833535,79,1,147562
117,1576412420.100351,192.168.1.4,192.168.1.6,3045937299,4206833535,91,1,147653
118,1576412420.101519,192.168.1.6,192.168.1.4,4206833535,3045937390,539,0,147114
119,1576412420.103633,192.168.1.4,192.168.1.6,3973198794,1653083654,2070,1,149184
120,1576412420.133649,192.168.1.4,192.168.1.6,3045937390,4206834074,2070,1,151254
121,1576412420.145392,192.168.1.4,192.168.1.6,3973200864,1653083654,3426,1,154680
122,1576412420.145839,192.168.1.4,192.168.1.6,1235434301,510294564,1385,1,156065
123,1576412420.145912,192.168.1.4,192.168.1.6,2091778245,335781247,1448,1,157513
124,1576412420.146392,192.168.1.4,192.168.1.6,2091779693,335781247,6752,1,164265
125,1576412420.149403,192.168.1.4,192.168.1.6,1235435686,510294564,2748,1,167013
126,1576412420.149910,192.168.1.4,192.168.1.6,2091786445,335781247,2748,1,169761
127,1576412420.177736,192.168.1.4,192.168.1.6,3045939460,4206834074,1754,1,171515
128,1576412420.184363,192.168.1.4,192.168.1.6,2091789193,335781247,2748,1,174263
129,1576412420.188526,192.168.1.6,192.168.1.4,4206834074,3045941214,86,0,174177
130,1576412420.190279,192.168.1.6,192.168.1.4,4206834160,3045941214,108,0,174069
131,1576412420.190553,192.168.1.6,192.168.1.4,4206834268,3045941214,279,0,173790
132,1576412420.199387,192.168.1.4,192.168.1.6,2091791941,335781247,2045,1,175835
133,1576412420.199641,192.168.1.4,192.168.1.6,1235438434,510294564,4111,1,179946
134,1576412420.200778,192.168.1.4,192.168.1.6,1235442545,510294564,2748,1,182694
135,1576412420.202842,192.168.1.6,192.168.1.4,335781247,2091793986,472,0,182222
136,1576412420.229700,192.168.1.4,192.168.1.6,1235445293,510294564,1385,1,183607
137,1576412420.235340,192.168.1.4,192.168.1.6,1235446678,510294564,1385,1,184992
138,1576412420.269556,192.168.1.4,192.168.1.6,3973204290,1653083654,11584,1,196576
139,1576412420.269770,192.168.1.4,192.168.1.6,3973215874,1653083654,2068,1,198644
140,1576412420.269807,192.168.1.4,192.168.1.6,4153602655,1388056456,2070,1,200714
141,1576412420.277274,192.168.1.4,192.168.1.6,1235448063,510294564,2748,1,203462
142,1576412420.313198,192.168.1.4,192.168.1.6,4153604725,1388056456,1664,1,205126
143,1576412420.313257,192.168.1.4,192.168.1.6,3973217942,1653083654,16406,1,221532
144,1576412420.313323,192.168.1.4,192.168.1.6,3973234348,1653083654,5446,1,226978
145,1576412420.317284,192.168.1.6,192.168.1.4,1388056456,4153606389,86,0,226892
146,1576412420.318262,192.168.1.4,192.168.1.6,3045941214,4206834547,586,1,227478
147,1576412420.325609,192.168.1.6,192.168.1.4,4206834547,3045941800,53,0,227425
148,1576412420.326215,192.168.1.4,192.168.1.6,3045941800,4206834600,2888,1,230313
149,1576412420.328138,192.168.1.6,192.168.1.4,4206834600,3045944688,61,0,230252
150,1576412420.341762,192.168.1.4,192.168.1.6,1235450811,510294564,4111,1,234363
151,1576412420.358087,192.168.1.4,192.168.1.6,3973239794,1653083654,10926,1,245289
152,1576412420.383736,192.168.1.4,192.168.1.6,1235454922,510294564,6837,1,252126
153,1576412420.418414,192.168.1.4,192.168.1.6,2091793986,335781719,522,1,252648
154,1576412420.425332,192.168.1.4,192.168.1.6,1235461759,510294564,1385,1,254033
155,1576412420.461273,192.168.1.4,192.168.1.6,2091794508,335781719,10926,1,264959
156,1576412420.462645,192.168.1.4,192.168.1.6,2091805434,335781719,4344,1,269303
157,1576412420.462769,192.168.1.4,192.168.1.6,2091809778,335781719,729,1,270032
158,1576412420.470358,192.168.1.6,192.168.1.4,335781719,2091810507,589,0,269443
159,1576412420.512648,192.168.1.4,192.168.1.6,3973250720,1653083654,2748,1,272191
160,1576412420.516421,192.168.1.4,192.168.1.6,3973253468,1653083654,14480,1,286671
161,1576412420.516807,192.168.1.4,192.168.1.6,3973267948,1653083654,535,1,287206
162,1576412420.516818,192.168.1.4,192.168.1.6,3973268483,1653083654,4111,1,291317
163,1576412420.519811,192.168.1.4,192.168.1.6,1235463144,510294564,6837,1,298154
164,1576412420.519989,192.168.1.4,192.168.1.6,3973272594,1653083654,7376,1,305530
165,1576412420.561107,192.168.1.4,192.168.1.6,1235469981,510294564,1385,1,306915
166,1576412420.571689,192.168.1.4,192.168.1.6,1235471366,510294564,2748,1,309663
167,1576412420.578895,192.168.1.4,192.168.1.6,1235474114,510294564,1385,1,311048
168,1576412420.582444,192.168.1.4,192.168.1.6,1235475499,510294564,1385,1,312433
169,1576412420.615897,192.168.1.6,192.168.1.4,1653083654,3973279970,560,0,311873
170,1576412420.618426,192.168.1.6,192.168.1.4,1388056542,4153606389,543,0,311330
171,1576412420.623614,192.168.1.6,192.168.1.4,1428194086,3659573332,343,0,310987
172,1576412420.624146,192.168.1.4,192.168.1.6,3659573332,1428194429,99,1,311086
173,1576412420.624397,192.168.1.6,192.168.1.4,1428194429,3659573431,382,0,310704
174,1576412420.625492,192.168.1.4,192.168.1.6,1235476884,510294564,2748,1,313452
175,1576412420.639384,192.168.1.6,192.168.1.4,3007447986,4251467963,343,0,313109
176,1576412420.639659,192.168.1.6,192.168.1.4,414656148,2146294042,343,0,312766
177,1576412420.639980,192.168.1.6,192.168.1.4,3773898915,863448330,343,0,312423
178,1576412420.641272,192.168.1.4,192.168.1.6,863448330,3773899258,99,1,312522
179,1576412420.641513,192.168.1.6,192.168.1.4,3773899258,863448429,382,0,312140
180,1576412420.650336,192.168.1.4,192.168.1.6,2091810507,335782308,2070,1,314210
181,1576412420.670332,192.168.1.4,192.168.1.6,2146294042,414656491,99,1,314309
182,1576412420.670513,192.168.1.4,192.168.1.6,4251467963,3007448329,99,1,314408
183,1576412420.671031,192.168.1.6,192.168.1.4,3007448329,4251468062,382,0,314026
184,1576412420.671431,192.168.1.6,192.168.1.4,414656491,2146294141,382,0,313644
185,1576412420.701228,192.168.1.4,192.168.1.6,2091812577,335782308,11584,1,325228
186,1576412420.701404,192.168.1.4,192.168.1.6,2091824161,335782308,4822,1,330050
187,1576412420.703656,192.168.1.4,192.168.1.6,2091828983,335782308,868,1,330918
188,1576412420.715127,192.168.1.4,192.168.1.6,2091829851,335782308,2842,1,333760
189,1576412420.716451,192.168.1.4,192.168.1.6,2091832693,335782308,2748,1,336508
190,1576412420.718266,192.168.1.4,192.168.1.6,2091835441,335782308,4111,1,340619
191,1576412420.724743,192.168.1.4,192.168.1.6,2091839552,335782308,2516,1,343135
192,1576412420.725115,192.168.1.4,192.168.1.6,3659573431,1428194811,2266,1,345401
193,1576412420.725991,192.168.1.6,192.168.1.4,1428194811,3659575697,74,0,345327
194,1576412420.726081,192.168.1.6,192.168.1.4,1428194885,3659575697,233,0,345094
195,1576412420.729201,192.168.1.4,192.168.1.6,3659575697,1428195118,79,1,345173
196,1576412420.729476,192.168.1.4,192.168.1.6,3659575776,1428195118,79,1,345252
197,1576412420.730278,192.168.1.6,192.168.1.4,335782308,2091842068,544,0,344708
198,1576412420.734939,192.168.1.4,192.168.1.6,4251468062,3007448711,2266,1,346974
199,1576412420.735922,192.168.1.6,192.168.1.4,3007448711,4251470328,74,0,346900
200,1576412420.736140,192.168.1.6,192.168.1.4,3007448785,4251470328,233,0,346667
201,1576412420.736409,192.168.1.4,192.168.1.6,863448429,3773899640,2266,1,348933
202,1576412420.737636,192.168.1.6,192.168.1.4,3773899640,863450695,74,0,348859
203,1576412420.737789,192.168.1.6,192.168.1.4,3773899714,863450695,255,0,348604
204,1576412420.738102,192.168.1.4,192.168.1.6,2146294141,414656873,2266,1,350870
205,1576412420.738262,192.168.1.4,192.168.1.6,4251470328,3007449018,79,1,350949
206,1576412420.738353,192.168.1.4,192.168.1.6,4251470407,3007449018,79,1,351028
207,1576412420.739283,192.168.1.4,192.168.1.6,863450695,3773899969,79,1,351107
208,1576412420.739514,192.168.1.4,192.168.1.6,863450774,3773899969,79,1,351186
209,1576412420.739556,192.168.1.6,192.168.1.4,414656873,2146296407,74,0,351112
210,1576412420.739695,192.168.1.6,192.168.1.4,414656947,2146296407,255,0,350857
211,1576412420.740235,192.168.1.4,192.168.1.6,2146296407,414657202,79,1,350936
212,1576412420.740519,192.168.1.4,192.168.1.6,2146296486,414657202,79,1,351015
213,1576412420.749795,192.168.1.4,192.168.1.6,1235479632,510294564,1385,1,352400
214,1576412420.753958,192.168.1.4,192.168.1.6,1235481017,510294564,5792,1,358192
215,1576412420.754067,192.168.1.4,192.168.1.6,1235486809,510294564,1045,1,359237
216,1576412420.780140,192.168.1.4,192.168.1.6,1235487854,510294564,7240,1,366477
217,1576412420.780323,192.168.1.4,192.168.1.6,1235495094,510294564,9166,1,375643
218,1576412420.780347,192.168.1.4,192.168.1.6,1235504260,510294564,11584,1,387227
219,1576412420.780586,192.168.1.4,192.168.1.6,1235515844,510294564,7240,1,394467
220,1576412420.780725,192.168.1.4,192.168.1.6,1235523084,510294564,274,1,394741
221,1576412420.787180,192.168.1.4,192.168.1.6,1235523358,510294564,4111,1,398852
222,1576412420.791494,192.168.1.4,192.168.1.6,3973279970,1653084214,4118,1,402970
223,1576412420.792147,192.168.1.4,192.168.1.6,1235527469,510294564,1385,1,404355
224,1576412420.799629,192.168.1.4,192.168.1.6,4153606389,1388057085,2070,1,406425
225,1576412420.833029,192.168.1.4,192.168.1.6,3973284088,1653084214,14480,1,420905
226,1576412420.833243,192.168.1.4,192.168.1.6,3973298568,1653084214,7240,1,428145
227,1576412420.833781,192.168.1.4,192.168.1.6,3973305808,1653084214,3808,1,431953
228,1576412420.839278,192.168.1.6,192.168.1.4,1653084214,3973309616,563,0,431390
229,1576412420.841059,192.168.1.4,192.168.1.6,4153608459,1388057085,14480,1,445870
230,1576412420.841375,192.168.1.4,192.168.1.6,4153622939,1388057085,46,1,445916
231,1576412420.905230,192.168.1.4,192.168.1.6,2091842068,335782852,2070,1,447986
232,1576412420.948846,192.168.1.4,192.168.1.6,2091844138,335782852,11836,1,459822
233,1576412420.951262,192.168.1.6,192.168.1.4,335782852,2091855974,545,0,459277
234,1576412420.953132,192.168.1.4,192.168.1.6,863450853,3773899969,91,1,459368
235,1576412420.953589,192.168.1.6,192.168.1.4,3773899969,863450944,539,0,458829
236,1576412420.957692,192.168.1.4,192.168.1.6,2146296565,414657202,91,1,458920
237,1576412420.961538,192.168.1.6,192.168.1.4,414657202,2146296656,539,0,458381
238,1576412421.011540,192.168.1.4,192.168.1.6,1235528854,510294564,4118,1,462499
239,1576412421.016576,192.168.1.4,192.168.1.6,1235532972,510294564,7240,1,469739
240,1576412421.016798,192.168.1.4,192.168.1.6,1235540212,510294564,7240,1,476979
241,1576412421.017273,192.168.1.4,192.168.1.6,1235547452,510294564,14480,1,491459
242,1576412421.017299,192.168.1.4,192.168.1.6,1235561932,510294564,6537,1,497996
243,1576412421.029325,192.168.1.4,192.168.1.6,4153622985,1388057085,1046,1,499042
244,1576412421.029369,192.168.1.4,192.168.1.6,1235568469,510294564,15895,1,514937
245,1576412421.029383,192.168.1.4,192.168.1.6,3973309616,1653084777,1447,1,516384
246,1576412421.029388,192.168.1.4,192.168.1.6,1235584364,510294564,1385,1,517769
247,1576412421.050028,192.168.1.6,192.168.1.4,1388057085,4153624031,564,0,517205
248,1576412421.072210,192.168.1.6,192.168.1.4,1653084777,3973311063,581,0,516624
249,1576412421.101736,192.168.1.4,192.168.1.6,3659575855,1428195118,91,1,516715
250,1576412421.102113,192.168.1.6,192.168.1.4,1428195118,3659575946,539,0,516176
251,1576412421.105438,192.168.1.4,192.168.1.6,4251470486,3007449018,91,1,516267
252,1576412421.109193,192.168.1.6,192.168.1.4,3007449018,4251470577,539,0,515728
253,1576412421.129809,192.168.1.4,192.168.1.6,863450944,3773900508,2070,1,517798
254,1576412421.134516,192.168.1.4,192.168.1.6,2146296656,414657741,2070,1,519868
255,1576412421.172896,192.168.1.4,192.168.1.6,863453014,3773900508,1250,1,521118
256,1576412421.177241,192.168.1.4,192.168.1.6,2146298726,414657741,1250,1,522368
257,1576412421.182014,192.168.1.6,192.168.1.4,3773900508,863454264,86,0,522282
258,1576412421.184053,192.168.1.6,192.168.1.4,414657741,2146299976,86,0,522196
259,1576412421.188785,192.168.1.6,192.168.1.4,3773900594,863454264,108,0,522088
260,1576412421.189259,192.168.1.6,192.168.1.4,3773900702,863454264,269,0,521819
261,1576412421.189379,192.168.1.6,192.168.1.4,414657827,2146299976,108,0,521711
262,1576412421.189862,192.168.1.6,192.168.1.4,414657935,2146299976,277,0,521434
263,1576412421.258106,192.168.1.4,192.168.1.6,863454264,3773900971,586,1,522020
264,1576412421.261071,192.168.1.6,192.168.1.4,3773900971,863454850,53,0,521967
265,1576412421.265960,192.168.1.4,192.168.1.6,863454850,3773901024,2070,1,524037
266,1576412421.265978,192.168.1.4,192.168.1.6,2146299976,414658212,617,1,524654
267,1576412421.271110,192.168.1.6,192.168.1.4,414658212,2146300593,53,0,524601
268,1576412421.280408,192.168.1.4,192.168.1.6,2146300593,414658265,2070,1,526671
269,1576412421.306397,192.168.1.4,192.168.1.6,3973311063,1653085358,4118,1,530789
270,1576412421.308701,192.168.1.4,192.168.1.6,863456920,3773901024,9265,1,540054
271,1576412421.320834,192.168.1.4,192.168.1.6,2146302663,414658265,5229,1,545283
272,1576412421.348966,192.168.1.4,192.168.1.6,3973315181,1653085358,7240,1,552523
273,1576412421.349143,192.168.1.4,192.168.1.6,3973322421,1653085358,7240,1,559763
274,1576412421.349258,192.168.1.4,192.168.1.6,3973329661,1653085358,1018,1,560781
275,1576412421.357512,192.168.1.6,192.168.1.4,1653085358,3973330679,675,0,560106
276,1576412421.361100,192.168.1.4,192.168.1.6,1235585749,510294564,1385,1,561491
277,1576412421.363529,192.168.1.4,192.168.1.6,1235587134,510294564,1385,1,562876
278,1576412421.369097,192.168.1.4,192.168.1.6,1235588519,510294564,1385,1,564261
279,1576412421.374361,192.168.1.4,192.168.1.6,1235589904,510294564,1385,1,565646
280,1576412421.414151,192.168.1.4,192.168.1.6,1235591289,510294564,1385,1,567031
281,1576412421.436203,192.168.1.4,192.168.1.6,1235592674,510294564,14480,1,581511
282,1576412421.436466,192.168.1.4,192.168.1.6,1235607154,510294564,10140,1,591651
283,1576412421.476891,192.168.1.4,192.168.1.6,1235617294,510294564,16406,1,608057
284,1576412421.477190,192.168.1.4,192.168.1.6,1235633700,510294564,10856,1,618913
285,1576412421.513391,192.168.1.4,192.168.1.6,4153624031,1388057649,1385,1,620298
286,1576412421.513488,192.168.1.4,192.168.1.6,863466185,3773901024,2748,1,623046
287,1576412421.520822,192.168.1.4,192.168.1.6,1235644556,510294564,1385,1,624431
288,1576412421.529589,192.168.1.4,192.168.1.6,2091855974,335783397,1385,1,625816
289,1576412421.534217,192.168.1.4,192.168.1.6,3659575946,1428195657,2070,1,627886
290,1576412421.534358,192.168.1.4,192.168.1.6,863468933,3773901024,2748,1,630634
291,1576412421.534553,192.168.1.4,192.168.1.6,2146307892,414658265,2748,1,633382
292,1576412421.535508,192.168.1.4,192.168.1.6,4251470577,3007449557,2070,1,635452
293,1576412421.535675,192.168.1.4,192.168.1.6,2146310640,414658265,2748,1,638200
294,1576412421.538776,192.168.1.4,192.168.1.6,3973330679,1653086033,2070,1,640270
295,1576412421.538811,192.168.1.4,192.168.1.6,863471681,3773901024,1834,1,642104
296,1576412421.539025,192.168.1.4,192.168.1.6,2146313388,414658265,6166,1,648270
297,1576412421.548532,192.168.1.4,192.168.1.6,3973332749,1653086033,16406,1,664676
298,1576412421.548799,192.168.1.4,192.168.1.6,3973349155,1653086033,11584,1,676260
299,1576412421.548820,192.168.1.4,192.168.1.6,3973360739,1653086033,4822,1,681082
300,1576412421.549220,192.168.1.4,192.168.1.6,3973365561,1653086033,897,1,681979
301,1576412421.556496,192.168.1.4,192.168.1.6,4153625416,1388057649,8688,1,690667
302,1576412421.556704,192.168.1.4,192.168.1.6,4153634104,1388057649,4344,1,695011
303,1576412421.556722,192.168.1.4,192.168.1.6,4153638448,1388057649,816,1,695827
304,1576412421.564704,192.168.1.4,192.168.1.6,1235645941,510294564,10926,1,706753
305,1576412421.572792,192.168.1.4,192.168.1.6,2091857359,335783397,9320,1,716073
306,1576412421.576526,192.168.1.4,192.168.1.6,3659578016,1428195657,1664,1,717737
307,1576412421.576627,192.168.1.4,192.168.1.6,4251472647,3007449557,1664,1,719401
308,1576412421.580574,192.168.1.4,192.168.1.6,2146319554,414658265,8769,1,728170
309,1576412421.591707,192.168.1.6,192.168.1.4,1428195657,3659579680,86,0,728084
310,1576412421.592547,192.168.1.4,192.168.1.6,3973366458,1653086033,13032,1,741116
311,1576412421.592721,192.168.1.4,192.168.1.6,3973379490,1653086033,3374,1,744490
312,1576412421.592746,192.168.1.4,192.168.1.6,3973382864,1653086033,5279,1,749769
313,1576412421.599877,192.168.1.6,192.168.1.4,3007449557,4251474311,86,0,749683
314,1576412421.605627,192.168.1.6,192.168.1.4,3773901024,863473515,61,0,749622
315,1576412421.606106,192.168.1.6,192.168.1.4,414658265,2146328323,61,0,749561
316,1576412421.607655,192.168.1.6,192.168.1.4,1428195743,3659579680,576,0,748985
317,1576412421.608373,192.168.1.6,192.168.1.4,3007449643,4251474311,584,0,748401
318,1576412421.614245,192.168.1.4,192.168.1.6,1235656867,510294564,5474,1,753875
319,1576412421.619297,192.168.1.4,192.168.1.6,1235662341,510294564,15015,1,768890
320,1576412421.629449,192.168.1.6,192.168.1.4,1653086033,3973388143,584,0,768306
321,1576412421.637734,192.168.1.6,192.168.1.4,335783397,2091866679,581,0,767725
322,1576412421.672316,192.168.1.6,192.168.1.4,3773901085,863473515,318,0,767407
323,1576412421.695495,192.168.1.4,192.168.1.6,1235677356,510294564,15015,1,782422
324,1576412421.698889,192.168.1.4,192.168.1.6,1235692371,510294564,15928,1,798350
325,1576412421.699109,192.168.1.4,192.168.1.6,1235708299,510294564,478,1,798828
326,1576412421.699284,192.168.1.4,192.168.1.6,1235708777,510294564,2392,1,801220
327,1576412421.699409,192.168.1.4,192.168.1.6,1235711169,510294564,750,1,801970
328,1576412421.701787,192.168.1.4,192.168.1.6,1235711919,510294564,1385,1,803355
329,1576412421.705411,192.168.1.4,192.168.1.6,4153639264,1388057649,2748,1,806103
330,1576412421.705571,192.168.1.4,192.168.1.6,1235713304,510294564,6768,1,812871
331,1576412421.706294,192.168.1.4,192.168.1.6,4153642012,1388057649,4111,1,816982
332,1576412421.706434,192.168.1.4,192.168.1.6,863473515,3773901403,796,1,817778
333,1576412421.707979,192.168.1.4,192.168.1.6,4153646123,1388057649,5474,1,823252
334,1576412421.708145,192.168.1.4,192.168.1.6,863474311,3773901403,92,1,823344
335,1576412421.708432,192.168.1.6,192.168.1.4,3773901403,863474403,61,0,823283
336,1576412421.714569,192.168.1.4,192.168.1.6,4153651597,1388057649,4111,1,827394
337,1576412421.737523,192.168.1.4,192.168.1.6,1235720072,510294564,1385,1,828779
338,1576412421.746213,192.168.1.4,192.168.1.6,1235721457,510294564,1385,1,830164
339,1576412421.788671,192.168.1.4,192.168.1.6,1235722842,510294564,13652,1,843816
340,1576412421.823516,192.168.1.4,192.168.1.6,3659579680,1428196319,1385,1,845201
341,1576412421.840896,192.168.1.6,192.168.1.4,3281846894,2695308832,343,0,844858
342,1576412421.841341,192.168.1.4,192.168.1.6,2695308832,3281847237,99,1,844957
343,1576412421.841687,192.168.1.6,192.168.1.4,3281847237,2695308931,382,0,844575
344,1576412421.857439,192.168.1.4,192.168.1.6,4251474311,3007450227,1385,1,845960
345,1576412421.859279,192.168.1.4,192.168.1.6,2695308931,3281847619,2266,1,848226
346,1576412421.861902,192.168.1.6,192.168.1.4,3281847619,2695311197,74,0,848152
347,1576412421.862209,192.168.1.6,192.168.1.4,3281847693,2695311197,253,0,847899
348,1576412421.862516,192.168.1.4,192.168.1.6,2695311197,3281847946,79,1,847978
349,1576412421.862599,192.168.1.4,192.168.1.6,2695311276,3281847946,79,1,848057
350,1576412421.864236,192.168.1.4,192.168.1.6,3659581065,1428196319,13032,1,861089
351,1576412421.864478,192.168.1.4,192.168.1.6,3659594097,1428196319,838,1,861927
352,1576412421.872249,192.168.1.4,192.168.1.6,1235736494,510294564,4111,1,866038
353,1576412421.873553,192.168.1.4,192.168.1.6,1235740605,510294564,2748,1,868786
354,1576412421.877536,192.168.1.4,192.168.1.6,1235743353,510294564,14480,1,883266
355,1576412421.877719,192.168.1.4,192.168.1.6,1235757833,510294564,535,1,883801
356,1576412421.877736,192.168.1.4,192.168.1.6,1235758368,510294564,4111,1,887912
357,1576412421.880493,192.168.1.4,192.168.1.6,3973388143,1653086617,2070,1,889982
358,1576412421.892468,192.168.1.4,192.168.1.6,2091866679,335783978,3973,1,893955
359,1576412421.892510,192.168.1.4,192.168.1.6,1235762479,510294564,2748,1,896703
360,1576412421.894393,192.168.1.4,192.168.1.6,1235765227,510294564,5474,1,902177
361,1576412421.896622,192.168.1.4,192.168.1.6,1235770701,510294564,4111,1,906288
362,1576412421.900415,192.168.1.4,192.168.1.6,4251475696,3007450227,5789,1,912077
363,1576412421.915559,192.168.1.6,192.168.1.4,3007450227,4251481485,660,0,911417
364,1576412421.919749,192.168.1.4,192.168.1.6,1235774812,510294564,1385,1,912802
365,1576412421.921073,192.168.1.4,192.168.1.6,1235776197,510294564,2748,1,915550
366,1576412421.923582,192.168.1.6,192.168.1.4,335783978,2091870652,654,0,914896
367,1576412421.923667,192.168.1.4,192.168.1.6,1235778945,510294564,15015,1,929911
368,1576412421.924315,192.168.1.4,192.168.1.6,3973390213,1653086617,4959,1,934870
369,1576412421.924458,192.168.1.4,192.168.1.6,1235793960,510294564,4111,1,938981
370,1576412421.939492,192.168.1.4,192.168.1.6,4153655708,1388057649,2896,1,941877
371,1576412421.939600,192.168.1.4,192.168.1.6,4153658604,1388057649,986,1,942863
372,1576412421.939959,192.168.1.4,192.168.1.6,1235798071,510294564,15928,1,958791
373,1576412421.940221,192.168.1.4,192.168.1.6,1235813999,510294564,450,1,959241
374,1576412421.949052,192.168.1.4,192.168.1.6,2695311355,3281847946,91,1,959332
375,1576412421.953673,192.168.1.6,192.168.1.4,3281847946,2695311446,539,0,958793
376,1576412421.983436,192.168.1.4,192.168.1.6,1235814449,510294564,16406,1,975199
377,1576412421.983499,192.168.1.4,192.168.1.6,1235830855,510294564,2720,1,977919
378,1576412421.992999,192.168.1.4,192.168.1.6,2695311446,3281848485,1385,1,979304
379,1576412422.004367,192.168.1.4,192.168.1.6,3659594935,1428196319,2896,1,982200
380,1576412422.004932,192.168.1.4,192.168.1.6,3659597831,1428196319,2388,1,984588
381,1576412422.020548,192.168.1.4,192.168.1.6,3659600219,1428196319,4111,1,988699
382,1576412422.035749,192.168.1.4,192.168.1.6,3659604330,1428196319,4344,1,993043
383,1576412422.036008,192.168.1.4,192.168.1.6,3659608674,1428196319,1130,1,994173
384,1576412422.036183,192.168.1.4,192.168.1.6,2695312831,3281848485,1530,1,995703
385,1576412422.040300,192.168.1.4,192.168.1.6,1235833575,510294564,976,1,996679
386,1576412422.042215,192.168.1.4,192.168.1.6,1235834551,510294564,8200,1,1004879
387,1576412422.046093,192.168.1.6,192.168.1.4,3281848485,2695314361,86,0,1004793
388,1576412422.048299,192.168.1.6,192.168.1.4,3281848571,2695314361,108,0,1004685
389,1576412422.052008,192.168.1.6,192.168.1.4,3281848679,2695314361,395,0,1004290
390,1576412422.053270,192.168.1.4,192.168.1.6,1235842751,510294564,6837,1,1011127
391,1576412422.053669,192.168.1.4,192.168.1.6,1235849588,510294564,6919,1,1018046
392,1576412422.082170,192.168.1.4,192.168.1.6,3659609804,1428196319,1385,1,1019431
393,1576412422.083391,192.168.1.4,192.168.1.6,2695314361,3281849074,1129,1,1020560
394,1576412422.094771,192.168.1.6,192.168.1.4,3281849074,2695315490,53,0,1020507
395,1576412422.094888,192.168.1.6,192.168.1.4,3281849127,2695315490,61,0,1020446
396,1576412422.120300,192.168.1.4,192.168.1.6,4251481485,3007450887,2070,1,1022516
397,1576412422.120432,192.168.1.4,192.168.1.6,2091870652,335784632,2070,1,1024586
398,1576412422.164149,192.168.1.4,192.168.1.6,2091872722,335784632,2778,1,1027364
399,1576412422.164188,192.168.1.4,192.168.1.6,4251483555,3007450887,4239,1,1031603
400,1576412422.181499,192.168.1.4,192.168.1.6,3659611189,1428196319,5474,1,1037077
401,1576412422.198989,192.168.1.4,192.168.1.6,3659616663,1428196319,4111,1,1041188
402,1576412422.222927,192.168.1.4,192.168.1.6,3659620774,1428196319,2070,1,1043258
403,1576412422.264627,192.168.1.4,192.168.1.6,3659622844,1428196319,3426,1,1046684
404,1576412422.309010,192.168.1.4,192.168.1.6,3659626270,1428196319,1385,1,1048069
405,1576412422.367964,192.168.1.4,192.168.1.6,3659627655,1428196319,9563,1,1057632
406,1576412422.408303,192.168.1.4,192.168.1.6,3659637218,1428196319,5474,1,1063106
407,1576412422.498356,192.168.1.6,192.168.1.4,3007450887,4251487794,733,0,1062373
408,1576412422.521715,192.168.1.4,192.168.1.6,3659642692,1428196319,1385,1,1063758
409,1576412422.525665,192.168.1.4,192.168.1.6,3659644077,1428196319,1385,1,1065143
410,1576412422.568070,192.168.1.4,192.168.1.6,3659645462,1428196319,16406,1,1081549
411,1576412422.568146,192.168.1.4,192.168.1.6,3659661868,1428196319,10136,1,1091685
412,1576412422.568342,192.168.1.4,192.168.1.6,3659672004,1428196319,3488,1,1095173
413,1576412422.728158,192.168.1.4,192.168.1.6,4251487794,3007451620,2896,1,1098069
414,1576412422.728600,192.168.1.4,192.168.1.6,4251490690,3007451620,8688,1,1106757
415,1576412422.728823,192.168.1.4,192.168.1.6,4251499378,3007451620,2896,1,1109653
416,1576412422.728833,192.168.1.4,192.168.1.6,4251502274,3007451620,1926,1,1111579
417,1576412422.729585,192.168.1.4,192.168.1.6,4251504200,3007451620,1046,1,1112625
418,1576412422.729820,192.168.1.4,192.168.1.6,3659675492,1428196319,8200,1,1120825
419,1576412422.746622,192.168.1.4,192.168.1.6,3659683692,1428196319,7240,1,1128065
420,1576412422.746983,192.168.1.4,192.168.1.6,3659690932,1428196319,960,1,1129025
421,1576412422.747050,192.168.1.4,192.168.1.6,3659691892,1428196319,4111,1,1133136
422,1576412422.759602,192.168.1.4,192.168.1.6,3659696003,1428196319,13652,1,1146788
423,1576412423.023353,192.168.1.4,192.168.1.6,3659709655,1428196319,4118,1,1150906
424,1576412423.035463,192.168.1.4,192.168.1.6,4251505246,3007451620,5792,1,1156698
425,1576412423.036017,192.168.1.4,192.168.1.6,4251511038,3007451620,5792,1,1162490
426,1576412423.036429,192.168.1.4,192.168.1.6,4251516830,3007451620,2896,1,1165386
427,1576412423.036513,192.168.1.4,192.168.1.6,4251519726,3007451620,1898,1,1167284
428,1576412423.076308,192.168.1.4,192.168.1.6,3659713773,1428196319,14480,1,1181764
429,1576412423.077329,192.168.1.4,192.168.1.6,3659728253,1428196319,14180,1,1195944
430,1576412423.242020,192.168.1.4,192.168.1.6,3659742433,1428196319,4111,1,1200055
431,1576412423.248926,192.168.1.4,192.168.1.6,3659746544,1428196319,16406,1,1216461
432,1576412423.249013,192.168.1.4,192.168.1.6,3659762950,1428196319,5446,1,1221907
433,1576412423.255095,192.168.1.4,192.168.1.6,4251521624,3007451620,10136,1,1232043
434,1576412423.255227,192.168.1.4,192.168.1.6,4251531760,3007451620,2153,1,1234196
435,1576412423.255244,192.168.1.4,192.168.1.6,3659768396,1428196319,1385,1,1235581
436,1576412423.256100,192.168.1.4,192.168.1.6,4251533913,3007451620,2748,1,1238329
437,1576412423.277603,192.168.1.4,192.168.1.6,4251536661,3007451620,1385,1,1239714
438,1576412423.436324,192.168.1.4,192.168.1.6,3659769781,1428196319,2748,1,1242462
439,1576412423.436883,192.168.1.4,192.168.1.6,3659772529,1428196319,1385,1,1243847
440,1576412423.437536,192.168.1.4,192.168.1.6,3659773914,1428196319,1385,1,1245232
441,1576412423.455964,192.168.1.4,192.168.1.6,4251538046,3007451620,1385,1,1246617
442,1576412423.459343,192.168.1.4,192.168.1.6,4251539431,3007451620,4111,1,1250728
443,1576412423.460418,192.168.1.4,192.168.1.6,4251543542,3007451620,1385,1,1252113
444,1576412423.468386,192.168.1.4,192.168.1.6,4251544927,3007451620,1385,1,1253498
445,1576412423.479892,192.168.1.4,192.168.1.6,3659775299,1428196319,7149,1,1260647
446,1576412423.512304,192.168.1.4,192.168.1.6,4251546312,3007451620,13652,1,1274299
447,1576412423.647323,192.168.1.4,192.168.1.6,4251559964,3007451620,6837,1,1281136
448,1576412423.654479,192.168.1.4,192.168.1.6,4251566801,3007451620,16406,1,1297542
449,1576412423.654521,192.168.1.4,192.168.1.6,4251583207,3007451620,1357,1,1298899
450,1576412423.696475,192.168.1.4,192.168.1.6,4251584564,3007451620,2748,1,1301647
451,1576412423.864944,192.168.1.4,192.168.1.6,4251587312,3007451620,1385,1,1303032
452,1576412423.877001,192.168.1.4,192.168.1.6,4251588697,3007451620,13032,1,1316064
453,1576412423.877566,192.168.1.4,192.168.1.6,4251601729,3007451620,3374,1,1319438
454,1576412423.877656,192.168.1.4,192.168.1.6,4251605103,3007451620,8172,1,1327610
455,1576412424.072316,192.168.1.4,192.168.1.6,4251613275,3007451620,14480,1,1342090
456,1576412424.072974,192.168.1.4,192.168.1.6,4251627755,3007451620,1926,1,1344016
457,1576412424.073044,192.168.1.4,192.168.1.6,4251629681,3007451620,6809,1,1350825
458,1576412424.275367,192.168.1.4,192.168.1.6,4251636490,3007451620,13032,1,1363857
459,1576412424.275755,192.168.1.4,192.168.1.6,4251649522,3007451620,3374,1,1367231
460,1576412424.275823,192.168.1.4,192.168.1.6,4251652896,3007451620,2720,1,1369951
461,1576412424.278237,192.168.1.4,192.168.1.6,4251655616,3007451620,4111,1,1374062
462,1576412424.486572,192.168.1.4,192.168.1.6,4251659727,3007451620,4111,1,1378173
463,1576412424.487901,192.168.1.4,192.168.1.6,4251663838,3007451620,1385,1,1379558
464,1576412424.492377,192.168.1.4,192.168.1.6,4251665223,3007451620,1385,1,1380943
465,1576412424.536108,192.168.1.4,192.168.1.6,4251666608,3007451620,8688,1,1389631
466,1576412424.536579,192.168.1.4,192.168.1.6,4251675296,3007451620,5792,1,1395423
467,1576412424.536993,192.168.1.4,192.168.1.6,4251681088,3007451620,3283,1,1398706
468,1576412424.696159,192.168.1.4,192.168.1.6,4251684371,3007451620,1385,1,1400091
469,1576412424.703635,192.168.1.4,192.168.1.6,4251685756,3007451620,16406,1,1416497
470,1576412424.704019,192.168.1.4,192.168.1.6,4251702162,3007451620,1357,1,1417854
471,1576412424.708356,192.168.1.4,192.168.1.6,4251703519,3007451620,8688,1,1426542
472,1576412424.708708,192.168.1.4,192.168.1.6,4251712207,3007451620,4964,1,1431506
473,1576412424.905486,192.168.1.4,192.168.1.6,4251717171,3007451620,10136,1,1441642
474,1576412424.905823,192.168.1.4,192.168.1.6,4251727307,3007451620,6270,1,1447912
475,1576412424.906099,192.168.1.4,192.168.1.6,4251733577,3007451620,2720,1,1450632
476,1576412424.907355,192.168.1.4,192.168.1.6,4251736297,3007451620,1385,1,1452017
477,1576412424.908859,192.168.1.4,192.168.1.6,4251737682,3007451620,2748,1,1454765
478,1576412424.936771,192.168.1.4,192.168.1.6,1235856507,510294564,24,1,1454789
479,1576412425.082627,192.168.1.4,192.168.1.6,4251740430,3007451620,2070,1,1456859
480,1576412425.082731,192.168.1.4,192.168.1.6,4251742500,3007451620,2070,1,1458929
481,1576412425.123353,192.168.1.4,192.168.1.6,4251744570,3007451620,16406,1,1475335
482,1576412425.123522,192.168.1.4,192.168.1.6,4251760976,3007451620,6802,1,1482137
