index,time,src_ip,dst_ip,tcp_seq,tcp_ack,tcp_len,direction,cumul_sum
1,1576412590.986276,192.168.1.6,192.168.1.4,3624319324,1083265800,343,0,-343
2,1576412590.986865,192.168.1.4,192.168.1.6,1083265800,3624319667,99,1,-244
3,1576412590.987082,192.168.1.6,192.168.1.4,3624319667,1083265899,382,0,-626
4,1576412590.997928,192.168.1.4,192.168.1.6,1083265899,3624320049,2266,1,1640
5,1576412590.998909,192.168.1.6,192.168.1.4,3624320049,1083268165,74,0,1566
6,1576412590.999225,192.168.1.6,192.168.1.4,3624320123,1083268165,245,0,1321
7,1576412590.999317,192.168.1.4,192.168.1.6,1083268165,3624320123,79,1,1400
8,1576412590.999453,192.168.1.4,192.168.1.6,1083268244,3624320368,79,1,1479
9,1576412591.056621,192.168.1.4,192.168.1.6,1083268323,3624320368,91,1,1570
10,1576412591.057131,192.168.1.6,192.168.1.4,3624320368,1083268414,539,0,1031
11,1576412591.092476,192.168.1.4,192.168.1.6,1083268414,3624320907,2070,1,3101
12,1576412591.136148,192.168.1.4,192.168.1.6,1083270484,3624320907,1020,1,4121
13,1576412591.146552,192.168.1.6,192.168.1.4,3624320907,1083271504,86,0,4035
14,1576412591.147095,192.168.1.6,192.168.1.4,3624320993,1083271504,108,0,3927
15,1576412591.147878,192.168.1.6,192.168.1.4,3624321101,1083271504,321,0,3606
16,1576412591.149215,192.168.1.6,192.168.1.4,3624321422,1083271504,54,0,3552
17,1576412591.189710,192.168.1.4,192.168.1.6,1083271504,3624321476,586,1,4138
18,1576412591.193543,192.168.1.6,192.168.1.4,3624321476,1083272090,53,0,4085
19,1576412591.220205,192.168.1.4,192.168.1.6,1083272090,3624321529,53,1,4138
20,1576412591.264121,192.168.1.4,192.168.1.6,1083272143,3624321529,1164,1,5302
21,1576412591.265596,192.168.1.6,192.168.1.4,3624321529,1083273307,61,0,5241
22,1576412591.594496,192.168.1.6,192.168.1.4,2645978851,1758392675,343,0,4898
23,1576412591.595085,192.168.1.4,192.168.1.6,1758392675,2645979194,99,1,4997
24,1576412591.595293,192.168.1.6,192.168.1.4,2645979194,1758392774,382,0,4615
25,1576412591.596393,192.168.1.6,192.168.1.4,1219955625,1264624746,343,0,4272
26,1576412591.600131,192.168.1.4,192.168.1.6,1264624746,1219955968,99,1,4371
27,1576412591.600374,192.168.1.6,192.168.1.4,1219955968,1264624845,382,0,3989
28,1576412591.613795,192.168.1.4,192.168.1.6,1758392774,2645979576,2266,1,6255
29,1576412591.614695,192.168.1.6,192.168.1.4,2645979576,1758395040,74,0,6181
30,1576412591.614789,192.168.1.6,192.168.1.4,2645979650,1758395040,233,0,5948
31,1576412591.618341,192.168.1.4,192.168.1.6,1264624845,1219956350,2266,1,8214
32,1576412591.618496,192.168.1.4,192.168.1.6,1758395040,2645979883,79,1,8293
33,1576412591.618763,192.168.1.4,192.168.1.6,1758395119,2645979883,79,1,8372
34,1576412591.621233,192.168.1.6,192.168.1.4,1219956350,1264627111,74,0,8298
35,1576412591.621378,192.168.1.6,192.168.1.4,1219956424,1264627111,233,0,8065
36,1576412591.621792,192.168.1.4,192.168.1.6,1264627111,1219956657,79,1,8144
37,1576412591.621806,192.168.1.4,192.168.1.6,1264627190,1219956657,79,1,8223
38,1576412591.930521,192.168.1.4,192.168.1.6,1758395198,2645979883,91,1,8314
39,1576412591.930570,192.168.1.4,192.168.1.6,1264627269,1219956657,91,1,8405
40,1576412591.931593,192.168.1.6,192.168.1.4,2645979883,1758395289,539,0,7866
41,1576412591.932405,192.168.1.6,192.168.1.4,1219956657,1264627360,539,0,7327
42,1576412592.137758,192.168.1.4,192.168.1.6,1758395289,2645980422,2070,1,9397
43,1576412592.138057,192.168.1.4,192.168.1.6,1264627360,1219957196,2070,1,11467
44,1576412592.179642,192.168.1.4,192.168.1.6,1758397359,2645980422,1664,1,13131
45,1576412592.179792,192.168.1.4,192.168.1.6,1264629430,1219957196,1664,1,14795
46,1576412592.189131,192.168.1.6,192.168.1.4,2645980422,1758399023,86,0,14709
47,1576412592.190682,192.168.1.6,192.168.1.4,1219957196,1264631094,86,0,14623
48,1576412592.193144,192.168.1.6,192.168.1.4,2645980508,1758399023,546,0,14077
49,1576412593.700258,192.168.1.4,192.168.1.6,1758399023,2645981054,1442,1,15519
50,1576412593.743027,192.168.1.4,192.168.1.6,1758400465,2645981054,5792,1,21311
51,1576412593.743358,192.168.1.4,192.168.1.6,1758406257,2645981054,8688,1,29999
52,1576412593.744311,192.168.1.4,192.168.1.6,1758414945,2645981054,1192,1,31191
53,1576412593.801428,192.168.1.6,192.168.1.4,1219957282,1264631094,583,0,30608
54,1576412593.803912,192.168.1.6,192.168.1.4,3553261046,992786171,343,0,30265
55,1576412593.804482,192.168.1.4,192.168.1.6,992786171,3553261389,99,1,30364
56,1576412593.804688,192.168.1.6,192.168.1.4,3553261389,992786270,382,0,29982
57,1576412593.807010,192.168.1.6,192.168.1.4,4187573981,3607149880,343,0,29639
58,1576412593.810749,192.168.1.4,192.168.1.6,3607149880,4187574324,99,1,29738
59,1576412593.811015,192.168.1.6,192.168.1.4,4187574324,3607149979,382,0,29356
60,1576412593.823606,192.168.1.4,192.168.1.6,992786270,3553261771,2266,1,31622
61,1576412593.825501,192.168.1.6,192.168.1.4,3553261771,992788536,74,0,31548
62,1576412593.825594,192.168.1.6,192.168.1.4,3553261845,992788536,233,0,31315
63,1576412593.825849,192.168.1.4,192.168.1.6,992788536,3553262078,79,1,31394
64,1576412593.826076,192.168.1.4,192.168.1.6,992788615,3553262078,79,1,31473
65,1576412593.828579,192.168.1.4,192.168.1.6,3607149979,4187574706,2266,1,33739
66,1576412593.829869,192.168.1.6,192.168.1.4,4187574706,3607152245,74,0,33665
67,1576412593.830033,192.168.1.6,192.168.1.4,4187574780,3607152245,233,0,33432
68,1576412593.830482,192.168.1.4,192.168.1.6,3607152245,4187575013,79,1,33511
69,1576412593.830647,192.168.1.4,192.168.1.6,3607152324,4187575013,79,1,33590
70,1576412593.873446,192.168.1.4,192.168.1.6,1758416137,2645981054,4494,1,38084
71,1576412593.875049,192.168.1.6,192.168.1.4,2645981054,1758420631,603,0,37481
72,1576412593.977247,192.168.1.4,192.168.1.6,1264631094,1219957865,2070,1,39551
73,1576412594.010246,192.168.1.4,192.168.1.6,992788694,3553262078,91,1,39642
74,1576412594.010653,192.168.1.6,192.168.1.4,3553262078,992788785,539,0,39103
75,1576412594.014463,192.168.1.4,192.168.1.6,3607152403,4187575013,91,1,39194
76,1576412594.014850,192.168.1.6,192.168.1.4,4187575013,3607152494,539,0,38655
77,1576412594.018652,192.168.1.4,192.168.1.6,1264633164,1219957865,14480,1,53135
78,1576412594.019086,192.168.1.4,192.168.1.6,1264647644,1219957865,902,1,54037
79,1576412594.130958,192.168.1.4,192.168.1.6,1758420631,2645981657,2070,1,56107
80,1576412594.160856,192.168.1.4,192.168.1.6,1264648546,1219957865,10926,1,67033
81,1576412594.161231,192.168.1.4,192.168.1.6,1264659472,1219957865,1385,1,68418
82,1576412594.164942,192.168.1.4,192.168.1.6,1264660857,1219957865,4111,1,72529
83,1576412594.174692,192.168.1.4,192.168.1.6,1758422701,2645981657,13032,1,85561
84,1576412594.174877,192.168.1.4,192.168.1.6,1758435733,2645981657,1448,1,87009
85,1576412594.175030,192.168.1.4,192.168.1.6,1758437181,2645981657,22,1,87031
86,1576412594.205542,192.168.1.4,192.168.1.6,992788785,3553262617,2070,1,89101
87,1576412594.205572,192.168.1.4,192.168.1.6,3607152494,4187575552,2070,1,91171
88,1576412594.247918,192.168.1.4,192.168.1.6,992790855,3553262617,1664,1,92835
89,1576412594.247955,192.168.1.4,192.168.1.6,3607154564,4187575552,1664,1,94499
90,1576412594.249313,192.168.1.6,192.168.1.4,3553262617,992792519,636,0,93863
91,1576412594.249463,192.168.1.6,192.168.1.4,4187575552,3607156228,86,0,93777
92,1576412594.307893,192.168.1.4,192.168.1.6,1758437203,2645981657,6062,1,99839
93,1576412594.310157,192.168.1.6,192.168.1.4,2645981657,1758443265,567,0,99272
94,1576412594.357962,192.168.1.4,192.168.1.6,1264664968,1219957865,12289,1,111561
95,1576412594.421217,192.168.1.4,192.168.1.6,1264677257,1219957865,2070,1,113631
96,1576412594.425172,192.168.1.4,192.168.1.6,992792519,3553263253,1385,1,115016
97,1576412594.462685,192.168.1.4,192.168.1.6,1264679327,1219957865,2063,1,117079
98,1576412594.466666,192.168.1.4,192.168.1.6,992793904,3553263253,11014,1,128093
99,1576412594.488514,192.168.1.4,192.168.1.6,992804918,3553263253,1385,1,129478
100,1576412594.495521,192.168.1.4,192.168.1.6,992806303,3553263253,2748,1,132226
101,1576412594.496677,192.168.1.4,192.168.1.6,1758443265,2645982224,1385,1,133611
102,1576412594.538178,192.168.1.4,192.168.1.6,1758444650,2645982224,13032,1,146643
103,1576412594.538263,192.168.1.4,192.168.1.6,1758457682,2645982224,3035,1,149678
104,1576412594.550515,192.168.1.4,192.168.1.6,1264681390,1219957865,2070,1,151748
105,1576412594.594503,192.168.1.4,192.168.1.6,1264683460,1219957865,14330,1,166078
106,1576412594.605317,192.168.1.4,192.168.1.6,992809051,3553263253,174,1,166252
107,1576412594.608318,192.168.1.4,192.168.1.6,992809225,3553263253,1385,1,167637
108,1576412594.621443,192.168.1.4,192.168.1.6,992810610,3553263253,4111,1,171748
109,1576412594.624135,192.168.1.4,192.168.1.6,992814721,3553263253,2526,1,174274
110,1576412594.626629,192.168.1.6,192.168.1.4,3553263253,992817247,498,0,173776
111,1576412594.687508,192.168.1.4,192.168.1.6,1758460717,2645982224,5792,1,179568
112,1576412594.687682,192.168.1.4,192.168.1.6,1758466509,2645982224,3771,1,183339
113,1576412594.687824,192.168.1.4,192.168.1.6,1758470280,2645982224,2748,1,186087
114,1576412594.690659,192.168.1.4,192.168.1.6,1758473028,2645982224,4118,1,190205
115,1576412594.729785,192.168.1.4,192.168.1.6,1264697790,1219957865,10926,1,201131
116,1576412594.734708,192.168.1.4,192.168.1.6,1758477146,2645982224,10919,1,212050
117,1576412594.769522,192.168.1.4,192.168.1.6,1264708716,1219957865,4111,1,216161
118,1576412594.774970,192.168.1.4,192.168.1.6,1264712827,1219957865,14480,1,230641
119,1576412594.775114,192.168.1.4,192.168.1.6,1264727307,1219957865,1926,1,232567
120,1576412594.775139,192.168.1.4,192.168.1.6,1264729233,1219957865,1357,1,233924
121,1576412594.818486,192.168.1.4,192.168.1.6,1264730590,1219957865,1385,1,235309
122,1576412594.882024,192.168.1.4,192.168.1.6,1264731975,1219957865,4111,1,239420
123,1576412594.883255,192.168.1.4,192.168.1.6,1264736086,1219957865,1385,1,240805
124,1576412594.895432,192.168.1.4,192.168.1.6,1264737471,1219957865,9563,1,250368
125,1576412594.895931,192.168.1.4,192.168.1.6,1264747034,1219957865,2748,1,253116
126,1576412594.898718,192.168.1.4,192.168.1.6,1264749782,1219957865,9563,1,262679
127,1576412594.899425,192.168.1.4,192.168.1.6,1264759345,1219957865,2748,1,265427
128,1576412594.902473,192.168.1.4,192.168.1.6,992817247,3553263751,2070,1,267497
129,1576412594.905701,192.168.1.4,192.168.1.6,1758488065,2645982224,6837,1,274334
130,1576412594.906171,192.168.1.4,192.168.1.6,1758494902,2645982224,1385,1,275719
131,1576412594.913533,192.168.1.4,192.168.1.6,1758496287,2645982224,9563,1,285282
132,1576412594.914206,192.168.1.4,192.168.1.6,1758505850,2645982224,2748,1,288030
133,1576412594.945759,192.168.1.4,192.168.1.6,992819317,3553263751,8688,1,296718
134,1576412594.945832,192.168.1.4,192.168.1.6,992828005,3553263751,5693,1,302411
135,1576412594.957167,192.168.1.6,192.168.1.4,1049018494,2167102084,343,0,302068
136,1576412594.957774,192.168.1.4,192.168.1.6,2167102084,1049018837,99,1,302167
137,1576412594.958027,192.168.1.6,192.168.1.4,1049018837,2167102183,382,0,301785
138,1576412594.969913,192.168.1.4,192.168.1.6,2167102183,1049019219,2266,1,304051
139,1576412594.970709,192.168.1.6,192.168.1.4,1049019219,2167104449,74,0,303977
140,1576412594.970800,192.168.1.6,192.168.1.4,1049019293,2167104449,255,0,303722
141,1576412594.971073,192.168.1.4,192.168.1.6,2167104449,1049019293,79,1,303801
142,1576412594.971204,192.168.1.4,192.168.1.6,2167104528,1049019548,79,1,303880
143,1576412595.013737,192.168.1.4,192.168.1.6,1758508598,2645982224,1385,1,305265
144,1576412595.013755,192.168.1.4,192.168.1.6,1758509983,2645982224,2748,1,308013
145,1576412595.017526,192.168.1.4,192.168.1.6,1758512731,2645982224,1385,1,309398
146,1576412595.027619,192.168.1.4,192.168.1.6,1758514116,2645982224,2748,1,312146
147,1576412595.030099,192.168.1.4,192.168.1.6,1264762093,1219957865,8200,1,320346
148,1576412595.030129,192.168.1.4,192.168.1.6,1758516864,2645982224,1385,1,321731
149,1576412595.030870,192.168.1.4,192.168.1.6,1264770293,1219957865,3354,1,325085
150,1576412595.064260,192.168.1.4,192.168.1.6,2167104607,1049019548,91,1,325176
151,1576412595.064705,192.168.1.6,192.168.1.4,1049019548,2167104698,539,0,324637
152,1576412595.093219,192.168.1.6,192.168.1.4,3883813297,3142021792,343,0,324294
153,1576412595.093685,192.168.1.4,192.168.1.6,3142021792,3883813640,99,1,324393
154,1576412595.093886,192.168.1.6,192.168.1.4,3883813640,3142021891,382,0,324011
155,1576412595.100329,192.168.1.4,192.168.1.6,2167104698,1049020087,2070,1,326081
156,1576412595.106203,192.168.1.4,192.168.1.6,3142021891,3883814022,2266,1,328347
157,1576412595.107070,192.168.1.6,192.168.1.4,3883814022,3142024157,74,0,328273
158,1576412595.107238,192.168.1.6,192.168.1.4,3883814096,3142024157,255,0,328018
159,1576412595.107552,192.168.1.4,192.168.1.6,3142024157,3883814096,79,1,328097
160,1576412595.107763,192.168.1.4,192.168.1.6,3142024236,3883814351,79,1,328176
161,1576412595.142018,192.168.1.4,192.168.1.6,2167106768,1049020087,1250,1,329426
162,1576412595.144324,192.168.1.6,192.168.1.4,1049020087,2167108018,86,0,329340
163,1576412595.144534,192.168.1.6,192.168.1.4,1049020173,2167108018,108,0,329232
164,1576412595.145887,192.168.1.6,192.168.1.4,1049020281,2167108018,277,0,328955
165,1576412595.169810,192.168.1.4,192.168.1.6,1758518249,2645982224,12289,1,341244
166,1576412595.172620,192.168.1.4,192.168.1.6,1758530538,2645982224,12289,1,353533
167,1576412595.174443,192.168.1.4,192.168.1.6,3142024315,3883814351,91,1,353624
168,1576412595.177544,192.168.1.6,192.168.1.4,3883814351,3142024406,539,0,353085
169,1576412595.188337,192.168.1.6,192.168.1.4,1219957865,1264773647,573,0,352512
170,1576412595.209340,192.168.1.6,192.168.1.4,3553263751,992833698,599,0,351913
171,1576412595.231699,192.168.1.4,192.168.1.6,2167108018,1049020558,2070,1,353983
172,1576412595.231841,192.168.1.4,192.168.1.6,1758542827,2645982224,1385,1,355368
173,1576412595.233831,192.168.1.6,192.168.1.4,1049020558,2167110088,53,0,355315
174,1576412595.234394,192.168.1.4,192.168.1.6,2167110088,1049020611,1735,1,357050
175,1576412595.238903,192.168.1.4,192.168.1.6,1758544212,2645982224,8200,1,365250
176,1576412595.239603,192.168.1.4,192.168.1.6,1758552412,2645982224,2748,1,367998
177,1576412595.242328,192.168.1.4,192.168.1.6,1758555160,2645982224,2748,1,370746
178,1576412595.242399,192.168.1.4,192.168.1.6,3142024406,3883814890,2070,1,372816
179,1576412595.257145,192.168.1.4,192.168.1.6,1758557908,2645982224,2748,1,375564
180,1576412595.277789,192.168.1.4,192.168.1.6,2167111823,1049020611,14480,1,390044
181,1576412595.278061,192.168.1.4,192.168.1.6,2167126303,1049020611,9996,1,400040
182,1576412595.279166,192.168.1.6,192.168.1.4,1049020611,2167136299,61,0,399979
183,1576412595.285614,192.168.1.4,192.168.1.6,3142026476,3883814890,1250,1,401229
184,1576412595.290699,192.168.1.6,192.168.1.4,3883814890,3142027726,86,0,401143
185,1576412595.290906,192.168.1.6,192.168.1.4,3883814976,3142027726,108,0,401035
186,1576412595.291905,192.168.1.6,192.168.1.4,3883815084,3142027726,269,0,400766
187,1576412595.324496,192.168.1.4,192.168.1.6,3142027726,3883815353,2070,1,402836
188,1576412595.338535,192.168.1.6,192.168.1.4,3883815353,3142029796,53,0,402783
189,1576412595.339214,192.168.1.4,192.168.1.6,3142029796,3883815406,5740,1,408523
190,1576412595.426091,192.168.1.4,192.168.1.6,3142035536,3883815406,1385,1,409908
191,1576412595.440049,192.168.1.4,192.168.1.6,3142036921,3883815406,1385,1,411293
192,1576412595.452984,192.168.1.4,192.168.1.6,1758560656,2645982224,2748,1,414041
193,1576412595.453096,192.168.1.4,192.168.1.6,1758563404,2645982224,2748,1,416789
194,1576412595.453107,192.168.1.4,192.168.1.6,3142038306,3883815406,6938,1,423727
195,1576412595.455723,192.168.1.4,192.168.1.6,1758566152,2645982224,9563,1,433290
196,1576412595.456244,192.168.1.4,192.168.1.6,1758575715,2645982224,2748,1,436038
197,1576412595.465897,192.168.1.4,192.168.1.6,1758578463,2645982224,9563,1,445601
198,1576412595.466554,192.168.1.4,192.168.1.6,1264773647,1219958438,1385,1,446986
199,1576412595.467028,192.168.1.4,192.168.1.6,1758588026,2645982224,1385,1,448371
200,1576412595.471295,192.168.1.4,192.168.1.6,1264775032,1219958438,4118,1,452489
201,1576412595.489144,192.168.1.4,192.168.1.6,1264779150,1219958438,7240,1,459729
202,1576412595.489434,192.168.1.4,192.168.1.6,1264786390,1219958438,7240,1,466969
203,1576412595.489512,192.168.1.4,192.168.1.6,1264793630,1219958438,10136,1,477105
204,1576412595.489768,192.168.1.4,192.168.1.6,1264803766,1219958438,15506,1,492611
205,1576412595.489955,192.168.1.4,192.168.1.6,1264819272,1219958438,2806,1,495417
206,1576412595.492356,192.168.1.4,192.168.1.6,1264822078,1219958438,11020,1,506437
207,1576412595.493152,192.168.1.4,192.168.1.6,1264833098,1219958438,1385,1,507822
208,1576412595.496282,192.168.1.4,192.168.1.6,1264834483,1219958438,11114,1,518936
209,1576412595.497008,192.168.1.4,192.168.1.6,1264845597,1219958438,1385,1,520321
210,1576412595.520150,192.168.1.4,192.168.1.6,992833698,3553264350,1093,1,521414
211,1576412595.520274,192.168.1.4,192.168.1.6,1758589411,2645982224,1385,1,522799
212,1576412595.520381,192.168.1.4,192.168.1.6,1264846982,1219958438,8200,1,530999
213,1576412595.527094,192.168.1.4,192.168.1.6,3142045244,3883815406,1733,1,532732
214,1576412595.529614,192.168.1.6,192.168.1.4,3883815406,3142046977,61,0,532671
215,1576412595.568376,192.168.1.4,192.168.1.6,1758590796,2645982224,16406,1,549077
216,1576412595.568428,192.168.1.4,192.168.1.6,1758607202,2645982224,7579,1,556656
217,1576412595.634673,192.168.1.6,192.168.1.4,3553264350,992834791,675,0,555981
218,1576412595.636808,192.168.1.4,192.168.1.6,1758614781,2645982224,1385,1,557366
219,1576412595.638033,192.168.1.4,192.168.1.6,1758616166,2645982224,4111,1,561477
220,1576412595.724007,192.168.1.4,192.168.1.6,1264855182,1219958438,10926,1,572403
221,1576412595.724419,192.168.1.4,192.168.1.6,1264866108,1219958438,1385,1,573788
222,1576412595.726889,192.168.1.4,192.168.1.6,1264867493,1219958438,8200,1,581988
223,1576412595.730720,192.168.1.4,192.168.1.6,1264875693,1219958438,10926,1,592914
224,1576412595.731246,192.168.1.4,192.168.1.6,1264886619,1219958438,2748,1,595662
225,1576412595.734063,192.168.1.4,192.168.1.6,1264889367,1219958438,9563,1,605225
226,1576412595.734607,192.168.1.4,192.168.1.6,1264898930,1219958438,2748,1,607973
227,1576412595.788034,192.168.1.6,192.168.1.4,3883815467,3142046977,377,0,607596
228,1576412595.808690,192.168.1.4,192.168.1.6,1264901678,1219958438,1385,1,608981
229,1576412595.816824,192.168.1.4,192.168.1.6,1264903063,1219958438,10911,1,619892
230,1576412595.817380,192.168.1.4,192.168.1.6,1264913974,1219958438,1385,1,621277
231,1576412595.822867,192.168.1.4,192.168.1.6,1264915359,1219958438,9563,1,630840
232,1576412595.823395,192.168.1.4,192.168.1.6,1264924922,1219958438,2748,1,633588
233,1576412595.826336,192.168.1.4,192.168.1.6,1264927670,1219958438,10926,1,644514
234,1576412595.827021,192.168.1.4,192.168.1.6,1264938596,1219958438,1385,1,645899
235,1576412595.829729,192.168.1.4,192.168.1.6,1758620277,2645982224,2748,1,648647
236,1576412595.829880,192.168.1.4,192.168.1.6,1264939981,1219958438,7364,1,656011
237,1576412595.830465,192.168.1.4,192.168.1.6,1758623025,2645982224,2748,1,658759
238,1576412595.833229,192.168.1.4,192.168.1.6,1758625773,2645982224,7240,1,665999
239,1576412595.833358,192.168.1.4,192.168.1.6,1758633013,2645982224,3686,1,669685
240,1576412595.833834,192.168.1.4,192.168.1.6,1758636699,2645982224,1385,1,671070
241,1576412595.837155,192.168.1.4,192.168.1.6,1758638084,2645982224,10926,1,681996
242,1576412595.837169,192.168.1.4,192.168.1.6,1758649010,2645982224,1385,1,683381
243,1576412595.843531,192.168.1.4,192.168.1.6,1758650395,2645982224,10926,1,694307
244,1576412595.844106,192.168.1.4,192.168.1.6,1758661321,2645982224,1385,1,695692
245,1576412595.857924,192.168.1.4,192.168.1.6,1758662706,2645982224,10926,1,706618
246,1576412595.858287,192.168.1.4,192.168.1.6,1758673632,2645982224,1385,1,708003
247,1576412595.861059,192.168.1.4,192.168.1.6,992834791,3553265025,1385,1,709388
248,1576412595.861261,192.168.1.4,192.168.1.6,1758675017,2645982224,9563,1,718951
249,1576412595.862368,192.168.1.4,192.168.1.6,992836176,3553265025,1385,1,720336
250,1576412595.865038,192.168.1.4,192.168.1.6,992837561,3553265025,2070,1,722406
251,1576412595.868521,192.168.1.4,192.168.1.6,1758684580,2645982224,2748,1,725154
252,1576412595.900640,192.168.1.4,192.168.1.6,1758687328,2645982224,5474,1,730628
253,1576412595.905746,192.168.1.4,192.168.1.6,992839631,3553265025,8688,1,739316
254,1576412595.905910,192.168.1.4,192.168.1.6,992848319,3553265025,1793,1,741109
255,1576412595.944627,192.168.1.4,192.168.1.6,3142046977,3883815844,867,1,741976
256,1576412595.949497,192.168.1.6,192.168.1.4,3883815844,3142047844,61,0,741915
257,1576412595.967040,192.168.1.6,192.168.1.4,3691680751,918636769,343,0,741572
258,1576412595.967952,192.168.1.4,192.168.1.6,918636769,3691681094,99,1,741671
259,1576412595.968322,192.168.1.6,192.168.1.4,3691681094,918636868,382,0,741289
260,1576412595.978911,192.168.1.4,192.168.1.6,918636868,3691681476,2266,1,743555
261,1576412595.980459,192.168.1.6,192.168.1.4,3691681476,918639134,74,0,743481
262,1576412595.980553,192.168.1.6,192.168.1.4,3691681550,918639134,253,0,743228
263,1576412595.980840,192.168.1.4,192.168.1.6,918639134,3691681550,79,1,743307
264,1576412595.980923,192.168.1.4,192.168.1.6,918639213,3691681803,79,1,743386
265,1576412596.027110,192.168.1.4,192.168.1.6,918639292,3691681803,91,1,743477
266,1576412596.027521,192.168.1.6,192.168.1.4,3691681803,918639383,539,0,742938
267,1576412596.078279,192.168.1.4,192.168.1.6,918639383,3691682342,1385,1,744323
268,1576412596.083614,192.168.1.4,192.168.1.6,992850112,3553265025,8200,1,752523
269,1576412596.084023,192.168.1.4,192.168.1.6,992858312,3553265025,2748,1,755271
270,1576412596.087343,192.168.1.4,192.168.1.6,1758692802,2645982224,6837,1,762108
271,1576412596.087390,192.168.1.4,192.168.1.6,992861060,3553265025,5474,1,767582
272,1576412596.097770,192.168.1.4,192.168.1.6,1758699639,2645982224,10926,1,778508
273,1576412596.098284,192.168.1.4,192.168.1.6,1758710565,2645982224,1385,1,779893
274,1576412596.121913,192.168.1.4,192.168.1.6,918640768,3691682342,1530,1,781423
275,1576412596.128283,192.168.1.6,192.168.1.4,3691682342,918642298,86,0,781337
276,1576412596.128998,192.168.1.6,192.168.1.4,3691682428,918642298,108,0,781229
277,1576412596.129855,192.168.1.6,192.168.1.4,3691682536,918642298,396,0,780833
278,1576412596.199217,192.168.1.4,192.168.1.6,1758711950,2645982224,9913,1,790746
279,1576412596.200096,192.168.1.4,192.168.1.6,1758721863,2645982224,2748,1,793494
280,1576412596.202063,192.168.1.4,192.168.1.6,1758724611,2645982224,9563,1,803057
281,1576412596.202976,192.168.1.4,192.168.1.6,1758734174,2645982224,2748,1,805805
282,1576412596.207907,192.168.1.4,192.168.1.6,1758736922,2645982224,6887,1,812692
283,1576412596.218257,192.168.1.4,192.168.1.6,1758743809,2645982224,14480,1,827172
284,1576412596.218542,192.168.1.4,192.168.1.6,1758758289,2645982224,1926,1,829098
285,1576412596.219295,192.168.1.4,192.168.1.6,1758760215,2645982224,9535,1,838633
286,1576412596.219384,192.168.1.4,192.168.1.6,1758769750,2645982224,7207,1,845840
287,1576412596.263316,192.168.1.4,192.168.1.6,992866534,3553265025,10926,1,856766
288,1576412596.263728,192.168.1.4,192.168.1.6,1758776957,2645982224,1385,1,858151
289,1576412596.265652,192.168.1.4,192.168.1.6,1758778342,2645982224,4111,1,862262
290,1576412596.267738,192.168.1.4,192.168.1.6,1758782453,2645982224,1385,1,863647
291,1576412596.361762,192.168.1.4,192.168.1.6,918642298,3691682932,617,1,864264
292,1576412596.362754,192.168.1.6,192.168.1.4,3691682932,918642915,53,0,864211
293,1576412596.384156,192.168.1.4,192.168.1.6,918642915,3691682985,534,1,864745
294,1576412596.397370,192.168.1.6,192.168.1.4,3691682985,918643449,61,0,864684
295,1576412596.507782,192.168.1.4,192.168.1.6,1758783838,2645982224,4118,1,868802
296,1576412596.519251,192.168.1.4,192.168.1.6,992877460,3553265025,7240,1,876042
297,1576412596.522683,192.168.1.4,192.168.1.6,992884700,3553265025,974,1,877016
298,1576412596.549616,192.168.1.4,192.168.1.6,1758787956,2645982224,14480,1,891496
299,1576412596.549937,192.168.1.4,192.168.1.6,1758802436,2645982224,6002,1,897498
300,1576412596.561721,192.168.1.4,192.168.1.6,992885674,3553265025,6735,1,904233
301,1576412596.606813,192.168.1.4,192.168.1.6,1758808438,2645982224,2748,1,906981
302,1576412596.669630,192.168.1.4,192.168.1.6,1758811186,2645982224,1385,1,908366
303,1576412596.681109,192.168.1.4,192.168.1.6,1758812571,2645982224,2748,1,911114
304,1576412596.739442,192.168.1.4,192.168.1.6,1758815319,2645982224,9563,1,920677
305,1576412596.813706,192.168.1.4,192.168.1.6,1758824882,2645982224,8200,1,928877
306,1576412596.817111,192.168.1.4,192.168.1.6,1758833082,2645982224,12289,1,941166
307,1576412596.821041,192.168.1.4,192.168.1.6,1758845371,2645982224,5474,1,946640
308,1576412596.825940,192.168.1.4,192.168.1.6,1758850845,2645982224,10926,1,957566
309,1576412596.829401,192.168.1.4,192.168.1.6,1758861771,2645982224,8200,1,965766
310,1576412596.833480,192.168.1.4,192.168.1.6,1758869971,2645982224,12885,1,978651
311,1576412597.197653,192.168.1.6,192.168.1.4,2645982224,1758882856,735,0,977916
312,1576412597.306237,192.168.1.6,192.168.1.4,3553265025,992892409,733,0,977183
313,1576412597.450639,192.168.1.4,192.168.1.6,1758882856,2645982959,1084,1,978267
314,1576412597.484871,192.168.1.4,192.168.1.6,992892409,3553265758,10262,1,988529
315,1576412597.524816,192.168.1.4,192.168.1.6,992902671,3553265758,7190,1,995719
316,1576412597.672770,192.168.1.4,192.168.1.6,992909861,3553265758,12289,1,1008008
317,1576412597.717081,192.168.1.4,192.168.1.6,992922150,3553265758,4111,1,1012119
318,1576412597.870916,192.168.1.4,192.168.1.6,992926261,3553265758,9563,1,1021682
319,1576412597.871301,192.168.1.4,192.168.1.6,992935824,3553265758,2748,1,1024430
320,1576412597.873163,192.168.1.4,192.168.1.6,992938572,3553265758,4111,1,1028541
321,1576412598.078558,192.168.1.4,192.168.1.6,992942683,3553265758,12289,1,1040830
322,1576412598.121474,192.168.1.4,192.168.1.6,992954972,3553265758,4111,1,1044941
323,1576412598.288311,192.168.1.4,192.168.1.6,992959083,3553265758,10926,1,1055867
324,1576412598.288841,192.168.1.4,192.168.1.6,992970009,3553265758,1385,1,1057252
325,1576412598.291370,192.168.1.4,192.168.1.6,992971394,3553265758,4111,1,1061363
326,1576412598.295246,192.168.1.4,192.168.1.6,992975505,3553265758,9563,1,1070926
327,1576412598.302493,192.168.1.4,192.168.1.6,992985068,3553265758,8200,1,1079126
328,1576412598.312415,192.168.1.4,192.168.1.6,992993268,3553265758,9563,1,1088689
329,1576412598.312902,192.168.1.4,192.168.1.6,993002831,3553265758,2748,1,1091437
330,1576412598.317553,192.168.1.4,192.168.1.6,993005579,3553265758,9563,1,1101000
331,1576412598.318172,192.168.1.4,192.168.1.6,993015142,3553265758,2748,1,1103748
332,1576412598.321968,192.168.1.4,192.168.1.6,993017890,3553265758,10926,1,1114674
333,1576412598.703519,192.168.1.4,192.168.1.6,993028816,3553265758,4111,1,1118785
334,1576412598.710369,192.168.1.4,192.168.1.6,993032927,3553265758,2748,1,1121533
335,1576412598.721038,192.168.1.4,192.168.1.6,993035675,3553265758,1385,1,1122918
336,1576412598.730649,192.168.1.4,192.168.1.6,993037060,3553265758,4111,1,1127029
337,1576412598.737762,192.168.1.4,192.168.1.6,993041171,3553265758,1385,1,1128414
338,1576412598.745103,192.168.1.4,192.168.1.6,993042556,3553265758,1385,1,1129799
339,1576412598.789190,192.168.1.4,192.168.1.6,993043941,3553265758,4111,1,1133910
340,1576412598.833351,192.168.1.4,192.168.1.6,993048052,3553265758,12289,1,1146199
341,1576412598.877331,192.168.1.4,192.168.1.6,993060341,3553265758,16406,1,1162605
342,1576412598.877583,192.168.1.4,192.168.1.6,993076747,3553265758,9108,1,1171713
343,1576412598.900817,192.168.1.4,192.168.1.6,993085855,3553265758,16406,1,1188119
344,1576412598.901071,192.168.1.4,192.168.1.6,993102261,3553265758,13032,1,1201151
345,1576412598.901594,192.168.1.4,192.168.1.6,993115293,3553265758,6066,1,1207217
346,1576412598.916969,192.168.1.4,192.168.1.6,993121359,3553265758,8200,1,1215417
347,1576412598.924454,192.168.1.4,192.168.1.6,993129559,3553265758,6837,1,1222254
348,1576412598.946378,192.168.1.4,192.168.1.6,993136396,3553265758,2748,1,1225002
349,1576412598.962677,192.168.1.4,192.168.1.6,993139144,3553265758,6837,1,1231839
350,1576412598.964102,192.168.1.4,192.168.1.6,993145981,3553265758,2748,1,1234587
351,1576412598.994531,192.168.1.4,192.168.1.6,993148729,3553265758,6837,1,1241424
352,1576412598.997830,192.168.1.4,192.168.1.6,993155566,3553265758,2748,1,1244172
353,1576412599.007089,192.168.1.4,192.168.1.6,993158314,3553265758,122,1,1244294
354,1576412599.010985,192.168.1.4,192.168.1.6,993158436,3553265758,12289,1,1256583
355,1576412599.012465,192.168.1.4,192.168.1.6,993170725,3553265758,2748,1,1259331
356,1576412599.017144,192.168.1.4,192.168.1.6,993173473,3553265758,2748,1,1262079
357,1576412599.027838,192.168.1.4,192.168.1.6,993176221,3553265758,9563,1,1271642
358,1576412599.028660,192.168.1.4,192.168.1.6,993185784,3553265758,2748,1,1274390
359,1576412599.092999,192.168.1.4,192.168.1.6,993188532,3553265758,12289,1,1286679
