index,time,src_ip,dst_ip,tcp_seq,tcp_ack,tcp_len,direction,cumul_sum
1,1576358529.487018,192.168.1.6,192.168.1.4,1165128247,232361058,343,0,-343
2,1576358529.487631,192.168.1.4,192.168.1.6,232361058,1165128590,99,1,-244
3,1576358529.487919,192.168.1.6,192.168.1.4,1165128590,232361157,382,0,-626
4,1576358529.498571,192.168.1.4,192.168.1.6,232361157,1165128972,2266,1,1640
5,1576358529.499453,192.168.1.6,192.168.1.4,1165128972,232363423,74,0,1566
6,1576358529.499565,192.168.1.6,192.168.1.4,1165129046,232363423,245,0,1321
7,1576358529.499886,192.168.1.4,192.168.1.6,232363423,1165129291,79,1,1400
8,1576358529.499913,192.168.1.4,192.168.1.6,232363502,1165129291,79,1,1479
9,1576358529.537453,192.168.1.4,192.168.1.6,232363581,1165129291,91,1,1570
10,1576358529.537884,192.168.1.6,192.168.1.4,1165129291,232363672,539,0,1031
11,1576358529.581733,192.168.1.4,192.168.1.6,232363672,1165129830,1385,1,2416
12,1576358529.623124,192.168.1.4,192.168.1.6,232365057,1165129830,1385,1,3801
13,1576358529.639306,192.168.1.4,192.168.1.6,232366442,1165129830,342,1,4143
14,1576358529.660917,192.168.1.6,192.168.1.4,1165129830,232366784,86,0,4057
15,1576358529.661431,192.168.1.6,192.168.1.4,1165129916,232366784,108,0,3949
16,1576358529.661963,192.168.1.6,192.168.1.4,1165130024,232366784,321,0,3628
17,1576358529.662085,192.168.1.6,192.168.1.4,1165130345,232366784,54,0,3574
18,1576358529.693064,192.168.1.4,192.168.1.6,232366784,1165130399,586,1,4160
19,1576358529.693390,192.168.1.6,192.168.1.4,1165130399,232367370,53,0,4107
20,1576358529.693977,192.168.1.4,192.168.1.6,232367370,1165130452,53,1,4160
21,1576358529.734985,192.168.1.4,192.168.1.6,232367423,1165130452,1365,1,5525
22,1576358529.737363,192.168.1.6,192.168.1.4,1165130452,232368788,61,0,5464
23,1576358530.209946,192.168.1.6,192.168.1.4,1207442721,2742852337,343,0,5121
24,1576358530.210363,192.168.1.4,192.168.1.6,2742852337,1207443064,99,1,5220
25,1576358530.210634,192.168.1.6,192.168.1.4,1207443064,2742852436,382,0,4838
26,1576358530.214954,192.168.1.6,192.168.1.4,2683703654,1085479682,343,0,4495
27,1576358530.219430,192.168.1.4,192.168.1.6,1085479682,2683703997,99,1,4594
28,1576358530.219779,192.168.1.6,192.168.1.4,2683703997,1085479781,382,0,4212
29,1576358530.225300,192.168.1.4,192.168.1.6,2742852436,1207443446,2266,1,6478
30,1576358530.226185,192.168.1.6,192.168.1.4,1207443446,2742854702,74,0,6404
31,1576358530.226295,192.168.1.6,192.168.1.4,1207443520,2742854702,239,0,6165
32,1576358530.231250,192.168.1.4,192.168.1.6,2742854702,1207443759,79,1,6244
33,1576358530.231287,192.168.1.4,192.168.1.6,2742854781,1207443759,79,1,6323
34,1576358530.236327,192.168.1.4,192.168.1.6,1085479781,2683704379,2266,1,8589
35,1576358530.237265,192.168.1.6,192.168.1.4,2683704379,1085482047,74,0,8515
36,1576358530.237370,192.168.1.6,192.168.1.4,2683704453,1085482047,239,0,8276
37,1576358530.237762,192.168.1.4,192.168.1.6,1085482047,2683704692,79,1,8355
38,1576358530.237774,192.168.1.4,192.168.1.6,1085482126,2683704692,79,1,8434
39,1576358530.274052,192.168.1.4,192.168.1.6,2742854860,1207443759,91,1,8525
40,1576358530.274441,192.168.1.6,192.168.1.4,1207443759,2742854951,539,0,7986
41,1576358530.275537,192.168.1.4,192.168.1.6,1085482205,2683704692,91,1,8077
42,1576358530.275916,192.168.1.6,192.168.1.4,2683704692,1085482296,539,0,7538
43,1576358530.314261,192.168.1.4,192.168.1.6,2742854951,1207444298,2070,1,9608
44,1576358530.314464,192.168.1.4,192.168.1.6,1085482296,2683705231,2070,1,11678
45,1576358530.351535,192.168.1.4,192.168.1.6,1085484366,2683705231,1331,1,13009
46,1576358530.351553,192.168.1.4,192.168.1.6,2742857021,1207444298,1331,1,14340
47,1576358530.361361,192.168.1.6,192.168.1.4,1207444298,2742858352,148,0,14192
48,1576358530.363041,192.168.1.6,192.168.1.4,2683705231,1085485697,148,0,14044
49,1576358530.402780,192.168.1.4,192.168.1.6,2742858352,1207444446,296,1,14340
50,1576358530.403340,192.168.1.6,192.168.1.4,1207444446,2742858648,530,0,13810
51,1576358530.410884,192.168.1.4,192.168.1.6,1085485697,2683705379,296,1,14106
52,1576358530.980627,192.168.1.4,192.168.1.6,2742858648,1207444976,1385,1,15491
53,1576358531.082285,192.168.1.4,192.168.1.6,2742860033,1207444976,1385,1,16876
54,1576358531.083030,192.168.1.4,192.168.1.6,2742861418,1207444976,2748,1,19624
55,1576358531.088749,192.168.1.4,192.168.1.6,2742864166,1207444976,4344,1,23968
56,1576358531.089677,192.168.1.4,192.168.1.6,2742868510,1207444976,4613,1,28581
57,1576358531.096577,192.168.1.4,192.168.1.6,2742873123,1207444976,2748,1,31329
58,1576358531.105832,192.168.1.4,192.168.1.6,2742875871,1207444976,1385,1,32714
59,1576358531.111247,192.168.1.4,192.168.1.6,2742877256,1207444976,976,1,33690
60,1576358531.185362,192.168.1.6,192.168.1.4,1207444976,2742878232,611,0,33079
61,1576358531.211956,192.168.1.6,192.168.1.4,2683705379,1085485993,638,0,32441
62,1576358531.224054,192.168.1.4,192.168.1.6,2742878232,1207445587,2748,1,35189
63,1576358531.226464,192.168.1.4,192.168.1.6,2742880980,1207445587,2070,1,37259
64,1576358531.228531,192.168.1.6,192.168.1.4,879087981,940978664,343,0,36916
65,1576358531.229107,192.168.1.4,192.168.1.6,940978664,879088324,99,1,37015
66,1576358531.229339,192.168.1.6,192.168.1.4,879088324,940978763,382,0,36633
67,1576358531.240642,192.168.1.4,192.168.1.6,940978763,879088706,2266,1,38899
68,1576358531.241540,192.168.1.6,192.168.1.4,879088706,940981029,74,0,38825
69,1576358531.241650,192.168.1.6,192.168.1.4,879088780,940981029,239,0,38586
70,1576358531.241975,192.168.1.4,192.168.1.6,940981029,879089019,79,1,38665
71,1576358531.242590,192.168.1.4,192.168.1.6,940981108,879089019,79,1,38744
72,1576358531.243070,192.168.1.4,192.168.1.6,1085485993,2683706017,1473,1,40217
73,1576358531.266177,192.168.1.6,192.168.1.4,541568270,1968133080,343,0,39874
74,1576358531.266909,192.168.1.4,192.168.1.6,1968133080,541568613,99,1,39973
75,1576358531.267068,192.168.1.4,192.168.1.6,2742883050,1207445587,16406,1,56379
76,1576358531.267211,192.168.1.4,192.168.1.6,2742899456,1207445587,7240,1,63619
77,1576358531.267297,192.168.1.4,192.168.1.6,2742906696,1207445587,4949,1,68568
78,1576358531.267627,192.168.1.6,192.168.1.4,541568613,1968133179,382,0,68186
79,1576358531.278089,192.168.1.4,192.168.1.6,1968133179,541568995,2266,1,70452
80,1576358531.279117,192.168.1.6,192.168.1.4,541568995,1968135445,74,0,70378
81,1576358531.279250,192.168.1.6,192.168.1.4,541569069,1968135445,239,0,70139
82,1576358531.279624,192.168.1.4,192.168.1.6,1968135445,541569308,79,1,70218
83,1576358531.280004,192.168.1.4,192.168.1.6,1968135524,541569308,79,1,70297
84,1576358531.288652,192.168.1.4,192.168.1.6,940981187,879089019,91,1,70388
85,1576358531.291939,192.168.1.6,192.168.1.4,2683706017,1085487466,594,0,69794
86,1576358531.292255,192.168.1.6,192.168.1.4,879089019,940981278,543,0,69251
87,1576358531.315330,192.168.1.4,192.168.1.6,2742911645,1207445587,16378,1,85629
88,1576358531.315465,192.168.1.4,192.168.1.6,2742928023,1207445587,6837,1,92466
89,1576358531.315521,192.168.1.4,192.168.1.6,2742934860,1207445587,2748,1,95214
90,1576358531.335748,192.168.1.4,192.168.1.6,2742937608,1207445587,1385,1,96599
91,1576358531.347954,192.168.1.6,192.168.1.4,661152056,3836962264,343,0,96256
92,1576358531.348373,192.168.1.4,192.168.1.6,3836962264,661152399,99,1,96355
93,1576358531.348834,192.168.1.6,192.168.1.4,661152399,3836962363,382,0,95973
94,1576358531.359508,192.168.1.4,192.168.1.6,3836962363,661152781,2266,1,98239
95,1576358531.360376,192.168.1.6,192.168.1.4,661152781,3836964629,74,0,98165
96,1576358531.360522,192.168.1.6,192.168.1.4,661152855,3836964629,239,0,97926
97,1576358531.360872,192.168.1.4,192.168.1.6,3836964629,661153094,79,1,98005
98,1576358531.361824,192.168.1.4,192.168.1.6,3836964708,661153094,79,1,98084
99,1576358531.376222,192.168.1.4,192.168.1.6,2742938993,1207445587,4111,1,102195
100,1576358531.377049,192.168.1.4,192.168.1.6,2742943104,1207445587,2748,1,104943
101,1576358531.388297,192.168.1.4,192.168.1.6,2742945852,1207445587,1385,1,106328
102,1576358531.393015,192.168.1.4,192.168.1.6,1085487466,2683706611,6837,1,113165
103,1576358531.393208,192.168.1.4,192.168.1.6,2742947237,1207445587,14581,1,127746
104,1576358531.393735,192.168.1.4,192.168.1.6,1085494303,2683706611,1968,1,129714
105,1576358531.394446,192.168.1.4,192.168.1.6,940981278,879089562,159,1,129873
106,1576358531.394576,192.168.1.4,192.168.1.6,1085496271,2683706611,4111,1,133984
107,1576358531.397790,192.168.1.4,192.168.1.6,1968135603,541569308,91,1,134075
108,1576358531.412677,192.168.1.4,192.168.1.6,1085500382,2683706611,1385,1,135460
109,1576358531.430283,192.168.1.6,192.168.1.4,879089562,940981437,73,0,135387
110,1576358531.445873,192.168.1.4,192.168.1.6,1085501767,2683706611,14480,1,149867
111,1576358531.446066,192.168.1.4,192.168.1.6,1085516247,2683706611,535,1,150402
112,1576358531.448761,192.168.1.4,192.168.1.6,3836964787,661153094,91,1,150493
113,1576358531.461872,192.168.1.6,192.168.1.4,541569308,1968135694,543,0,149950
114,1576358531.462672,192.168.1.6,192.168.1.4,661153094,3836964878,543,0,149407
115,1576358531.487559,192.168.1.4,192.168.1.6,1968135694,541569851,159,1,149566
116,1576358531.487634,192.168.1.4,192.168.1.6,1085516782,2683706611,5792,1,155358
117,1576358531.487930,192.168.1.4,192.168.1.6,1085522574,2683706611,10614,1,165972
118,1576358531.487954,192.168.1.4,192.168.1.6,1085533188,2683706611,1357,1,167329
119,1576358531.495523,192.168.1.4,192.168.1.6,3836964878,661153637,159,1,167488
120,1576358531.509340,192.168.1.6,192.168.1.4,541569851,1968135853,73,0,167415
121,1576358531.531650,192.168.1.4,192.168.1.6,1085534545,2683706611,16406,1,183821
122,1576358531.531768,192.168.1.4,192.168.1.6,1085550951,2683706611,9535,1,193356
123,1576358531.547986,192.168.1.6,192.168.1.4,661153637,3836965037,73,0,193283
124,1576358531.574885,192.168.1.4,192.168.1.6,1085560486,2683706611,10926,1,204209
125,1576358531.582689,192.168.1.6,192.168.1.4,879089635,940981437,609,0,203600
126,1576358531.587121,192.168.1.4,192.168.1.6,1085571412,2683706611,5474,1,209074
127,1576358531.591586,192.168.1.4,192.168.1.6,1085576886,2683706611,1385,1,210459
128,1576358531.595776,192.168.1.6,192.168.1.4,1207445587,2742961818,622,0,209837
129,1576358531.610387,192.168.1.4,192.168.1.6,1085578271,2683706611,16378,1,226215
130,1576358531.632907,192.168.1.4,192.168.1.6,1085594649,2683706611,4111,1,230326
131,1576358531.634011,192.168.1.4,192.168.1.6,1085598760,2683706611,2748,1,233074
132,1576358531.637129,192.168.1.4,192.168.1.6,1085601508,2683706611,5474,1,238548
133,1576358531.644552,192.168.1.4,192.168.1.6,1085606982,2683706611,1385,1,239933
134,1576358531.645821,192.168.1.4,192.168.1.6,1085608367,2683706611,11174,1,251107
135,1576358531.744094,192.168.1.4,192.168.1.6,1085619541,2683706611,1385,1,252492
136,1576358531.745363,192.168.1.4,192.168.1.6,1085620926,2683706611,10886,1,263378
137,1576358531.823299,192.168.1.4,192.168.1.6,1085631812,2683706611,2748,1,266126
138,1576358531.897756,192.168.1.6,192.168.1.4,541569924,1968135853,629,0,265497
139,1576358531.903067,192.168.1.6,192.168.1.4,661153710,3836965037,635,0,264862
140,1576358531.912297,192.168.1.6,192.168.1.4,963814462,1590293660,343,0,264519
141,1576358531.912723,192.168.1.4,192.168.1.6,1590293660,963814805,99,1,264618
142,1576358531.913044,192.168.1.6,192.168.1.4,963814805,1590293759,382,0,264236
143,1576358531.922909,192.168.1.4,192.168.1.6,1085634560,2683706611,2748,1,266984
144,1576358531.924800,192.168.1.4,192.168.1.6,1590293759,963815187,2266,1,269250
145,1576358531.925818,192.168.1.6,192.168.1.4,963815187,1590296025,74,0,269176
146,1576358531.925932,192.168.1.6,192.168.1.4,963815261,1590296025,239,0,268937
147,1576358531.926299,192.168.1.4,192.168.1.6,1590296025,963815500,79,1,269016
148,1576358531.926401,192.168.1.4,192.168.1.6,1590296104,963815500,79,1,269095
149,1576358531.927965,192.168.1.4,192.168.1.6,1085637308,2683706611,4111,1,273206
150,1576358531.929397,192.168.1.4,192.168.1.6,1085641419,2683706611,1385,1,274591
151,1576358531.930497,192.168.1.4,192.168.1.6,1085642804,2683706611,1385,1,275976
152,1576358531.967577,192.168.1.4,192.168.1.6,940981437,879090244,1079,1,277055
153,1576358531.967724,192.168.1.4,192.168.1.6,2742961818,1207446209,4118,1,281173
154,1576358531.971070,192.168.1.4,192.168.1.6,1085644189,2683706611,9955,1,291128
155,1576358531.974219,192.168.1.4,192.168.1.6,1968135853,541570553,1517,1,292645
156,1576358531.974275,192.168.1.4,192.168.1.6,3836965037,661154345,1303,1,293948
157,1576358531.987585,192.168.1.4,192.168.1.6,1590296183,963815500,91,1,294039
158,1576358532.019082,192.168.1.4,192.168.1.6,2742965936,1207446209,2645,1,296684
159,1576358532.165391,192.168.1.6,192.168.1.4,963815500,1590296274,543,0,296141
160,1576358532.200823,192.168.1.4,192.168.1.6,1590296274,963816043,159,1,296300
161,1576358532.225483,192.168.1.6,192.168.1.4,963816043,1590296433,73,0,296227
162,1576358532.302544,192.168.1.6,192.168.1.4,2033698873,320583629,343,0,295884
163,1576358532.302949,192.168.1.4,192.168.1.6,320583629,2033699216,99,1,295983
164,1576358532.304663,192.168.1.6,192.168.1.4,2033699216,320583728,382,0,295601
165,1576358532.315427,192.168.1.4,192.168.1.6,320583728,2033699598,2266,1,297867
166,1576358532.316353,192.168.1.6,192.168.1.4,2033699598,320585994,74,0,297793
167,1576358532.316765,192.168.1.4,192.168.1.6,320585994,2033699672,79,1,297872
168,1576358532.316916,192.168.1.4,192.168.1.6,320586073,2033699672,79,1,297951
169,1576358532.317112,192.168.1.6,192.168.1.4,2033699672,320586152,239,0,297712
170,1576358532.318598,192.168.1.6,192.168.1.4,1225727774,1722754752,343,0,297369
171,1576358532.319302,192.168.1.4,192.168.1.6,1722754752,1225728117,99,1,297468
172,1576358532.319600,192.168.1.6,192.168.1.4,1225728117,1722754851,382,0,297086
173,1576358532.327344,192.168.1.6,192.168.1.4,131446180,3756628815,343,0,296743
174,1576358532.331677,192.168.1.4,192.168.1.6,3756628815,131446523,99,1,296842
175,1576358532.332094,192.168.1.6,192.168.1.4,131446523,3756628914,382,0,296460
176,1576358532.335665,192.168.1.6,192.168.1.4,2038986255,3378505204,343,0,296117
177,1576358532.336588,192.168.1.4,192.168.1.6,1722754851,1225728499,2266,1,298383
178,1576358532.337375,192.168.1.6,192.168.1.4,1225728499,1722757117,74,0,298309
179,1576358532.337495,192.168.1.6,192.168.1.4,1225728573,1722757117,239,0,298070
180,1576358532.339390,192.168.1.4,192.168.1.6,1722757117,1225728812,79,1,298149
181,1576358532.339415,192.168.1.4,192.168.1.6,1722757196,1225728812,79,1,298228
182,1576358532.341822,192.168.1.4,192.168.1.6,3378505204,2038986598,99,1,298327
183,1576358532.342142,192.168.1.6,192.168.1.4,2038986598,3378505303,382,0,297945
184,1576358532.350698,192.168.1.4,192.168.1.6,320586152,2033699911,91,1,298036
185,1576358532.352391,192.168.1.6,192.168.1.4,3976651998,3930070701,343,0,297693
186,1576358532.357874,192.168.1.4,192.168.1.6,3756628914,131446905,2266,1,299959
187,1576358532.358541,192.168.1.4,192.168.1.6,3930070701,3976652341,99,1,300058
188,1576358532.358859,192.168.1.6,192.168.1.4,131446905,3756631180,74,0,299984
189,1576358532.358977,192.168.1.6,192.168.1.4,131446979,3756631180,239,0,299745
190,1576358532.359455,192.168.1.6,192.168.1.4,3976652341,3930070800,382,0,299363
191,1576358532.363267,192.168.1.4,192.168.1.6,3756631180,131447218,79,1,299442
192,1576358532.363562,192.168.1.4,192.168.1.6,3756631259,131447218,79,1,299521
193,1576358532.380150,192.168.1.4,192.168.1.6,1722757275,1225728812,91,1,299612
194,1576358532.380170,192.168.1.4,192.168.1.6,3378505303,2038986980,2266,1,301878
195,1576358532.381384,192.168.1.6,192.168.1.4,2038986980,3378507569,74,0,301804
196,1576358532.381514,192.168.1.6,192.168.1.4,2038987054,3378507569,239,0,301565
197,1576358532.394687,192.168.1.4,192.168.1.6,3378507569,2038987293,79,1,301644
198,1576358532.394845,192.168.1.4,192.168.1.6,3378507648,2038987293,79,1,301723
199,1576358532.399452,192.168.1.4,192.168.1.6,3930070800,3976652723,2266,1,303989
200,1576358532.400394,192.168.1.6,192.168.1.4,3976652723,3930073066,74,0,303915
201,1576358532.401075,192.168.1.4,192.168.1.6,3756631338,131447218,91,1,304006
202,1576358532.401200,192.168.1.4,192.168.1.6,3930073066,3976652797,79,1,304085
203,1576358532.401295,192.168.1.4,192.168.1.6,3930073145,3976652797,79,1,304164
204,1576358532.411629,192.168.1.6,192.168.1.4,2033699911,320586243,539,0,303625
205,1576358532.414949,192.168.1.6,192.168.1.4,3976652797,3930073224,239,0,303386
206,1576358532.415537,192.168.1.6,192.168.1.4,1225728812,1722757366,539,0,302847
207,1576358532.427343,192.168.1.6,192.168.1.4,131447218,3756631429,539,0,302308
208,1576358532.440675,192.168.1.4,192.168.1.6,3378507727,2038987293,91,1,302399
209,1576358532.445230,192.168.1.4,192.168.1.6,320586243,2033700450,3250,1,305649
210,1576358532.448785,192.168.1.6,192.168.1.4,2038987293,3378507818,539,0,305110
211,1576358532.454422,192.168.1.4,192.168.1.6,1722757366,1225729351,3250,1,308360
212,1576358532.458674,192.168.1.4,192.168.1.6,3930073224,3976653036,91,1,308451
213,1576358532.459198,192.168.1.6,192.168.1.4,3976653036,3930073315,539,0,307912
214,1576358532.460313,192.168.1.6,192.168.1.4,963816116,1590296433,634,0,307278
215,1576358532.478516,192.168.1.6,192.168.1.4,2033700450,320589493,148,0,307130
216,1576358532.483233,192.168.1.6,192.168.1.4,1225729351,1722760616,148,0,306982
217,1576358532.488656,192.168.1.4,192.168.1.6,1590296433,963816750,1287,1,308269
218,1576358532.494211,192.168.1.4,192.168.1.6,3756631429,131447757,2070,1,310339
219,1576358532.497110,192.168.1.4,192.168.1.6,3378507818,2038987832,1385,1,311724
220,1576358532.497355,192.168.1.4,192.168.1.6,3930073315,3976653575,2070,1,313794
221,1576358532.507654,192.168.1.4,192.168.1.6,320589493,2033700598,296,1,314090
222,1576358532.507811,192.168.1.4,192.168.1.6,1722760616,1225729499,296,1,314386
223,1576358532.519872,192.168.1.6,192.168.1.4,1207446209,2742968581,636,0,313750
224,1576358532.528278,192.168.1.6,192.168.1.4,661154345,3836966340,634,0,313116
225,1576358532.529464,192.168.1.6,192.168.1.4,541570553,1968137370,635,0,312481
226,1576358532.530711,192.168.1.6,192.168.1.4,2033700598,320589789,468,0,312013
227,1576358532.535171,192.168.1.4,192.168.1.6,3756633499,131447757,1202,1,313215
228,1576358532.538995,192.168.1.4,192.168.1.6,3378509203,2038987832,1887,1,315102
229,1576358532.539036,192.168.1.4,192.168.1.6,3930075385,3976653575,1202,1,316304
230,1576358532.545440,192.168.1.4,192.168.1.6,2742968581,1207446845,1520,1,317824
231,1576358532.555249,192.168.1.6,192.168.1.4,131447757,3756634701,148,0,317676
232,1576358532.566120,192.168.1.4,192.168.1.6,320589789,2033701066,2070,1,319746
233,1576358532.569345,192.168.1.4,192.168.1.6,3836966340,661154979,1338,1,321084
234,1576358532.569520,192.168.1.4,192.168.1.6,1968137370,541571188,1572,1,322656
235,1576358532.569544,192.168.1.4,192.168.1.6,3836967678,661154979,24,1,322680
236,1576358532.578054,192.168.1.6,192.168.1.4,2038987832,3378511090,148,0,322532
237,1576358532.599760,192.168.1.6,192.168.1.4,3976653575,3930076587,148,0,322384
238,1576358532.607297,192.168.1.4,192.168.1.6,320591859,2033701066,354,1,322738
239,1576358532.623943,192.168.1.4,192.168.1.6,3378511090,2038987980,296,1,323034
240,1576358532.623961,192.168.1.4,192.168.1.6,3756634701,131447905,296,1,323330
241,1576358532.667767,192.168.1.4,192.168.1.6,3930076587,3976653723,296,1,323626
242,1576358532.686052,192.168.1.6,192.168.1.4,1225729499,1722760912,467,0,323159
243,1576358532.695828,192.168.1.6,192.168.1.4,963816750,1590297720,613,0,322546
244,1576358532.701423,192.168.1.6,192.168.1.4,661154979,3836967702,24,0,322522
245,1576358532.714173,192.168.1.6,192.168.1.4,2683706611,1085654144,613,0,321909
246,1576358532.734596,192.168.1.6,192.168.1.4,131447905,3756634997,466,0,321443
247,1576358532.738298,192.168.1.6,192.168.1.4,2038987980,3378511386,466,0,320977
248,1576358532.741076,192.168.1.6,192.168.1.4,3976653723,3930076883,471,0,320506
249,1576358532.745863,192.168.1.6,192.168.1.4,4216315737,3276962681,343,0,320163
250,1576358532.746477,192.168.1.4,192.168.1.6,3276962681,4216316080,99,1,320262
251,1576358532.746706,192.168.1.6,192.168.1.4,4216316080,3276962780,382,0,319880
252,1576358532.756734,192.168.1.6,192.168.1.4,541571188,1968138942,631,0,319249
253,1576358532.758244,192.168.1.4,192.168.1.6,3276962780,4216316462,2266,1,321515
254,1576358532.759116,192.168.1.6,192.168.1.4,4216316462,3276965046,74,0,321441
255,1576358532.759214,192.168.1.6,192.168.1.4,4216316536,3276965046,239,0,321202
256,1576358532.759520,192.168.1.4,192.168.1.6,3276965046,4216316536,79,1,321281
257,1576358532.759617,192.168.1.4,192.168.1.6,3276965125,4216316775,79,1,321360
258,1576358532.770065,192.168.1.6,192.168.1.4,1207446845,2742970101,626,0,320734
259,1576358532.772043,192.168.1.6,192.168.1.4,879090244,940982516,644,0,320090
260,1576358532.773406,192.168.1.4,192.168.1.6,1722760912,1225729966,1385,1,321475
261,1576358532.774975,192.168.1.4,192.168.1.6,3756634997,131448371,2578,1,324053
262,1576358532.775099,192.168.1.4,192.168.1.6,3930076883,3976654194,2218,1,326271
263,1576358532.775237,192.168.1.4,192.168.1.6,1722762297,1225729966,577,1,326848
264,1576358532.778347,192.168.1.6,192.168.1.4,1364307212,871111919,1563,0,325285
265,1576358532.784282,192.168.1.4,192.168.1.6,3378511386,2038988446,2163,1,327448
266,1576358532.809230,192.168.1.4,192.168.1.6,1590297720,963817363,2896,1,330344
267,1576358532.809842,192.168.1.4,192.168.1.6,1590300616,963817363,999,1,331343
268,1576358532.810273,192.168.1.4,192.168.1.6,1085654144,2683707224,5474,1,336817
269,1576358532.818252,192.168.1.4,192.168.1.6,1085659618,2683707224,2070,1,338887
270,1576358532.859236,192.168.1.4,192.168.1.6,1085661688,2683707224,14480,1,353367
271,1576358532.859529,192.168.1.4,192.168.1.6,1085676168,2683707224,1789,1,355156
272,1576358532.909667,192.168.1.4,192.168.1.6,1085677957,2683707224,3169,1,358325
273,1576358532.941083,192.168.1.6,192.168.1.4,963817363,1590301615,620,0,357705
274,1576358532.944987,192.168.1.6,192.168.1.4,2038988446,3378513549,465,0,357240
275,1576358532.949202,192.168.1.6,192.168.1.4,3976654194,3930079101,465,0,356775
276,1576358532.956466,192.168.1.6,192.168.1.4,131448371,3756637575,465,0,356310
277,1576358532.960232,192.168.1.6,192.168.1.4,1225729966,1722762874,471,0,355839
278,1576358532.963283,192.168.1.6,192.168.1.4,2683707224,1085681126,618,0,355221
279,1576358533.285302,192.168.1.4,192.168.1.6,1968138942,541571819,1385,1,356606
280,1576358533.287465,192.168.1.4,192.168.1.6,1968140327,541571819,1385,1,357991
281,1576358533.309012,192.168.1.4,192.168.1.6,1968141712,541571819,1577,1,359568
282,1576358533.309978,192.168.1.6,192.168.1.4,541571819,1968143289,630,0,358938
283,1576358533.372970,192.168.1.4,192.168.1.6,3276965204,4216316775,91,1,359029
284,1576358533.374958,192.168.1.4,192.168.1.6,2742970101,1207447471,1385,1,360414
285,1576358533.375364,192.168.1.6,192.168.1.4,4216316775,3276965295,543,0,359871
286,1576358533.378507,192.168.1.4,192.168.1.6,2742971486,1207447471,1385,1,361256
287,1576358533.397967,192.168.1.4,192.168.1.6,2742972871,1207447471,1155,1,362411
288,1576358533.398955,192.168.1.6,192.168.1.4,1207447471,2742974026,607,0,361804
289,1576358533.400628,192.168.1.4,192.168.1.6,940982516,879090888,1385,1,363189
290,1576358533.401885,192.168.1.4,192.168.1.6,940983901,879090888,2748,1,365937
291,1576358533.408596,192.168.1.4,192.168.1.6,940986649,879090888,5063,1,371000
292,1576358533.427999,192.168.1.6,192.168.1.4,879090888,940991712,627,0,370373
293,1576358533.460826,192.168.1.4,192.168.1.6,1722762874,1225730437,2896,1,373269
294,1576358533.460980,192.168.1.4,192.168.1.6,1722765770,1225730437,1215,1,374484
295,1576358533.461004,192.168.1.4,192.168.1.6,3930079101,3976654659,1620,1,376104
296,1576358533.461112,192.168.1.4,192.168.1.6,3756637575,131448836,2896,1,379000
297,1576358533.461320,192.168.1.4,192.168.1.6,3756640471,131448836,240,1,379240
298,1576358533.488519,192.168.1.6,192.168.1.4,131448836,3756640711,468,0,378772
299,1576358533.489157,192.168.1.6,192.168.1.4,3976654659,3930080721,468,0,378304
300,1576358533.552258,192.168.1.4,192.168.1.6,3378513549,2038988911,2569,1,380873
301,1576358533.552304,192.168.1.4,192.168.1.6,1722766985,1225730437,262,1,381135
302,1576358533.569212,192.168.1.4,192.168.1.6,1590301615,963817983,1408,1,382543
303,1576358533.569258,192.168.1.4,192.168.1.6,1968143289,541572449,2070,1,384613
304,1576358533.569465,192.168.1.4,192.168.1.6,1085681126,2683707842,2070,1,386683
305,1576358533.569490,192.168.1.4,192.168.1.6,2742974026,1207448078,2070,1,388753
306,1576358533.569506,192.168.1.4,192.168.1.6,3276965295,4216317318,159,1,388912
307,1576358533.611698,192.168.1.4,192.168.1.6,1085683196,2683707842,2472,1,391384
308,1576358533.613137,192.168.1.4,192.168.1.6,2742976096,1207448078,6152,1,397536
309,1576358533.613229,192.168.1.4,192.168.1.6,1968145359,541572449,3786,1,401322
310,1576358533.642804,192.168.1.6,192.168.1.4,4216317318,3276965454,73,0,401249
311,1576358533.653479,192.168.1.4,192.168.1.6,2742982248,1207448078,2748,1,403997
312,1576358533.691307,192.168.1.4,192.168.1.6,2742984996,1207448078,1385,1,405382
313,1576358533.694377,192.168.1.4,192.168.1.6,871111919,1364308775,629,1,406011
314,1576358533.694420,192.168.1.4,192.168.1.6,3930080721,3976655127,2070,1,408081
315,1576358533.694572,192.168.1.4,192.168.1.6,940991712,879091515,2070,1,410151
316,1576358533.694687,192.168.1.4,192.168.1.6,3756640711,131449304,2070,1,412221
317,1576358533.694696,192.168.1.4,192.168.1.6,2742986381,1207448078,2748,1,414969
318,1576358533.732344,192.168.1.4,192.168.1.6,2742989129,1207448078,3232,1,418201
319,1576358533.734924,192.168.1.4,192.168.1.6,3930082791,3976655127,126,1,418327
320,1576358533.734943,192.168.1.4,192.168.1.6,940993782,879091515,2738,1,421065
321,1576358533.735463,192.168.1.4,192.168.1.6,3756642781,131449304,893,1,421958
322,1576358533.822516,192.168.1.6,192.168.1.4,541572449,1968149145,619,0,421339
323,1576358533.859164,192.168.1.6,192.168.1.4,4216317391,3276965454,658,0,420681
324,1576358533.861579,192.168.1.6,192.168.1.4,2683707842,1085685668,623,0,420058
325,1576358533.873197,192.168.1.6,192.168.1.4,1207448078,2742992361,616,0,419442
326,1576358533.875705,192.168.1.6,192.168.1.4,879091515,940996520,647,0,418795
327,1576358533.876782,192.168.1.4,192.168.1.6,1968149145,541573068,1385,1,420180
328,1576358533.879290,192.168.1.6,192.168.1.4,1043185068,474783805,343,0,419837
329,1576358533.879726,192.168.1.4,192.168.1.6,474783805,1043185411,99,1,419936
330,1576358533.880149,192.168.1.6,192.168.1.4,1043185411,474783904,382,0,419554
331,1576358533.887234,192.168.1.4,192.168.1.6,1968150530,541573068,5474,1,425028
332,1576358533.891595,192.168.1.4,192.168.1.6,1968156004,541573068,2748,1,427776
333,1576358533.892178,192.168.1.4,192.168.1.6,474783904,1043185793,2266,1,430042
334,1576358533.893186,192.168.1.6,192.168.1.4,1043185793,474786170,74,0,429968
335,1576358533.893590,192.168.1.4,192.168.1.6,474786170,1043185867,79,1,430047
336,1576358533.893660,192.168.1.4,192.168.1.6,474786249,1043185867,79,1,430126
337,1576358533.903623,192.168.1.6,192.168.1.4,1043185867,474786328,239,0,429887
338,1576358533.908135,192.168.1.6,192.168.1.4,131449304,3756643674,464,0,429423
339,1576358533.910421,192.168.1.6,192.168.1.4,963817983,1590303023,668,0,428755
340,1576358533.911232,192.168.1.6,192.168.1.4,3976655127,3930082917,464,0,428291
341,1576358533.911824,192.168.1.6,192.168.1.4,2038988911,3378516118,464,0,427827
342,1576358533.912697,192.168.1.6,192.168.1.4,1225730437,1722767247,466,0,427361
343,1576358533.918506,192.168.1.4,192.168.1.6,1968158752,541573068,4111,1,431472
344,1576358533.918638,192.168.1.4,192.168.1.6,3276965454,4216318049,735,1,432207
345,1576358533.918674,192.168.1.4,192.168.1.6,2742992361,1207448694,4111,1,436318
346,1576358533.919056,192.168.1.4,192.168.1.6,1085685668,2683708465,5513,1,441831
347,1576358533.919159,192.168.1.4,192.168.1.6,2742996472,1207448694,6837,1,448668
348,1576358533.920760,192.168.1.6,192.168.1.4,2033701066,320592213,469,0,448199
349,1576358533.961862,192.168.1.4,192.168.1.6,940996520,879092162,6192,1,454391
350,1576358533.961945,192.168.1.4,192.168.1.6,1968162863,541573068,2748,1,457139
351,1576358533.962039,192.168.1.4,192.168.1.6,2743003309,1207448694,10139,1,467278
352,1576358533.977280,192.168.1.4,192.168.1.6,1968165611,541573068,4111,1,471389
353,1576358533.978203,192.168.1.4,192.168.1.6,3756643674,131449768,1385,1,472774
354,1576358533.978356,192.168.1.4,192.168.1.6,1968169722,541573068,4111,1,476885
355,1576358533.985556,192.168.1.4,192.168.1.6,3756645059,131449768,956,1,477841
356,1576358533.998760,192.168.1.4,192.168.1.6,3378516118,2038989375,3629,1,481470
357,1576358533.999121,192.168.1.4,192.168.1.6,1590303023,963818651,4736,1,486206
358,1576358533.999151,192.168.1.4,192.168.1.6,1722767247,1225730903,2234,1,488440
359,1576358533.999166,192.168.1.4,192.168.1.6,320592213,2033701535,1385,1,489825
360,1576358533.999297,192.168.1.4,192.168.1.6,3930082917,3976655591,1718,1,491543
361,1576358533.999714,192.168.1.4,192.168.1.6,1968173833,541573068,2070,1,493613
362,1576358534.001969,192.168.1.4,192.168.1.6,320593598,2033701535,1326,1,494939
363,1576358534.003037,192.168.1.4,192.168.1.6,2743013448,1207448694,1592,1,496531
364,1576358534.003067,192.168.1.4,192.168.1.6,474786328,1043186106,91,1,496622
365,1576358534.039469,192.168.1.4,192.168.1.6,1968175903,541573068,3382,1,500004
366,1576358534.079572,192.168.1.6,192.168.1.4,1043186106,474786419,543,0,499461
367,1576358534.105199,192.168.1.4,192.168.1.6,474786419,1043186649,159,1,499620
368,1576358534.180271,192.168.1.6,192.168.1.4,1043186649,474786578,73,0,499547
369,1576358534.232978,192.168.1.6,192.168.1.4,4216318049,3276966189,681,0,498866
370,1576358534.263523,192.168.1.4,192.168.1.6,3276966189,4216318730,4344,1,503210
371,1576358534.263711,192.168.1.4,192.168.1.6,3276970533,4216318730,2279,1,505489
372,1576358534.274093,192.168.1.6,192.168.1.4,2683708465,1085691181,644,0,504845
373,1576358534.297248,192.168.1.6,192.168.1.4,131449768,3756646015,469,0,504376
374,1576358534.304752,192.168.1.4,192.168.1.6,1085691181,2683709109,2985,1,507361
375,1576358534.322827,192.168.1.4,192.168.1.6,3756646015,131450237,2277,1,509638
376,1576358534.339807,192.168.1.6,192.168.1.4,879092162,941002712,661,0,508977
377,1576358534.342296,192.168.1.6,192.168.1.4,3976655591,3930084635,470,0,508507
378,1576358534.343514,192.168.1.6,192.168.1.4,2033701535,320594924,464,0,508043
379,1576358534.348604,192.168.1.6,192.168.1.4,1225730903,1722769481,468,0,507575
380,1576358534.353237,192.168.1.6,192.168.1.4,963818651,1590307759,683,0,506892
381,1576358534.364710,192.168.1.4,192.168.1.6,3930084635,3976656061,2896,1,509788
382,1576358534.365031,192.168.1.4,192.168.1.6,3930087531,3976656061,1888,1,511676
383,1576358534.366077,192.168.1.4,192.168.1.6,320594924,2033701999,2152,1,513828
384,1576358534.367111,192.168.1.4,192.168.1.6,941002712,879092823,704,1,514532
385,1576358534.379142,192.168.1.4,192.168.1.6,1722769481,1225731371,3813,1,518345
386,1576358534.383443,192.168.1.4,192.168.1.6,1590307759,963819334,2316,1,520661
387,1576358534.461124,192.168.1.6,192.168.1.4,1207448694,2743015040,680,0,519981
388,1576358534.470608,192.168.1.6,192.168.1.4,541573068,1968179285,656,0,519325
389,1576358534.487761,192.168.1.4,192.168.1.6,2743015040,1207449374,3838,1,523163
390,1576358534.496800,192.168.1.4,192.168.1.6,1968179285,541573724,873,1,524036
391,1576358534.516896,192.168.1.6,192.168.1.4,4216318730,3276972812,638,0,523398
392,1576358534.519249,192.168.1.6,192.168.1.4,2683709109,1085694166,652,0,522746
393,1576358534.562181,192.168.1.4,192.168.1.6,1085694166,2683709761,1385,1,524131
394,1576358534.562338,192.168.1.4,192.168.1.6,3276972812,4216319368,11584,1,535715
395,1576358534.562863,192.168.1.4,192.168.1.6,3276984396,4216319368,2068,1,537783
396,1576358534.562890,192.168.1.4,192.168.1.6,1085695551,2683709761,4111,1,541894
397,1576358534.566125,192.168.1.4,192.168.1.6,1085699662,2683709761,13406,1,555300
398,1576358534.567598,192.168.1.4,192.168.1.6,1085713068,2683709761,6837,1,562137
399,1576358534.568384,192.168.1.4,192.168.1.6,1085719905,2683709761,3656,1,565793
400,1576358534.585419,192.168.1.4,192.168.1.6,3276986464,4216319368,2748,1,568541
401,1576358534.598172,192.168.1.4,192.168.1.6,3276989212,4216319368,13652,1,582193
402,1576358534.598221,192.168.1.4,192.168.1.6,1085723561,2683709761,2070,1,584263
403,1576358534.606778,192.168.1.6,192.168.1.4,541573724,1968180158,638,0,583625
404,1576358534.609644,192.168.1.6,192.168.1.4,1207449374,2743018878,638,0,582987
405,1576358534.611030,192.168.1.4,192.168.1.6,3277002864,4216319368,2070,1,585057
406,1576358534.612323,192.168.1.6,192.168.1.4,963819334,1590310075,639,0,584418
407,1576358534.621032,192.168.1.6,192.168.1.4,879092823,941003416,639,0,583779
408,1576358534.635413,192.168.1.4,192.168.1.6,1085725631,2683709761,16406,1,600185
409,1576358534.635595,192.168.1.4,192.168.1.6,1085742037,2683709761,9318,1,609503
410,1576358534.638528,192.168.1.6,192.168.1.4,2683709761,1085751355,582,0,608921
411,1576358534.655008,192.168.1.4,192.168.1.6,3277004934,4216319368,12698,1,621619
412,1576358534.657998,192.168.1.6,192.168.1.4,4216319368,3277017632,655,0,620964
413,1576358534.671992,192.168.1.4,192.168.1.6,1968180158,541574362,2070,1,623034
414,1576358534.675800,192.168.1.4,192.168.1.6,2743018878,1207450012,4118,1,627152
415,1576358534.675993,192.168.1.4,192.168.1.6,1590310075,963819973,10136,1,637288
416,1576358534.676250,192.168.1.4,192.168.1.6,1590320211,963819973,790,1,638078
417,1576358534.684208,192.168.1.4,192.168.1.6,1085751355,2683710343,969,1,639047
418,1576358534.694686,192.168.1.4,192.168.1.6,941003416,879093462,2896,1,641943
419,1576358534.694858,192.168.1.4,192.168.1.6,941006312,879093462,8688,1,650631
420,1576358534.694925,192.168.1.4,192.168.1.6,941015000,879093462,765,1,651396
421,1576358534.715701,192.168.1.4,192.168.1.6,1968182228,541574362,10301,1,661697
422,1576358534.724288,192.168.1.4,192.168.1.6,2743022996,1207450012,12036,1,673733
423,1576358534.756602,192.168.1.6,192.168.1.4,2683710343,1085752324,675,0,673058
424,1576358534.765554,192.168.1.4,192.168.1.6,1968192529,541574362,4111,1,677169
425,1576358534.768157,192.168.1.4,192.168.1.6,1968196640,541574362,6837,1,684006
426,1576358534.769166,192.168.1.4,192.168.1.6,1590321001,963819973,6837,1,690843
427,1576358534.769588,192.168.1.4,192.168.1.6,1968203477,541574362,2070,1,692913
428,1576358534.771673,192.168.1.4,192.168.1.6,2743035032,1207450012,2748,1,695661
429,1576358534.772093,192.168.1.4,192.168.1.6,1590327838,963819973,4111,1,699772
430,1576358534.772592,192.168.1.4,192.168.1.6,2743037780,1207450012,8688,1,708460
431,1576358534.772697,192.168.1.4,192.168.1.6,2743046468,1207450012,3601,1,712061
432,1576358534.775433,192.168.1.4,192.168.1.6,2743050069,1207450012,6837,1,718898
433,1576358534.776458,192.168.1.4,192.168.1.6,941015765,879093462,1385,1,720283
434,1576358534.776724,192.168.1.4,192.168.1.6,2743056906,1207450012,10926,1,731209
435,1576358534.797387,192.168.1.4,192.168.1.6,941017150,879093462,15015,1,746224
436,1576358534.797653,192.168.1.4,192.168.1.6,3277017632,4216320023,2070,1,748294
437,1576358534.797690,192.168.1.4,192.168.1.6,1085752324,2683711018,6988,1,755282
438,1576358534.810985,192.168.1.4,192.168.1.6,1968205547,541574362,3426,1,758708
439,1576358534.826822,192.168.1.4,192.168.1.6,1590331949,963819973,2748,1,761456
440,1576358534.839668,192.168.1.4,192.168.1.6,3277019702,4216320023,3188,1,764644
441,1576358534.840162,192.168.1.4,192.168.1.6,1590334697,963819973,8200,1,772844
442,1576358534.840189,192.168.1.4,192.168.1.6,2743067832,1207450012,1385,1,774229
443,1576358534.841216,192.168.1.4,192.168.1.6,2743069217,1207450012,2748,1,776977
444,1576358534.843340,192.168.1.6,192.168.1.4,2683711018,1085759312,675,0,776302
445,1576358534.843853,192.168.1.4,192.168.1.6,2743071965,1207450012,5474,1,781776
446,1576358534.845008,192.168.1.4,192.168.1.6,2743077439,1207450012,2748,1,784524
447,1576358534.847724,192.168.1.4,192.168.1.6,2743080187,1207450012,13652,1,798176
448,1576358534.848591,192.168.1.4,192.168.1.6,2743093839,1207450012,5474,1,803650
449,1576358534.855138,192.168.1.4,192.168.1.6,1968208973,541574362,16378,1,820028
450,1576358534.859294,192.168.1.6,192.168.1.4,4216320023,3277022890,654,0,819374
451,1576358534.877120,192.168.1.4,192.168.1.6,2743099313,1207450012,2748,1,822122
452,1576358534.881827,192.168.1.4,192.168.1.6,2743102061,1207450012,6837,1,828959
453,1576358534.883418,192.168.1.4,192.168.1.6,941032165,879093462,2070,1,831029
454,1576358534.927321,192.168.1.4,192.168.1.6,941034235,879093462,7515,1,838544
455,1576358534.946059,192.168.1.4,192.168.1.6,1968225351,541574362,5474,1,844018
456,1576358534.946117,192.168.1.4,192.168.1.6,2743108898,1207450012,2355,1,846373
457,1576358534.946831,192.168.1.4,192.168.1.6,1968230825,541574362,5474,1,851847
458,1576358534.948884,192.168.1.4,192.168.1.6,1968236299,541574362,4111,1,855958
459,1576358534.950061,192.168.1.4,192.168.1.6,1590342897,963819973,2748,1,858706
460,1576358534.950594,192.168.1.4,192.168.1.6,1590345645,963819973,1385,1,860091
461,1576358534.950846,192.168.1.4,192.168.1.6,1968240410,541574362,1385,1,861476
462,1576358534.954058,192.168.1.6,192.168.1.4,1207450012,2743111253,676,0,860800
463,1576358534.956534,192.168.1.4,192.168.1.6,1590347030,963819973,1385,1,862185
464,1576358534.959092,192.168.1.4,192.168.1.6,3277022890,4216320677,1385,1,863570
465,1576358534.962179,192.168.1.4,192.168.1.6,1085759312,2683711693,2972,1,866542
466,1576358534.971006,192.168.1.4,192.168.1.6,941041750,879093462,15015,1,881557
467,1576358534.999108,192.168.1.4,192.168.1.6,1590348415,963819973,5474,1,887031
468,1576358535.003050,192.168.1.4,192.168.1.6,3277024275,4216320677,3311,1,890342
469,1576358535.003293,192.168.1.4,192.168.1.6,1968241795,541574362,3504,1,893846
470,1576358535.015163,192.168.1.4,192.168.1.6,941056765,879093462,8200,1,902046
471,1576358535.023848,192.168.1.4,192.168.1.6,941064965,879093462,5474,1,907520
472,1576358535.024496,192.168.1.4,192.168.1.6,941070439,879093462,2748,1,910268
473,1576358535.024528,192.168.1.4,192.168.1.6,2743111253,1207450688,2070,1,912338
474,1576358535.043084,192.168.1.4,192.168.1.6,1590353889,963819973,10926,1,923264
475,1576358535.045450,192.168.1.6,192.168.1.4,2683711693,1085762284,660,0,922604
476,1576358535.051209,192.168.1.4,192.168.1.6,941073187,879093462,15015,1,937619
477,1576358535.052504,192.168.1.4,192.168.1.6,941088202,879093462,4111,1,941730
478,1576358535.067428,192.168.1.4,192.168.1.6,2743113323,1207450688,3946,1,945676
479,1576358535.073647,192.168.1.6,192.168.1.4,541574362,1968245299,609,0,945067
480,1576358535.076764,192.168.1.6,192.168.1.4,4216320677,3277027586,609,0,944458
481,1576358535.077756,192.168.1.4,192.168.1.6,941092313,879093462,6837,1,951295
482,1576358535.078531,192.168.1.4,192.168.1.6,941099150,879093462,4111,1,955406
483,1576358535.085862,192.168.1.4,192.168.1.6,941103261,879093462,10926,1,966332
484,1576358535.086565,192.168.1.4,192.168.1.6,941114187,879093462,5474,1,971806
485,1576358535.086868,192.168.1.4,192.168.1.6,1590364815,963819973,13652,1,985458
486,1576358535.089118,192.168.1.4,192.168.1.6,941119661,879093462,1385,1,986843
487,1576358535.099655,192.168.1.4,192.168.1.6,1085762284,2683712353,4558,1,991401
488,1576358535.099738,192.168.1.4,192.168.1.6,941121046,879093462,5707,1,997108
489,1576358535.100849,192.168.1.6,192.168.1.4,1207450688,2743117269,609,0,996499
490,1576358535.131002,192.168.1.4,192.168.1.6,1590378467,963819973,13652,1,1010151
491,1576358535.132206,192.168.1.4,192.168.1.6,1968245299,541574971,12326,1,1022477
492,1576358535.132748,192.168.1.4,192.168.1.6,2743117269,1207451297,2070,1,1024547
493,1576358535.151291,192.168.1.4,192.168.1.6,3277027586,4216321286,1385,1,1025932
494,1576358535.152294,192.168.1.4,192.168.1.6,3277028971,4216321286,2748,1,1028680
495,1576358535.154433,192.168.1.4,192.168.1.6,3277031719,4216321286,6383,1,1035063
496,1576358535.175155,192.168.1.4,192.168.1.6,1590392119,963819973,13652,1,1048715
497,1576358535.175201,192.168.1.4,192.168.1.6,2743119339,1207451297,5729,1,1054444
498,1576358535.181885,192.168.1.6,192.168.1.4,2683712353,1085766842,609,0,1053835
499,1576358535.187755,192.168.1.6,192.168.1.4,879093462,941126753,651,0,1053184
500,1576358535.215764,192.168.1.4,192.168.1.6,1085766842,2683712962,12818,1,1066002
501,1576358535.218274,192.168.1.4,192.168.1.6,941126753,879094113,1766,1,1067768
502,1576358535.219199,192.168.1.4,192.168.1.6,1590405771,963819973,16406,1,1084174
503,1576358535.219229,192.168.1.4,192.168.1.6,1590422177,963819973,5446,1,1089620
504,1576358535.270271,192.168.1.4,192.168.1.6,1590427623,963819973,14068,1,1103688
505,1576358535.277596,192.168.1.6,192.168.1.4,4216321286,3277038102,681,0,1103007
506,1576358535.283324,192.168.1.6,192.168.1.4,879094113,941128519,654,0,1102353
507,1576358535.284315,192.168.1.6,192.168.1.4,1207451297,2743125068,639,0,1101714
508,1576358535.295590,192.168.1.6,192.168.1.4,2683712962,1085779660,642,0,1101072
509,1576358535.297435,192.168.1.6,192.168.1.4,963819973,1590441691,660,0,1100412
510,1576358535.305231,192.168.1.4,192.168.1.6,3277038102,4216321967,1912,1,1102324
511,1576358535.308142,192.168.1.4,192.168.1.6,941128519,879094767,2562,1,1104886
512,1576358535.309381,192.168.1.4,192.168.1.6,2743125068,1207451936,1661,1,1106547
513,1576358535.332463,192.168.1.4,192.168.1.6,1590441691,963820633,1385,1,1107932
514,1576358535.332480,192.168.1.4,192.168.1.6,1085779660,2683713604,1425,1,1109357
515,1576358535.341761,192.168.1.6,192.168.1.4,541574971,1968257625,678,0,1108679
516,1576358535.366511,192.168.1.4,192.168.1.6,1968257625,541575649,2773,1,1111452
517,1576358535.389147,192.168.1.6,192.168.1.4,2683713604,1085781085,678,0,1110774
518,1576358535.392548,192.168.1.6,192.168.1.4,541575649,1968260398,662,0,1110112
519,1576358535.393953,192.168.1.6,192.168.1.4,963820633,1590443076,657,0,1109455
520,1576358535.394693,192.168.1.6,192.168.1.4,1207451936,2743126729,614,0,1108841
521,1576358535.396585,192.168.1.6,192.168.1.4,879094767,941131081,610,0,1108231
522,1576358535.414579,192.168.1.4,192.168.1.6,1085781085,2683714282,2773,1,1111004
523,1576358535.417309,192.168.1.4,192.168.1.6,1968260398,541576311,2070,1,1113074
524,1576358535.430290,192.168.1.4,192.168.1.6,1590443076,963821290,2026,1,1115100
525,1576358535.434028,192.168.1.4,192.168.1.6,2743126729,1207452550,12289,1,1127389
526,1576358535.437768,192.168.1.4,192.168.1.6,2743139018,1207452550,16406,1,1143795
527,1576358535.437786,192.168.1.4,192.168.1.6,2743155424,1207452550,3296,1,1147091
528,1576358535.457394,192.168.1.4,192.168.1.6,941131081,879095377,914,1,1148005
529,1576358535.489126,192.168.1.4,192.168.1.6,1968262468,541576311,70,1,1148075
530,1576358535.489151,192.168.1.4,192.168.1.6,2743158720,1207452550,10008,1,1158083
531,1576358535.509735,192.168.1.6,192.168.1.4,1207452550,2743168728,622,0,1157461
532,1576358535.527567,192.168.1.6,192.168.1.4,541576311,1968262538,622,0,1156839
533,1576358535.530091,192.168.1.6,192.168.1.4,879095377,941131995,622,0,1156217
534,1576358535.534224,192.168.1.4,192.168.1.6,2743168728,1207453172,807,1,1157024
535,1576358535.543600,192.168.1.6,192.168.1.4,1207453172,2743169535,622,0,1156402
536,1576358535.550016,192.168.1.6,192.168.1.4,963821290,1590445102,622,0,1155780
537,1576358535.551256,192.168.1.4,192.168.1.6,1968262538,541576933,818,1,1156598
538,1576358535.553744,192.168.1.4,192.168.1.6,941131995,879095999,832,1,1157430
539,1576358535.568707,192.168.1.4,192.168.1.6,2743169535,1207453794,836,1,1158266
540,1576358535.574105,192.168.1.4,192.168.1.6,1590445102,963821912,833,1,1159099
541,1576358535.663577,192.168.1.6,192.168.1.4,963821912,1590445935,622,0,1158477
542,1576358535.672502,192.168.1.6,192.168.1.4,1207453794,2743170371,622,0,1157855
543,1576358535.684374,192.168.1.6,192.168.1.4,879095999,941132827,622,0,1157233
544,1576358535.692178,192.168.1.6,192.168.1.4,541576933,1968263356,622,0,1156611
545,1576358535.694408,192.168.1.6,192.168.1.4,2683714282,1085783858,622,0,1155989
546,1576358535.695313,192.168.1.6,192.168.1.4,4216321967,3277040014,622,0,1155367
547,1576358535.758375,192.168.1.4,192.168.1.6,1968263356,541577555,847,1,1156214
548,1576358535.758434,192.168.1.4,192.168.1.6,1590445935,963822534,846,1,1157060
549,1576358535.758578,192.168.1.4,192.168.1.6,941132827,879096621,810,1,1157870
550,1576358535.760827,192.168.1.4,192.168.1.6,3277040014,4216322589,1010,1,1158880
551,1576358535.760938,192.168.1.4,192.168.1.6,1085783858,2683714904,849,1,1159729
552,1576358535.761037,192.168.1.4,192.168.1.6,2743170371,1207454416,802,1,1160531
553,1576358535.823514,192.168.1.6,192.168.1.4,1207454416,2743171173,609,0,1159922
554,1576358535.827420,192.168.1.6,192.168.1.4,2683714904,1085784707,664,0,1159258
555,1576358535.828878,192.168.1.6,192.168.1.4,4216322589,3277041024,668,0,1158590
556,1576358535.866864,192.168.1.4,192.168.1.6,2743171173,1207455025,8688,1,1167278
557,1576358535.867455,192.168.1.4,192.168.1.6,2743179861,1207455025,7718,1,1174996
558,1576358535.867480,192.168.1.4,192.168.1.6,2743187579,1207455025,1880,1,1176876
559,1576358535.889775,192.168.1.4,192.168.1.6,2743189459,1207455025,4111,1,1180987
560,1576358535.893807,192.168.1.4,192.168.1.6,1085784707,2683715568,1359,1,1182346
561,1576358535.893913,192.168.1.4,192.168.1.6,2743193570,1207455025,13032,1,1195378
562,1576358535.894133,192.168.1.4,192.168.1.6,2743206602,1207455025,3374,1,1198752
563,1576358535.894138,192.168.1.4,192.168.1.6,2743209976,1207455025,798,1,1199550
564,1576358535.894598,192.168.1.4,192.168.1.6,2743210774,1207455025,6837,1,1206387
565,1576358535.896949,192.168.1.4,192.168.1.6,3277041024,4216323257,751,1,1207138
566,1576358535.897090,192.168.1.4,192.168.1.6,2743217611,1207455025,8223,1,1215361
567,1576358536.360422,192.168.1.6,192.168.1.4,1207455025,2743225834,645,0,1214716
568,1576358536.392750,192.168.1.4,192.168.1.6,2743225834,1207455670,1922,1,1216638
569,1576358537.262534,192.168.1.6,192.168.1.4,1207455670,2743227756,659,0,1215979
570,1576358537.270258,192.168.1.6,192.168.1.4,4216323257,3277041775,663,0,1215316
571,1576358537.291626,192.168.1.4,192.168.1.6,2743227756,1207456329,1385,1,1216701
572,1576358537.297866,192.168.1.4,192.168.1.6,2743229141,1207456329,1385,1,1218086
573,1576358537.311741,192.168.1.4,192.168.1.6,3277041775,4216323920,1385,1,1219471
574,1576358537.313043,192.168.1.4,192.168.1.6,3277043160,4216323920,2748,1,1222219
575,1576358537.313937,192.168.1.4,192.168.1.6,3277045908,4216323920,1385,1,1223604
576,1576358537.316088,192.168.1.4,192.168.1.6,3277047293,4216323920,7296,1,1230900
577,1576358537.327115,192.168.1.6,192.168.1.4,2683715568,1085786066,663,0,1230237
578,1576358537.339050,192.168.1.4,192.168.1.6,2743230526,1207456329,14111,1,1244348
579,1576358537.359937,192.168.1.4,192.168.1.6,3277054589,4216323920,10902,1,1255250
580,1576358537.361348,192.168.1.4,192.168.1.6,1085786066,2683716231,2748,1,1257998
581,1576358537.383315,192.168.1.4,192.168.1.6,2743244637,1207456329,7314,1,1265312
582,1576358537.390170,192.168.1.4,192.168.1.6,1085788814,2683716231,1385,1,1266697
583,1576358537.392512,192.168.1.4,192.168.1.6,1085790199,2683716231,8659,1,1275356
584,1576358537.399351,192.168.1.4,192.168.1.6,1085798858,2683716231,5474,1,1280830
585,1576358537.429000,192.168.1.4,192.168.1.6,1085804332,2683716231,1385,1,1282215
586,1576358537.431176,192.168.1.4,192.168.1.6,1085805717,2683716231,3694,1,1285909
587,1576358537.891179,192.168.1.6,192.168.1.4,2683716231,1085809411,712,0,1285197
588,1576358537.923455,192.168.1.4,192.168.1.6,1085809411,2683716943,1108,1,1286305
589,1576358538.074911,192.168.1.6,192.168.1.4,2683716943,1085810519,704,0,1285601
590,1576358538.122566,192.168.1.4,192.168.1.6,1085810519,2683717647,1385,1,1286986
591,1576358538.128986,192.168.1.4,192.168.1.6,1085811904,2683717647,1385,1,1288371
592,1576358538.170952,192.168.1.4,192.168.1.6,1085813289,2683717647,2021,1,1290392
593,1576358538.212276,192.168.1.6,192.168.1.4,2683717647,1085815310,724,0,1289668
594,1576358538.273143,192.168.1.6,192.168.1.4,1207456329,2743251951,724,0,1288944
595,1576358538.292164,192.168.1.4,192.168.1.6,1085815310,2683718371,774,1,1289718
596,1576358538.302653,192.168.1.6,192.168.1.4,3970222372,1480078071,343,0,1289375
597,1576358538.303262,192.168.1.4,192.168.1.6,1480078071,3970222715,99,1,1289474
598,1576358538.303514,192.168.1.6,192.168.1.4,3970222715,1480078170,382,0,1289092
599,1576358538.312358,192.168.1.6,192.168.1.4,1752507105,3698622585,343,0,1288749
600,1576358538.314658,192.168.1.4,192.168.1.6,1480078170,3970223097,2266,1,1291015
601,1576358538.315399,192.168.1.4,192.168.1.6,3698622585,1752507448,99,1,1291114
602,1576358538.315716,192.168.1.6,192.168.1.4,3970223097,1480080436,74,0,1291040
603,1576358538.315809,192.168.1.6,192.168.1.4,3970223171,1480080436,239,0,1290801
604,1576358538.316115,192.168.1.4,192.168.1.6,1480080436,3970223171,79,1,1290880
605,1576358538.316125,192.168.1.4,192.168.1.6,1480080515,3970223410,79,1,1290959
606,1576358538.317610,192.168.1.6,192.168.1.4,1752507448,3698622684,382,0,1290577
607,1576358538.327343,192.168.1.6,192.168.1.4,1102492794,216800792,343,0,1290234
608,1576358538.329622,192.168.1.4,192.168.1.6,3698622684,1752507830,2266,1,1292500
609,1576358538.330254,192.168.1.4,192.168.1.6,216800792,1102493137,99,1,1292599
610,1576358538.330836,192.168.1.6,192.168.1.4,1752507830,3698624950,74,0,1292525
611,1576358538.330955,192.168.1.6,192.168.1.4,1752507904,3698624950,241,0,1292284
612,1576358538.331234,192.168.1.4,192.168.1.6,3698624950,1752508145,79,1,1292363
613,1576358538.331375,192.168.1.4,192.168.1.6,3698625029,1752508145,79,1,1292442
614,1576358538.331923,192.168.1.6,192.168.1.4,1102493137,216800891,382,0,1292060
615,1576358538.350507,192.168.1.4,192.168.1.6,1085816084,2683718371,187,1,1292247
616,1576358538.350531,192.168.1.4,192.168.1.6,2743251951,1207457053,882,1,1293129
617,1576358538.351098,192.168.1.6,192.168.1.4,1363909283,2496309438,343,0,1292786
618,1576358538.352792,192.168.1.6,192.168.1.4,348560655,1565039057,343,0,1292443
619,1576358538.353712,192.168.1.6,192.168.1.4,435656499,3985036328,343,0,1292100
620,1576358538.355194,192.168.1.4,192.168.1.6,3985036328,435656842,99,1,1292199
621,1576358538.355305,192.168.1.4,192.168.1.6,1565039057,348560998,99,1,1292298
622,1576358538.355526,192.168.1.6,192.168.1.4,348560998,1565039156,382,0,1291916
623,1576358538.355625,192.168.1.4,192.168.1.6,2496309438,1363909626,99,1,1292015
624,1576358538.356035,192.168.1.6,192.168.1.4,1363909626,2496309537,382,0,1291633
625,1576358538.356443,192.168.1.6,192.168.1.4,435656842,3985036427,382,0,1291251
626,1576358538.368277,192.168.1.6,192.168.1.4,1644696619,1534489747,343,0,1290908
627,1576358538.375492,192.168.1.6,192.168.1.4,603611342,2377917375,343,0,1290565
628,1576358538.375691,192.168.1.4,192.168.1.6,1534489747,1644696962,99,1,1290664
629,1576358538.376132,192.168.1.6,192.168.1.4,1644696962,1534489846,382,0,1290282
630,1576358538.383472,192.168.1.4,192.168.1.6,2377917375,603611685,99,1,1290381
631,1576358538.383766,192.168.1.6,192.168.1.4,603611685,2377917474,382,0,1289999
632,1576358538.397357,192.168.1.4,192.168.1.6,216800891,1102493519,2266,1,1292265
633,1576358538.398199,192.168.1.6,192.168.1.4,1102493519,216803157,74,0,1292191
634,1576358538.398299,192.168.1.6,192.168.1.4,1102493593,216803157,243,0,1291948
635,1576358538.402470,192.168.1.4,192.168.1.6,1565039156,348561380,2266,1,1294214
636,1576358538.403529,192.168.1.6,192.168.1.4,348561380,1565041422,74,0,1294140
637,1576358538.403740,192.168.1.6,192.168.1.4,348561454,1565041422,243,0,1293897
638,1576358538.405846,192.168.1.4,192.168.1.6,3985036427,435657224,2266,1,1296163
639,1576358538.406656,192.168.1.6,192.168.1.4,435657224,3985038693,74,0,1296089
640,1576358538.406748,192.168.1.6,192.168.1.4,435657298,3985038693,243,0,1295846
641,1576358538.410778,192.168.1.4,192.168.1.6,216803157,1102493836,79,1,1295925
642,1576358538.410870,192.168.1.4,192.168.1.6,216803236,1102493836,79,1,1296004
643,1576358538.412370,192.168.1.4,192.168.1.6,2496309537,1363910008,2266,1,1298270
644,1576358538.413369,192.168.1.6,192.168.1.4,1363910008,2496311803,74,0,1298196
645,1576358538.413512,192.168.1.6,192.168.1.4,1363910082,2496311803,243,0,1297953
646,1576358538.413753,192.168.1.4,192.168.1.6,2496311803,1363910325,79,1,1298032
647,1576358538.413869,192.168.1.4,192.168.1.6,2496311882,1363910325,79,1,1298111
648,1576358538.414265,192.168.1.4,192.168.1.6,1565041422,348561697,79,1,1298190
649,1576358538.414354,192.168.1.4,192.168.1.6,1565041501,348561697,79,1,1298269
650,1576358538.415282,192.168.1.4,192.168.1.6,3985038693,435657541,79,1,1298348
651,1576358538.415363,192.168.1.4,192.168.1.6,3985038772,435657541,79,1,1298427
652,1576358538.419828,192.168.1.4,192.168.1.6,1534489846,1644697344,2266,1,1300693
653,1576358538.420978,192.168.1.4,192.168.1.6,2377917474,603612067,2266,1,1302959
654,1576358538.421053,192.168.1.6,192.168.1.4,1644697344,1534492112,74,0,1302885
655,1576358538.421154,192.168.1.6,192.168.1.4,1644697418,1534492112,243,0,1302642
656,1576358538.421489,192.168.1.4,192.168.1.6,1534492112,1644697661,79,1,1302721
657,1576358538.421587,192.168.1.4,192.168.1.6,1534492191,1644697661,79,1,1302800
658,1576358538.423015,192.168.1.6,192.168.1.4,603612067,2377919740,74,0,1302726
659,1576358538.423129,192.168.1.6,192.168.1.4,603612141,2377919740,243,0,1302483
660,1576358538.423442,192.168.1.4,192.168.1.6,2377919740,603612141,79,1,1302562
661,1576358538.423527,192.168.1.4,192.168.1.6,2377919819,603612384,79,1,1302641
662,1576358538.497192,192.168.1.4,192.168.1.6,1480080594,3970223410,91,1,1302732
663,1576358538.497749,192.168.1.6,192.168.1.4,3970223410,1480080685,539,0,1302193
664,1576358538.499784,192.168.1.4,192.168.1.6,3698625108,1752508145,91,1,1302284
665,1576358538.500413,192.168.1.6,192.168.1.4,1752508145,3698625199,539,0,1301745
666,1576358538.505047,192.168.1.4,192.168.1.6,2496311961,1363910325,91,1,1301836
667,1576358538.505417,192.168.1.6,192.168.1.4,1363910325,2496312052,539,0,1301297
668,1576358538.507002,192.168.1.4,192.168.1.6,1565041580,348561697,91,1,1301388
669,1576358538.507370,192.168.1.6,192.168.1.4,348561697,1565041671,539,0,1300849
670,1576358538.514937,192.168.1.4,192.168.1.6,3985038851,435657541,91,1,1300940
671,1576358538.515857,192.168.1.6,192.168.1.4,435657541,3985038942,539,0,1300401
672,1576358538.530598,192.168.1.4,192.168.1.6,1534492270,1644697661,91,1,1300492
673,1576358538.532774,192.168.1.6,192.168.1.4,1644697661,1534492361,539,0,1299953
674,1576358538.536554,192.168.1.4,192.168.1.6,2496312052,1363910864,1385,1,1301338
675,1576358538.539428,192.168.1.4,192.168.1.6,216803315,1102493836,91,1,1301429
676,1576358538.539795,192.168.1.6,192.168.1.4,1102493836,216803406,539,0,1300890
677,1576358538.541279,192.168.1.4,192.168.1.6,2377919898,603612384,91,1,1300981
678,1576358538.541792,192.168.1.6,192.168.1.4,603612384,2377919989,539,0,1300442
679,1576358538.548562,192.168.1.4,192.168.1.6,1480080685,3970223949,2070,1,1302512
680,1576358538.548726,192.168.1.4,192.168.1.6,3698625199,1752508684,1448,1,1303960
681,1576358538.549022,192.168.1.4,192.168.1.6,3698626647,1752508684,622,1,1304582
682,1576358538.578906,192.168.1.4,192.168.1.6,2496313437,1363910864,2016,1,1306598
683,1576358538.582044,192.168.1.6,192.168.1.4,1363910864,2496315453,148,0,1306450
684,1576358538.600923,192.168.1.4,192.168.1.6,3698627269,1752508684,3794,1,1310244
685,1576358538.600968,192.168.1.4,192.168.1.6,1480082755,3970223949,3044,1,1313288
686,1576358538.600979,192.168.1.4,192.168.1.6,216803406,1102494375,2070,1,1315358
687,1576358538.607099,192.168.1.6,192.168.1.4,1752508684,3698631063,148,0,1315210
688,1576358538.611416,192.168.1.4,192.168.1.6,1565041671,348562236,2070,1,1317280
689,1576358538.611551,192.168.1.4,192.168.1.6,2377919989,603612923,2070,1,1319350
690,1576358538.611662,192.168.1.4,192.168.1.6,3985038942,435658080,2070,1,1321420
691,1576358538.611886,192.168.1.4,192.168.1.6,1534492361,1644698200,2070,1,1323490
692,1576358538.615976,192.168.1.6,192.168.1.4,3970223949,1480085799,148,0,1323342
693,1576358538.618007,192.168.1.4,192.168.1.6,2496315453,1363911012,296,1,1323638
694,1576358538.624832,192.168.1.6,192.168.1.4,1363911012,2496315749,484,0,1323154
695,1576358538.639050,192.168.1.4,192.168.1.6,216805476,1102494375,1331,1,1324485
696,1576358538.642385,192.168.1.6,192.168.1.4,1102494375,216806807,148,0,1324337
697,1576358538.643711,192.168.1.4,192.168.1.6,3698631063,1752508832,280,1,1324617
698,1576358538.645076,192.168.1.6,192.168.1.4,1752508832,3698631343,436,0,1324181
699,1576358538.655180,192.168.1.4,192.168.1.6,1565043741,348562236,1331,1,1325512
700,1576358538.655199,192.168.1.4,192.168.1.6,3985041012,435658080,1331,1,1326843
701,1576358538.655298,192.168.1.4,192.168.1.6,1534494431,1644698200,1331,1,1328174
702,1576358538.655306,192.168.1.4,192.168.1.6,2377922059,603612923,1331,1,1329505
703,1576358538.658727,192.168.1.6,192.168.1.4,348562236,1565045072,148,0,1329357
704,1576358538.664466,192.168.1.6,192.168.1.4,1644698200,1534495762,148,0,1329209
705,1576358538.666665,192.168.1.6,192.168.1.4,603612923,2377923390,148,0,1329061
706,1576358538.676054,192.168.1.6,192.168.1.4,435658080,3985042343,148,0,1328913
707,1576358538.773855,192.168.1.6,192.168.1.4,1207457053,2743252833,713,0,1328200
708,1576358538.801242,192.168.1.4,192.168.1.6,2377923390,603613071,296,1,1328496
709,1576358538.801386,192.168.1.4,192.168.1.6,3985042343,435658228,296,1,1328792
710,1576358538.801578,192.168.1.4,192.168.1.6,1534495762,1644698348,296,1,1329088
711,1576358538.801750,192.168.1.4,192.168.1.6,1565045072,348562384,296,1,1329384
712,1576358538.801837,192.168.1.4,192.168.1.6,1480085799,3970224097,73,1,1329457
713,1576358538.802046,192.168.1.4,192.168.1.6,216806807,1102494523,296,1,1329753
714,1576358538.802193,192.168.1.4,192.168.1.6,2496315749,1363911496,429,1,1330182
715,1576358538.805447,192.168.1.6,192.168.1.4,603613071,2377923686,484,0,1329698
716,1576358538.806149,192.168.1.4,192.168.1.6,3698631343,1752509268,1348,1,1331046
717,1576358538.811268,192.168.1.6,192.168.1.4,1644698348,1534496058,484,0,1330562
718,1576358538.812266,192.168.1.6,192.168.1.4,348562384,1565045368,484,0,1330078
719,1576358538.816561,192.168.1.6,192.168.1.4,3970224097,1480085872,447,0,1329631
720,1576358538.817197,192.168.1.6,192.168.1.4,1102494523,216807103,484,0,1329147
721,1576358538.817949,192.168.1.6,192.168.1.4,435658228,3985042639,484,0,1328663
722,1576358538.826131,192.168.1.6,192.168.1.4,1363911496,2496316178,484,0,1328179
723,1576358538.835093,192.168.1.4,192.168.1.6,2743252833,1207457766,6166,1,1334345
724,1576358538.879000,192.168.1.4,192.168.1.6,2743258999,1207457766,6731,1,1341076
725,1576358538.934785,192.168.1.4,192.168.1.6,2743265730,1207457766,1385,1,1342461
726,1576358538.940527,192.168.1.4,192.168.1.6,3378519747,2038989375,53,1,1342514
727,1576358538.948760,192.168.1.4,192.168.1.6,3378519800,2038989375,24,1,1342538
728,1576358538.998973,192.168.1.4,192.168.1.6,2377923686,603613555,429,1,1342967
729,1576358539.000885,192.168.1.6,192.168.1.4,603613555,2377924115,484,0,1342483
730,1576358539.021901,192.168.1.4,192.168.1.6,2743267115,1207457766,1385,1,1343868
731,1576358539.063146,192.168.1.4,192.168.1.6,2743268500,1207457766,4111,1,1347979
732,1576358539.115953,192.168.1.4,192.168.1.6,2743272611,1207457766,8200,1,1356179
733,1576358539.126606,192.168.1.6,192.168.1.4,2161549686,3102057271,343,0,1355836
734,1576358539.127057,192.168.1.4,192.168.1.6,3102057271,2161550029,99,1,1355935
735,1576358539.127389,192.168.1.6,192.168.1.4,2161550029,3102057370,382,0,1355553
736,1576358539.138093,192.168.1.4,192.168.1.6,3102057370,2161550411,2266,1,1357819
737,1576358539.139179,192.168.1.6,192.168.1.4,2161550411,3102059636,74,0,1357745
738,1576358539.139296,192.168.1.6,192.168.1.4,2161550485,3102059636,237,0,1357508
739,1576358539.139606,192.168.1.4,192.168.1.6,3102059636,2161550722,79,1,1357587
740,1576358539.139698,192.168.1.4,192.168.1.6,3102059715,2161550722,79,1,1357666
741,1576358539.160888,192.168.1.4,192.168.1.6,2743280811,1207457766,1385,1,1359051
742,1576358539.174020,192.168.1.6,192.168.1.4,2038989375,3378519824,24,0,1359027
743,1576358539.175349,192.168.1.6,192.168.1.4,1752509268,3698632691,487,0,1358540
744,1576358539.213031,192.168.1.4,192.168.1.6,1534496058,1644698832,429,1,1358969
745,1576358539.213150,192.168.1.4,192.168.1.6,3985042639,435658712,429,1,1359398
746,1576358539.213246,192.168.1.4,192.168.1.6,1565045368,348562868,429,1,1359827
747,1576358539.213267,192.168.1.4,192.168.1.6,216807103,1102495007,429,1,1360256
748,1576358539.213272,192.168.1.4,192.168.1.6,2496316178,1363911980,428,1,1360684
749,1576358539.213408,192.168.1.4,192.168.1.6,1480085872,3970224544,1385,1,1362069
750,1576358539.213498,192.168.1.4,192.168.1.6,2743282196,1207457766,10926,1,1372995
751,1576358539.225419,192.168.1.4,192.168.1.6,2377924115,603614039,428,1,1373423
752,1576358539.237912,192.168.1.4,192.168.1.6,3102059794,2161550722,91,1,1373514
753,1576358539.256649,192.168.1.4,192.168.1.6,1480087257,3970224544,639,1,1374153
754,1576358539.256679,192.168.1.4,192.168.1.6,2743293122,1207457766,16406,1,1390559
755,1576358539.256730,192.168.1.4,192.168.1.6,2743309528,1207457766,5792,1,1396351
756,1576358539.256816,192.168.1.4,192.168.1.6,2743315320,1207457766,7832,1,1404183
757,1576358539.281132,192.168.1.6,192.168.1.4,2161550722,3102059885,539,0,1403644
758,1576358539.309791,192.168.1.6,192.168.1.4,1644698832,1534496487,484,0,1403160
759,1576358539.311181,192.168.1.4,192.168.1.6,2743323152,1207457766,1385,1,1404545
760,1576358539.311904,192.168.1.6,192.168.1.4,435658712,3985043068,484,0,1404061
761,1576358539.313825,192.168.1.6,192.168.1.4,348562868,1565045797,484,0,1403577
762,1576358539.315884,192.168.1.6,192.168.1.4,1102495007,216807532,484,0,1403093
763,1576358539.325888,192.168.1.6,192.168.1.4,1363911980,2496316606,484,0,1402609
764,1576358539.328960,192.168.1.6,192.168.1.4,603614039,2377924543,484,0,1402125
765,1576358539.349081,192.168.1.4,192.168.1.6,3756648292,131450237,53,1,1402178
766,1576358539.349244,192.168.1.4,192.168.1.6,3756648345,131450237,24,1,1402202
767,1576358539.384910,192.168.1.4,192.168.1.6,1534496487,1644699316,428,1,1402630
768,1576358539.385208,192.168.1.4,192.168.1.6,2743324537,1207457766,13417,1,1416047
769,1576358539.385681,192.168.1.4,192.168.1.6,3698632691,1752509755,1385,1,1417432
770,1576358539.389518,192.168.1.6,192.168.1.4,1644699316,1534496915,484,0,1416948
771,1576358539.397244,192.168.1.4,192.168.1.6,2377924543,603614523,428,1,1417376
772,1576358539.397351,192.168.1.4,192.168.1.6,216807532,1102495491,428,1,1417804
773,1576358539.397388,192.168.1.4,192.168.1.6,3985043068,435659196,428,1,1418232
774,1576358539.397498,192.168.1.4,192.168.1.6,3698634076,1752509755,4344,1,1422576
775,1576358539.397598,192.168.1.4,192.168.1.6,3698638420,1752509755,857,1,1423433
776,1576358539.397751,192.168.1.4,192.168.1.6,2496316606,1363912464,428,1,1423861
777,1576358539.397771,192.168.1.4,192.168.1.6,1565045797,348563352,428,1,1424289
778,1576358539.397900,192.168.1.4,192.168.1.6,3102059885,2161551261,3802,1,1428091
779,1576358539.450022,192.168.1.6,192.168.1.4,2161551261,3102063687,86,0,1428005
780,1576358539.457225,192.168.1.4,192.168.1.6,3930089419,3976656061,53,1,1428058
781,1576358539.457265,192.168.1.4,192.168.1.6,3930089472,3976656061,24,1,1428082
782,1576358539.457278,192.168.1.4,192.168.1.6,1722773294,1225731371,53,1,1428135
783,1576358539.457513,192.168.1.4,192.168.1.6,1722773347,1225731371,24,1,1428159
784,1576358539.457540,192.168.1.4,192.168.1.6,320597076,2033701999,53,1,1428212
785,1576358539.457580,192.168.1.4,192.168.1.6,320597129,2033701999,24,1,1428236
786,1576358539.459513,192.168.1.6,192.168.1.4,603614523,2377924971,484,0,1427752
787,1576358539.471224,192.168.1.6,192.168.1.4,435659196,3985043496,484,0,1427268
788,1576358539.472446,192.168.1.6,192.168.1.4,1102495491,216807960,484,0,1426784
789,1576358539.473530,192.168.1.6,192.168.1.4,2161551347,3102063687,108,0,1426676
790,1576358539.476406,192.168.1.6,192.168.1.4,2161551455,3102063687,279,0,1426397
791,1576358539.503468,192.168.1.4,192.168.1.6,1534496915,1644699800,428,1,1426825
792,1576358539.503572,192.168.1.4,192.168.1.6,3102063687,2161551734,586,1,1427411
793,1576358539.505698,192.168.1.6,192.168.1.4,2161551734,3102064273,53,0,1427358
794,1576358539.515495,192.168.1.4,192.168.1.6,2377924971,603615007,428,1,1427786
795,1576358539.515540,192.168.1.4,192.168.1.6,216807960,1102495975,428,1,1428214
796,1576358539.515772,192.168.1.4,192.168.1.6,3985043496,435659680,428,1,1428642
797,1576358539.515805,192.168.1.4,192.168.1.6,3102064273,2161551787,2070,1,1430712
798,1576358539.559237,192.168.1.4,192.168.1.6,3102066343,2161551787,841,1,1431553
799,1576358539.560230,192.168.1.6,192.168.1.4,2161551787,3102067184,61,0,1431492
