index,time,src_ip,dst_ip,tcp_seq,tcp_ack,tcp_len,direction,cumul_sum
1,1574589838.112336,192.168.1.5,192.168.1.4,394401685,2508868121,343,0,-343
2,1574589838.112762,192.168.1.4,192.168.1.5,2508868121,394402028,99,1,-244
3,1574589838.113448,192.168.1.5,192.168.1.4,394402028,2508868220,382,0,-626
4,1574589838.129321,192.168.1.4,192.168.1.5,2508868220,394402410,2266,1,1640
5,1574589838.130227,192.168.1.5,192.168.1.4,394402410,2508870486,74,0,1566
6,1574589838.130382,192.168.1.5,192.168.1.4,394402484,2508870486,245,0,1321
7,1574589838.130598,192.168.1.4,192.168.1.5,2508870486,394402729,79,1,1400
8,1574589838.130678,192.168.1.4,192.168.1.5,2508870565,394402729,79,1,1479
9,1574589838.5525,192.168.1.5,192.168.1.4,3984025341,2115605077,343,0,1136
10,1574589838.553019,192.168.1.4,192.168.1.5,2115605077,3984025684,99,1,1235
11,1574589838.553623,192.168.1.5,192.168.1.4,3984025684,2115605176,382,0,853
12,1574589838.555584,192.168.1.5,192.168.1.4,3112427128,1035791576,343,0,510
13,1574589838.558773,192.168.1.4,192.168.1.5,1035791576,3112427471,99,1,609
14,1574589838.559089,192.168.1.5,192.168.1.4,3112427471,1035791675,382,0,227
15,1574589838.571576,192.168.1.4,192.168.1.5,1035791675,3112427853,2266,1,2493
16,1574589838.572455,192.168.1.5,192.168.1.4,3112427853,1035793941,74,0,2419
17,1574589838.572566,192.168.1.5,192.168.1.4,3112427927,1035793941,235,0,2184
18,1574589838.57408,192.168.1.4,192.168.1.5,2115605176,3984026066,2266,1,4450
19,1574589838.574384,192.168.1.4,192.168.1.5,1035793941,3112428162,79,1,4529
20,1574589838.57445,192.168.1.4,192.168.1.5,1035794020,3112428162,79,1,4608
21,1574589838.575241,192.168.1.5,192.168.1.4,3984026066,2115607442,74,0,4534
22,1574589838.575378,192.168.1.5,192.168.1.4,3984026140,2115607442,235,0,4299
23,1574589838.57565,192.168.1.4,192.168.1.5,2115607442,3984026375,79,1,4378
24,1574589838.575777,192.168.1.4,192.168.1.5,2115607521,3984026375,79,1,4457
25,1574589839.256404,192.168.1.4,192.168.1.5,2508870644,394402729,91,1,4548
26,1574589839.257404,192.168.1.5,192.168.1.4,394402729,2508870735,539,0,4009
27,1574589839.298573,192.168.1.4,192.168.1.5,2508870735,394403268,2070,1,6079
28,1574589839.342368,192.168.1.4,192.168.1.5,2508872805,394403268,1018,1,7097
29,1574589839.352974,192.168.1.5,192.168.1.4,394403268,2508873823,86,0,7011
30,1574589839.35393,192.168.1.5,192.168.1.4,394403354,2508873823,108,0,6903
31,1574589839.354906,192.168.1.5,192.168.1.4,394403462,2508873823,321,0,6582
32,1574589839.359936,192.168.1.5,192.168.1.4,394403783,2508873823,54,0,6528
33,1574589839.395898,192.168.1.4,192.168.1.5,2508873823,394403837,617,1,7145
34,1574589839.39632,192.168.1.5,192.168.1.4,394403837,2508874440,53,0,7092
35,1574589839.402201,192.168.1.4,192.168.1.5,2508874440,394403890,1104,1,8196
36,1574589839.403732,192.168.1.5,192.168.1.4,394403890,2508875544,61,0,8135
37,1574589839.501171,192.168.1.4,192.168.1.5,1035794099,3112428162,91,1,8226
38,1574589839.501372,192.168.1.4,192.168.1.5,2115607600,3984026375,91,1,8317
39,1574589839.503302,192.168.1.5,192.168.1.4,3984026375,2115607691,539,0,7778
40,1574589839.503844,192.168.1.5,192.168.1.4,3112428162,1035794190,539,0,7239
41,1574589839.543101,192.168.1.4,192.168.1.5,1035794190,3112428701,2070,1,9309
42,1574589839.543916,192.168.1.4,192.168.1.5,2115607691,3984026914,2070,1,11379
43,1574589839.586334,192.168.1.4,192.168.1.5,2115609761,3984026914,600,1,11979
44,1574589839.586368,192.168.1.4,192.168.1.5,1035796260,3112428701,598,1,12577
45,1574589839.590144,192.168.1.5,192.168.1.4,3984026914,2115610361,86,0,12491
46,1574589839.591752,192.168.1.5,192.168.1.4,3112428701,1035796858,86,0,12405
47,1574589839.592524,192.168.1.5,192.168.1.4,3112428787,1035796858,24,0,12381
48,1574589839.593196,192.168.1.4,192.168.1.5,1035796858,3112428811,24,1,12405
49,1574589839.598961,192.168.1.5,192.168.1.4,3984027000,2115610361,108,0,12297
50,1574589839.599717,192.168.1.5,192.168.1.4,3984027108,2115610361,346,0,11951
51,1574589839.635568,192.168.1.4,192.168.1.5,2115610361,3984027454,617,1,12568
52,1574589839.636247,192.168.1.5,192.168.1.4,3984027454,2115610978,53,0,12515
53,1574589839.709769,192.168.1.4,192.168.1.5,2115610978,3984027507,2070,1,14585
54,1574589839.743329,192.168.1.4,192.168.1.5,2115613048,3984027507,14480,1,29065
55,1574589839.743621,192.168.1.4,192.168.1.5,2115627528,3984027507,13032,1,42097
56,1574589839.744257,192.168.1.4,192.168.1.5,2115640560,3984027507,5906,1,48003
57,1574589839.766296,192.168.1.4,192.168.1.5,2115646466,3984027507,16406,1,64409
58,1574589839.766533,192.168.1.4,192.168.1.5,2115662872,3984027507,11584,1,75993
59,1574589839.766686,192.168.1.4,192.168.1.5,2115674456,3984027507,5320,1,81313
60,1574589839.810344,192.168.1.4,192.168.1.5,2115679776,3984027507,1224,1,82537
61,1574589839.811266,192.168.1.5,192.168.1.4,3984027507,2115681000,61,0,82476
62,1574589839.821959,192.168.1.5,192.168.1.4,3984027568,2115681000,365,0,82111
63,1574589839.82522,192.168.1.5,192.168.1.4,4113283966,3380489968,343,0,81768
64,1574589839.825542,192.168.1.4,192.168.1.5,3380489968,4113284309,99,1,81867
65,1574589839.826399,192.168.1.5,192.168.1.4,4113284309,3380490067,382,0,81485
66,1574589839.838363,192.168.1.4,192.168.1.5,3380490067,4113284691,2266,1,83751
67,1574589839.839233,192.168.1.5,192.168.1.4,4113284691,3380492333,74,0,83677
68,1574589839.83936,192.168.1.5,192.168.1.4,4113284765,3380492333,243,0,83434
69,1574589839.839606,192.168.1.4,192.168.1.5,3380492333,4113284765,79,1,83513
70,1574589839.839707,192.168.1.4,192.168.1.5,3380492412,4113285008,79,1,83592
71,1574589839.848302,192.168.1.5,192.168.1.4,2594474334,1818373073,343,0,83249
72,1574589839.849187,192.168.1.4,192.168.1.5,1818373073,2594474677,99,1,83348
73,1574589839.849463,192.168.1.5,192.168.1.4,2594474677,1818373172,382,0,82966
74,1574589839.862731,192.168.1.4,192.168.1.5,1818373172,2594475059,2266,1,85232
75,1574589839.863612,192.168.1.5,192.168.1.4,2594475059,1818375438,74,0,85158
76,1574589839.863729,192.168.1.5,192.168.1.4,2594475133,1818375438,237,0,84921
77,1574589839.864016,192.168.1.4,192.168.1.5,1818375438,2594475370,79,1,85000
78,1574589839.864197,192.168.1.4,192.168.1.5,1818375517,2594475370,79,1,85079
79,1574589840.139709,192.168.1.4,192.168.1.5,2115681000,3984027933,2070,1,87149
80,1574589840.183467,192.168.1.4,192.168.1.5,2115683070,3984027933,4311,1,91460
81,1574589840.184196,192.168.1.5,192.168.1.4,3984027933,2115687381,61,0,91399
82,1574589840.273402,192.168.1.5,192.168.1.4,2241526693,788837862,343,0,91056
83,1574589840.273745,192.168.1.4,192.168.1.5,788837862,2241527036,99,1,91155
84,1574589840.274335,192.168.1.5,192.168.1.4,2241527036,788837961,382,0,90773
85,1574589840.276559,192.168.1.5,192.168.1.4,3984027994,2115687381,116,0,90657
86,1574589840.284593,192.168.1.4,192.168.1.5,788837961,2241527418,2266,1,92923
87,1574589840.285905,192.168.1.5,192.168.1.4,2241527418,788840227,74,0,92849
88,1574589840.286051,192.168.1.5,192.168.1.4,2241527492,788840227,237,0,92612
89,1574589840.286333,192.168.1.4,192.168.1.5,788840227,2241527729,79,1,92691
90,1574589840.286418,192.168.1.4,192.168.1.5,788840306,2241527729,79,1,92770
91,1574589840.322727,192.168.1.4,192.168.1.5,2115687381,3984028110,803,1,93573
92,1574589840.324753,192.168.1.5,192.168.1.4,3984028110,2115688184,61,0,93512
93,1574589840.407647,192.168.1.5,192.168.1.4,3984028171,2115688184,214,0,93298
94,1574589840.443647,192.168.1.5,192.168.1.4,3984028385,2115688184,96,0,93202
95,1574589840.451654,192.168.1.4,192.168.1.5,2115688184,3984028481,160,1,93362
96,1574589840.456481,192.168.1.5,192.168.1.4,3984028481,2115688344,61,0,93301
97,1574589840.483958,192.168.1.4,192.168.1.5,2115688344,3984028542,2070,1,95371
98,1574589840.486137,192.168.1.5,192.168.1.4,3984028542,2115690414,320,0,95051
99,1574589840.486714,192.168.1.4,192.168.1.5,2115690414,3984028862,2595,1,97646
100,1574589840.531832,192.168.1.4,192.168.1.5,2115693009,3984028862,14480,1,112126
101,1574589840.532084,192.168.1.4,192.168.1.5,2115707489,3984028862,18824,1,130950
102,1574589840.532527,192.168.1.4,192.168.1.5,2115726313,3984028862,2419,1,133369
103,1574589840.532555,192.168.1.4,192.168.1.5,2115728732,3984028862,2858,1,136227
104,1574589840.546709,192.168.1.4,192.168.1.5,2115731590,3984028862,14480,1,150707
105,1574589840.546875,192.168.1.4,192.168.1.5,2115746070,3984028862,1926,1,152633
106,1574589840.546917,192.168.1.4,192.168.1.5,2115747996,3984028862,11584,1,164217
107,1574589840.546954,192.168.1.4,192.168.1.5,2115759580,3984028862,4822,1,169039
108,1574589840.547168,192.168.1.4,192.168.1.5,2115764402,3984028862,6958,1,175997
109,1574589840.547527,192.168.1.4,192.168.1.5,2115771360,3984028862,2858,1,178855
110,1574589840.548087,192.168.1.4,192.168.1.5,2115774218,3984028862,2858,1,181713
111,1574589840.549064,192.168.1.4,192.168.1.5,2115777076,3984028862,1440,1,183153
112,1574589840.549313,192.168.1.4,192.168.1.5,2115778516,3984028862,1440,1,184593
113,1574589840.561055,192.168.1.4,192.168.1.5,2115779956,3984028862,16406,1,200999
114,1574589840.56121,192.168.1.4,192.168.1.5,2115796362,3984028862,13032,1,214031
115,1574589840.561254,192.168.1.4,192.168.1.5,2115809394,3984028862,3374,1,217405
116,1574589840.561264,192.168.1.4,192.168.1.5,2115812768,3984028862,1286,1,218691
117,1574589840.561523,192.168.1.4,192.168.1.5,2115814054,3984028862,1440,1,220131
118,1574589840.561816,192.168.1.4,192.168.1.5,2115815494,3984028862,1440,1,221571
119,1574589840.562459,192.168.1.4,192.168.1.5,2115816934,3984028862,1440,1,223011
120,1574589840.562722,192.168.1.4,192.168.1.5,2115818374,3984028862,1440,1,224451
121,1574589840.563526,192.168.1.4,192.168.1.5,2115819814,3984028862,1440,1,225891
122,1574589840.563884,192.168.1.4,192.168.1.5,2115821254,3984028862,1440,1,227331
123,1574589840.56496,192.168.1.4,192.168.1.5,2115822694,3984028862,2858,1,230189
124,1574589840.565809,192.168.1.4,192.168.1.5,2115825552,3984028862,1440,1,231629
125,1574589840.566116,192.168.1.4,192.168.1.5,2115826992,3984028862,2858,1,234487
126,1574589840.567625,192.168.1.4,192.168.1.5,2115829850,3984028862,1440,1,235927
127,1574589840.569246,192.168.1.4,192.168.1.5,2115831290,3984028862,2858,1,238785
128,1574589840.570347,192.168.1.4,192.168.1.5,2115834148,3984028862,4276,1,243061
129,1574589840.577679,192.168.1.4,192.168.1.5,2115838424,3984028862,3851,1,246912
130,1574589840.579786,192.168.1.5,192.168.1.4,3984028862,2115842275,61,0,246851
131,1574589840.642633,192.168.1.5,192.168.1.4,2145118050,254923740,343,0,246508
132,1574589840.643029,192.168.1.4,192.168.1.5,254923740,2145118393,99,1,246607
133,1574589840.643277,192.168.1.5,192.168.1.4,2145118393,254923839,382,0,246225
134,1574589840.652991,192.168.1.4,192.168.1.5,254923839,2145118775,2266,1,248491
135,1574589840.653885,192.168.1.5,192.168.1.4,2145118775,254926105,74,0,248417
136,1574589840.654022,192.168.1.5,192.168.1.4,2145118849,254926105,237,0,248180
137,1574589840.654266,192.168.1.4,192.168.1.5,254926105,2145119086,79,1,248259
138,1574589840.655071,192.168.1.4,192.168.1.5,254926184,2145119086,79,1,248338
139,1574589840.858483,192.168.1.5,192.168.1.4,3984028923,2115842275,157,0,248181
140,1574589840.89888,192.168.1.4,192.168.1.5,2115842275,3984029080,158,1,248339
141,1574589840.900031,192.168.1.5,192.168.1.4,3984029080,2115842433,61,0,248278
142,1574589841.705862,192.168.1.5,192.168.1.4,3984029141,2115842433,475,0,247803
143,1574589841.744888,192.168.1.4,192.168.1.5,2115842433,3984029616,129,1,247932
144,1574589841.786268,192.168.1.4,192.168.1.5,2115842562,3984029616,4344,1,252276
145,1574589841.786446,192.168.1.4,192.168.1.5,2115846906,3984029616,10136,1,262412
146,1574589841.786708,192.168.1.4,192.168.1.5,2115857042,3984029616,1926,1,264338
147,1574589841.786776,192.168.1.4,192.168.1.5,2115858968,3984029616,14480,1,278818
148,1574589841.787023,192.168.1.4,192.168.1.5,2115873448,3984029616,1926,1,280744
149,1574589841.787068,192.168.1.4,192.168.1.5,2115875374,3984029616,16406,1,297150
150,1574589841.787271,192.168.1.4,192.168.1.5,2115891780,3984029616,10136,1,307286
151,1574589841.787375,192.168.1.4,192.168.1.5,2115901916,3984029616,5618,1,312904
152,1574589841.78979,192.168.1.5,192.168.1.4,3984029616,2115907534,61,0,312843
153,1574589841.834445,192.168.1.4,192.168.1.5,3380492491,4113285008,91,1,312934
154,1574589841.835296,192.168.1.5,192.168.1.4,4113285008,3380492582,539,0,312395
155,1574589841.88086,192.168.1.4,192.168.1.5,3380492582,4113285547,2070,1,314465
156,1574589841.922407,192.168.1.4,192.168.1.5,3380494652,4113285547,1756,1,316221
157,1574589841.930524,192.168.1.5,192.168.1.4,4113285547,3380496408,86,0,316135
158,1574589841.931823,192.168.1.5,192.168.1.4,4113285633,3380496408,108,0,316027
159,1574589841.932426,192.168.1.5,192.168.1.4,4113285741,3380496408,516,0,315511
160,1574589841.968626,192.168.1.4,192.168.1.5,3380496408,4113286257,617,1,316128
161,1574589841.969095,192.168.1.5,192.168.1.4,4113286257,3380497025,53,0,316075
162,1574589841.986835,192.168.1.4,192.168.1.5,3380497025,4113286310,776,1,316851
163,1574589841.988846,192.168.1.5,192.168.1.4,4113286310,3380497801,61,0,316790
164,1574589842.383489,192.168.1.4,192.168.1.5,1818375596,2594475370,91,1,316881
165,1574589842.383972,192.168.1.5,192.168.1.4,2594475370,1818375687,539,0,316342
166,1574589842.428892,192.168.1.4,192.168.1.5,1818375687,2594475909,2070,1,318412
167,1574589842.470376,192.168.1.4,192.168.1.5,1818377757,2594475909,1756,1,320168
168,1574589842.474526,192.168.1.5,192.168.1.4,2594475909,1818379513,86,0,320082
169,1574589842.474874,192.168.1.5,192.168.1.4,2594475995,1818379513,108,0,319974
170,1574589842.475753,192.168.1.5,192.168.1.4,2594476103,1818379513,297,0,319677
171,1574589842.509971,192.168.1.4,192.168.1.5,1818379513,2594476400,2070,1,321747
172,1574589842.51228,192.168.1.5,192.168.1.4,2594476400,1818381583,53,0,321694
173,1574589842.513107,192.168.1.4,192.168.1.5,1818381583,2594476453,6405,1,328099
174,1574589842.51591,192.168.1.5,192.168.1.4,2594476453,1818387988,61,0,328038
175,1574589842.585777,192.168.1.5,192.168.1.4,2713791092,164571650,343,0,327695
176,1574589842.586274,192.168.1.4,192.168.1.5,164571650,2713791435,99,1,327794
177,1574589842.586821,192.168.1.5,192.168.1.4,2713791435,164571749,382,0,327412
178,1574589842.596077,192.168.1.5,192.168.1.4,3984029677,2115907534,164,0,327248
179,1574589842.598522,192.168.1.4,192.168.1.5,164571749,2713791817,2266,1,329514
180,1574589842.599753,192.168.1.5,192.168.1.4,2713791817,164574015,74,0,329440
181,1574589842.599962,192.168.1.5,192.168.1.4,2713791891,164574015,233,0,329207
182,1574589842.600227,192.168.1.4,192.168.1.5,164574015,2713792124,79,1,329286
183,1574589842.600286,192.168.1.4,192.168.1.5,164574094,2713792124,79,1,329365
184,1574589842.637379,192.168.1.4,192.168.1.5,2115907534,3984029841,158,1,329523
185,1574589842.638546,192.168.1.5,192.168.1.4,3984029841,2115907692,61,0,329462
186,1574589842.708165,192.168.1.5,192.168.1.4,3593770966,1189779087,343,0,329119
187,1574589842.708774,192.168.1.4,192.168.1.5,1189779087,3593771309,99,1,329218
188,1574589842.709043,192.168.1.5,192.168.1.4,3593771309,1189779186,382,0,328836
189,1574589842.725198,192.168.1.4,192.168.1.5,1189779186,3593771691,2266,1,331102
190,1574589842.726206,192.168.1.5,192.168.1.4,3593771691,1189781452,74,0,331028
191,1574589842.726377,192.168.1.5,192.168.1.4,3593771765,1189781452,243,0,330785
192,1574589842.726722,192.168.1.4,192.168.1.5,1189781452,3593772008,79,1,330864
193,1574589842.726827,192.168.1.4,192.168.1.5,1189781531,3593772008,79,1,330943
194,1574589843.10684,192.168.1.4,192.168.1.5,788840385,2241527729,91,1,331034
195,1574589843.10731,192.168.1.5,192.168.1.4,2241527729,788840476,539,0,330495
196,1574589843.14595,192.168.1.4,192.168.1.5,788840476,2241528268,2070,1,332565
197,1574589843.186271,192.168.1.4,192.168.1.5,788842546,2241528268,1756,1,334321
198,1574589843.19058,192.168.1.5,192.168.1.4,2241528268,788844302,86,0,334235
199,1574589843.191001,192.168.1.5,192.168.1.4,2241528354,788844302,108,0,334127
200,1574589843.191297,192.168.1.5,192.168.1.4,2145119086,254926263,24,0,334103
201,1574589843.192128,192.168.1.5,192.168.1.4,2241528462,788844302,317,0,333786
202,1574589843.192382,192.168.1.5,192.168.1.4,2241528779,788844302,165,0,333621
203,1574589843.227036,192.168.1.4,192.168.1.5,788844302,2241528944,2070,1,335691
204,1574589843.228212,192.168.1.5,192.168.1.4,2241528944,788846372,53,0,335638
205,1574589843.229255,192.168.1.4,192.168.1.5,788846372,2241528997,6021,1,341659
206,1574589843.27009,192.168.1.4,192.168.1.5,788852393,2241528997,7240,1,348899
207,1574589843.270329,192.168.1.4,192.168.1.5,788859633,2241528997,7240,1,356139
208,1574589843.270377,192.168.1.4,192.168.1.5,788866873,2241528997,1926,1,358065
209,1574589843.27042,192.168.1.4,192.168.1.5,788868799,2241528997,10136,1,368201
210,1574589843.270493,192.168.1.4,192.168.1.5,788878935,2241528997,6270,1,374471
211,1574589843.270678,192.168.1.4,192.168.1.5,788885205,2241528997,1916,1,376387
212,1574589843.310338,192.168.1.4,192.168.1.5,788887121,2241528997,16406,1,392793
213,1574589843.310427,192.168.1.4,192.168.1.5,788903527,2241528997,4741,1,397534
214,1574589843.315167,192.168.1.5,192.168.1.4,2241528997,788908268,61,0,397473
215,1574589843.364811,192.168.1.5,192.168.1.4,1512531859,1682326213,343,0,397130
216,1574589843.365406,192.168.1.4,192.168.1.5,1682326213,1512532202,99,1,397229
217,1574589843.365791,192.168.1.5,192.168.1.4,1512532202,1682326312,382,0,396847
218,1574589843.375554,192.168.1.4,192.168.1.5,1682326312,1512532584,2266,1,399113
219,1574589843.376426,192.168.1.5,192.168.1.4,1512532584,1682328578,74,0,399039
220,1574589843.37657,192.168.1.5,192.168.1.4,1512532658,1682328578,237,0,398802
221,1574589843.376783,192.168.1.4,192.168.1.5,1682328578,1512532895,79,1,398881
222,1574589843.385121,192.168.1.4,192.168.1.5,1682328657,1512532895,79,1,398960
223,1574589843.389004,192.168.1.5,192.168.1.4,1799597654,2564898489,343,0,398617
224,1574589843.389485,192.168.1.4,192.168.1.5,2564898489,1799597997,99,1,398716
225,1574589843.389754,192.168.1.5,192.168.1.4,1799597997,2564898588,382,0,398334
226,1574589843.401659,192.168.1.4,192.168.1.5,2564898588,1799598379,2266,1,400600
227,1574589843.403603,192.168.1.5,192.168.1.4,1799598379,2564900854,74,0,400526
228,1574589843.403769,192.168.1.5,192.168.1.4,1799598453,2564900854,235,0,400291
229,1574589843.404172,192.168.1.4,192.168.1.5,2564900854,1799598688,79,1,400370
230,1574589843.405085,192.168.1.4,192.168.1.5,2564900933,1799598688,79,1,400449
231,1574589843.433102,192.168.1.4,192.168.1.5,254926263,2145119110,91,1,400540
232,1574589843.433126,192.168.1.4,192.168.1.5,254926354,2145119110,24,1,400564
233,1574589845.688589,192.168.1.5,192.168.1.4,2137316898,254344636,343,0,400221
234,1574589845.689106,192.168.1.4,192.168.1.5,254344636,2137317241,99,1,400320
235,1574589845.68954,192.168.1.5,192.168.1.4,2137317241,254344735,382,0,399938
236,1574589845.699394,192.168.1.4,192.168.1.5,254344735,2137317623,2266,1,402204
237,1574589845.700537,192.168.1.5,192.168.1.4,2137317623,254347001,74,0,402130
238,1574589845.700648,192.168.1.5,192.168.1.4,2137317697,254347001,237,0,401893
239,1574589845.700877,192.168.1.4,192.168.1.5,254347001,2137317934,79,1,401972
240,1574589845.705039,192.168.1.4,192.168.1.5,254347080,2137317934,79,1,402051
241,1574589847.795414,192.168.1.4,192.168.1.5,164574173,2713792124,91,1,402142
242,1574589847.796212,192.168.1.5,192.168.1.4,2713792124,164574264,539,0,401603
243,1574589847.838917,192.168.1.4,192.168.1.5,164574264,2713792663,2070,1,403673
244,1574589847.882537,192.168.1.4,192.168.1.5,164576334,2713792663,985,1,404658
245,1574589847.888644,192.168.1.5,192.168.1.4,2713792663,164577319,86,0,404572
246,1574589847.88962,192.168.1.5,192.168.1.4,2713792749,164577319,108,0,404464
247,1574589847.890294,192.168.1.5,192.168.1.4,2713792857,164577319,289,0,404175
248,1574589847.924741,192.168.1.4,192.168.1.5,164577319,2713793146,586,1,404761
249,1574589847.927065,192.168.1.5,192.168.1.4,2713793146,164577905,53,0,404708
250,1574589847.927729,192.168.1.4,192.168.1.5,164577905,2713793199,53,1,404761
251,1574589847.972117,192.168.1.4,192.168.1.5,164577958,2713793199,792,1,405553
252,1574589847.983903,192.168.1.5,192.168.1.4,2713793199,164578750,61,0,405492
253,1574589847.984533,192.168.1.5,192.168.1.4,3984029902,2115907692,147,0,405345
254,1574589848.037085,192.168.1.4,192.168.1.5,2115907692,3984030049,205,1,405550
255,1574589848.081369,192.168.1.4,192.168.1.5,2115907897,3984030049,61,1,405611
256,1574589848.081769,192.168.1.5,192.168.1.4,3984030049,2115907958,61,0,405550
257,1574589848.406204,192.168.1.4,192.168.1.5,1189781610,3593772008,91,1,405641
258,1574589848.406833,192.168.1.5,192.168.1.4,3593772008,1189781701,539,0,405102
259,1574589848.450893,192.168.1.4,192.168.1.5,1189781701,3593772547,2070,1,407172
260,1574589848.494714,192.168.1.4,192.168.1.5,1189783771,3593772547,1888,1,409060
261,1574589848.500882,192.168.1.5,192.168.1.4,3593772547,1189785659,86,0,408974
262,1574589848.501275,192.168.1.5,192.168.1.4,3593772633,1189785659,108,0,408866
263,1574589848.501761,192.168.1.5,192.168.1.4,3593772741,1189785659,304,0,408562
264,1574589848.501947,192.168.1.5,192.168.1.4,3593773045,1189785659,55,0,408507
265,1574589848.535564,192.168.1.4,192.168.1.5,1189785659,3593773100,617,1,409124
266,1574589848.536157,192.168.1.5,192.168.1.4,3593773100,1189786276,53,0,409071
267,1574589848.553381,192.168.1.4,192.168.1.5,1189786276,3593773153,892,1,409963
268,1574589848.556288,192.168.1.5,192.168.1.4,3593773153,1189787168,61,0,409902
269,1574589848.565599,192.168.1.5,192.168.1.4,3984030110,2115907958,295,0,409607
270,1574589848.582393,192.168.1.4,192.168.1.5,1682328736,1512532895,91,1,409698
271,1574589848.582795,192.168.1.5,192.168.1.4,1512532895,1682328827,539,0,409159
272,1574589848.605831,192.168.1.4,192.168.1.5,2115907958,3984030405,88,1,409247
273,1574589848.625402,192.168.1.4,192.168.1.5,1682328827,1512533434,2070,1,411317
274,1574589848.646403,192.168.1.4,192.168.1.5,2115908046,3984030405,92,1,411409
275,1574589848.650417,192.168.1.5,192.168.1.4,3984030405,2115908138,61,0,411348
276,1574589848.666515,192.168.1.4,192.168.1.5,1682330897,1512533434,1009,1,412357
277,1574589848.671534,192.168.1.5,192.168.1.4,1512533434,1682331906,86,0,412271
278,1574589848.672136,192.168.1.5,192.168.1.4,1512533520,1682331906,108,0,412163
279,1574589848.674024,192.168.1.5,192.168.1.4,1512533628,1682331906,554,0,411609
280,1574589848.713361,192.168.1.4,192.168.1.5,1682331906,1512534182,586,1,412195
281,1574589848.715124,192.168.1.5,192.168.1.4,1512534182,1682332492,53,0,412142
282,1574589848.718395,192.168.1.4,192.168.1.5,1682332492,1512534235,412,1,412554
283,1574589848.758456,192.168.1.4,192.168.1.5,1682332904,1512534235,13032,1,425586
284,1574589848.758791,192.168.1.4,192.168.1.5,1682345936,1512534235,8688,1,434274
285,1574589848.759311,192.168.1.4,192.168.1.5,1682354624,1512534235,6684,1,440958
286,1574589848.767216,192.168.1.4,192.168.1.5,1682361308,1512534235,11584,1,452542
287,1574589848.767446,192.168.1.4,192.168.1.5,1682372892,1512534235,2774,1,455316
288,1574589848.810459,192.168.1.4,192.168.1.5,1682375666,1512534235,9481,1,464797
289,1574589848.811816,192.168.1.5,192.168.1.4,1512534235,1682385147,61,0,464736
290,1574589848.848583,192.168.1.5,192.168.1.4,3984030466,2115908138,381,0,464355
291,1574589848.853084,192.168.1.5,192.168.1.4,3171787849,773797706,343,0,464012
292,1574589848.853566,192.168.1.4,192.168.1.5,773797706,3171788192,99,1,464111
293,1574589848.853905,192.168.1.5,192.168.1.4,3171788192,773797805,382,0,463729
294,1574589848.863552,192.168.1.4,192.168.1.5,773797805,3171788574,2266,1,465995
295,1574589848.864446,192.168.1.5,192.168.1.4,3171788574,773800071,74,0,465921
296,1574589848.864553,192.168.1.5,192.168.1.4,3171788648,773800071,247,0,465674
297,1574589848.86481,192.168.1.4,192.168.1.5,773800071,3171788895,79,1,465753
298,1574589848.865046,192.168.1.4,192.168.1.5,773800150,3171788895,79,1,465832
299,1574589848.896815,192.168.1.4,192.168.1.5,2115908138,3984030847,158,1,465990
300,1574589848.90431,192.168.1.5,192.168.1.4,3984030847,2115908296,61,0,465929
301,1574589849.350156,192.168.1.4,192.168.1.5,2564901012,1799598688,91,1,466020
302,1574589849.350962,192.168.1.5,192.168.1.4,1799598688,2564901103,539,0,465481
303,1574589849.407824,192.168.1.4,192.168.1.5,2564901103,1799599227,2070,1,467551
304,1574589849.450506,192.168.1.4,192.168.1.5,2564903173,1799599227,1755,1,469306
305,1574589849.458583,192.168.1.5,192.168.1.4,1799599227,2564904928,86,0,469220
306,1574589849.498757,192.168.1.4,192.168.1.5,2564904928,1799599313,586,1,469806
