index,time,src_ip,dst_ip,tcp_seq,tcp_ack,tcp_len,direction,cumul_sum
1,1574590118.836534,192.168.1.5,192.168.1.4,3835424346,722346975,343,0,-343
2,1574590118.837615,192.168.1.4,192.168.1.5,722346975,3835424689,99,1,-244
3,1574590118.838454,192.168.1.5,192.168.1.4,3835424689,722347074,382,0,-626
4,1574590118.855028,192.168.1.4,192.168.1.5,722347074,3835425071,2266,1,1640
5,1574590118.85597,192.168.1.5,192.168.1.4,3835425071,722349340,74,0,1566
6,1574590118.856128,192.168.1.5,192.168.1.4,3835425145,722349340,245,0,1321
7,1574590118.856397,192.168.1.4,192.168.1.5,722349340,3835425390,79,1,1400
8,1574590118.860601,192.168.1.4,192.168.1.5,722349419,3835425390,79,1,1479
9,1574590118.995201,192.168.1.5,192.168.1.4,2619490536,3664064040,343,0,1136
10,1574590118.995511,192.168.1.4,192.168.1.5,3664064040,2619490879,99,1,1235
11,1574590118.995739,192.168.1.5,192.168.1.4,2619490879,3664064139,382,0,853
12,1574590118.997045,192.168.1.5,192.168.1.4,151516223,2927475548,343,0,510
13,1574590119.002596,192.168.1.4,192.168.1.5,2927475548,151516566,99,1,609
14,1574590119.002878,192.168.1.5,192.168.1.4,151516566,2927475647,382,0,227
15,1574590119.009499,192.168.1.4,192.168.1.5,3664064139,2619491261,2266,1,2493
16,1574590119.010345,192.168.1.5,192.168.1.4,2619491261,3664066405,74,0,2419
17,1574590119.010454,192.168.1.5,192.168.1.4,2619491335,3664066405,227,0,2192
18,1574590119.014247,192.168.1.4,192.168.1.5,3664066405,2619491562,79,1,2271
19,1574590119.014274,192.168.1.4,192.168.1.5,3664066484,2619491562,79,1,2350
20,1574590119.017188,192.168.1.4,192.168.1.5,2927475647,151516948,2266,1,4616
21,1574590119.018124,192.168.1.5,192.168.1.4,151516948,2927477913,74,0,4542
22,1574590119.018237,192.168.1.5,192.168.1.4,151517022,2927477913,227,0,4315
23,1574590119.018476,192.168.1.4,192.168.1.5,2927477913,151517022,79,1,4394
24,1574590119.018572,192.168.1.4,192.168.1.5,2927477992,151517249,79,1,4473
25,1574590119.793865,192.168.1.5,192.168.1.4,1375619154,3217236768,343,0,4130
26,1574590119.794277,192.168.1.4,192.168.1.5,3217236768,1375619497,99,1,4229
27,1574590119.794681,192.168.1.5,192.168.1.4,1375619497,3217236867,382,0,3847
28,1574590119.804395,192.168.1.4,192.168.1.5,3217236867,1375619879,2266,1,6113
29,1574590119.805289,192.168.1.5,192.168.1.4,1375619879,3217239133,74,0,6039
30,1574590119.805469,192.168.1.5,192.168.1.4,1375619953,3217239133,237,0,5802
31,1574590119.805554,192.168.1.4,192.168.1.5,3217239133,1375619953,79,1,5881
32,1574590119.805663,192.168.1.4,192.168.1.5,3217239212,1375620190,79,1,5960
33,1574590122.06794,192.168.1.4,192.168.1.5,722349498,3835425390,91,1,6051
34,1574590122.068823,192.168.1.5,192.168.1.4,3835425390,722349589,539,0,5512
35,1574590122.109195,192.168.1.4,192.168.1.5,722349589,3835425929,1440,1,6952
36,1574590122.150508,192.168.1.4,192.168.1.5,722351029,3835425929,1648,1,8600
37,1574590122.165216,192.168.1.5,192.168.1.4,3835425929,722352677,86,0,8514
38,1574590122.170153,192.168.1.5,192.168.1.4,3835426015,722352677,108,0,8406
39,1574590122.170796,192.168.1.5,192.168.1.4,3835426123,722352677,321,0,8085
40,1574590122.170944,192.168.1.5,192.168.1.4,3835426444,722352677,54,0,8031
41,1574590122.201497,192.168.1.4,192.168.1.5,722352677,3835426498,586,1,8617
42,1574590122.202898,192.168.1.5,192.168.1.4,3835426498,722353263,53,0,8564
43,1574590122.210101,192.168.1.4,192.168.1.5,722353263,3835426551,53,1,8617
44,1574590122.250404,192.168.1.4,192.168.1.5,722353316,3835426551,1226,1,9843
45,1574590122.25289,192.168.1.5,192.168.1.4,3835426551,722354542,61,0,9782
46,1574590122.345901,192.168.1.4,192.168.1.5,2927478071,151517249,91,1,9873
47,1574590122.345928,192.168.1.4,192.168.1.5,3664066563,2619491562,91,1,9964
48,1574590122.34656,192.168.1.5,192.168.1.4,151517249,2927478162,539,0,9425
49,1574590122.3469,192.168.1.5,192.168.1.4,2619491562,3664066654,539,0,8886
50,1574590122.386409,192.168.1.4,192.168.1.5,2927478162,151517788,2070,1,10956
51,1574590122.389747,192.168.1.4,192.168.1.5,3664066654,2619492101,2070,1,13026
52,1574590122.430541,192.168.1.4,192.168.1.5,3664068724,2619492101,1756,1,14782
53,1574590122.430613,192.168.1.4,192.168.1.5,2927480232,151517788,1756,1,16538
54,1574590122.437631,192.168.1.5,192.168.1.4,2619492101,3664070480,86,0,16452
55,1574590122.439995,192.168.1.5,192.168.1.4,151517788,2927481988,86,0,16366
56,1574590122.44096,192.168.1.5,192.168.1.4,151517874,2927481988,24,0,16342
57,1574590122.441475,192.168.1.4,192.168.1.5,2927481988,151517898,24,1,16366
58,1574590122.441575,192.168.1.5,192.168.1.4,2619492187,3664070480,108,0,16258
59,1574590122.443784,192.168.1.5,192.168.1.4,2619492295,3664070480,369,0,15889
60,1574590122.471741,192.168.1.4,192.168.1.5,3664070480,2619492664,586,1,16475
61,1574590122.472143,192.168.1.5,192.168.1.4,2619492664,3664071066,53,0,16422
62,1574590122.487869,192.168.1.4,192.168.1.5,3664071066,2619492717,742,1,17164
63,1574590122.49084,192.168.1.5,192.168.1.4,2619492717,3664071808,57,0,17107
64,1574590122.49107,192.168.1.5,192.168.1.4,2619492774,3664071808,61,0,17046
65,1574590122.49881,192.168.1.5,192.168.1.4,2962901547,2855818604,343,0,16703
66,1574590122.499371,192.168.1.4,192.168.1.5,2855818604,2962901890,99,1,16802
67,1574590122.500077,192.168.1.5,192.168.1.4,2962901890,2855818703,382,0,16420
68,1574590122.514469,192.168.1.4,192.168.1.5,2855818703,2962902272,2266,1,18686
69,1574590122.515847,192.168.1.5,192.168.1.4,2962902272,2855820969,74,0,18612
70,1574590122.516278,192.168.1.4,192.168.1.5,2855820969,2962902346,79,1,18691
71,1574590122.516563,192.168.1.5,192.168.1.4,2962902346,2855821048,235,0,18456
72,1574590122.516657,192.168.1.4,192.168.1.5,2855821048,2962902346,79,1,18535
73,1574590122.671731,192.168.1.4,192.168.1.5,3217239291,1375620190,91,1,18626
74,1574590122.675759,192.168.1.5,192.168.1.4,1375620190,3217239382,539,0,18087
75,1574590122.717291,192.168.1.4,192.168.1.5,3217239382,1375620729,2070,1,20157
76,1574590122.7584,192.168.1.4,192.168.1.5,3217241452,1375620729,1756,1,21913
77,1574590122.763985,192.168.1.5,192.168.1.4,1375620729,3217243208,86,0,21827
78,1574590122.764562,192.168.1.5,192.168.1.4,1375620815,3217243208,108,0,21719
79,1574590122.765111,192.168.1.5,192.168.1.4,1375620923,3217243208,279,0,21440
80,1574590122.809201,192.168.1.4,192.168.1.5,3217243208,1375621202,2070,1,23510
81,1574590122.810945,192.168.1.5,192.168.1.4,1375621202,3217245278,53,0,23457
82,1574590122.812165,192.168.1.4,192.168.1.5,3217245278,1375621255,1405,1,24862
83,1574590122.813531,192.168.1.5,192.168.1.4,1375621255,3217246683,61,0,24801
84,1574590124.66487,192.168.1.4,192.168.1.5,2855821127,2962902581,91,1,24892
85,1574590124.66588,192.168.1.5,192.168.1.4,2962902581,2855821218,539,0,24353
86,1574590124.707884,192.168.1.4,192.168.1.5,2855821218,2962903120,2070,1,26423
87,1574590124.750386,192.168.1.4,192.168.1.5,2855823288,2962903120,598,1,27021
88,1574590124.757514,192.168.1.5,192.168.1.4,2962903120,2855823886,86,0,26935
89,1574590124.760123,192.168.1.5,192.168.1.4,2962903206,2855823886,108,0,26827
90,1574590124.760825,192.168.1.5,192.168.1.4,2962903314,2855823886,373,0,26454
91,1574590124.795605,192.168.1.4,192.168.1.5,2855823886,2962903687,617,1,27071
92,1574590124.796049,192.168.1.5,192.168.1.4,2962903687,2855824503,53,0,27018
93,1574590124.80529,192.168.1.4,192.168.1.5,2855824503,2962903740,2070,1,29088
94,1574590124.846277,192.168.1.4,192.168.1.5,2855826573,2962903740,12940,1,42028
95,1574590124.847155,192.168.1.5,192.168.1.4,2962903740,2855839513,61,0,41967
96,1574590124.902699,192.168.1.5,192.168.1.4,3882179072,2285563175,343,0,41624
97,1574590124.903122,192.168.1.4,192.168.1.5,2285563175,3882179415,99,1,41723
98,1574590124.90345,192.168.1.5,192.168.1.4,3882179415,2285563274,382,0,41341
99,1574590124.905505,192.168.1.5,192.168.1.4,300883376,2627879307,343,0,40998
100,1574590124.906951,192.168.1.5,192.168.1.4,2962903801,2855839513,149,0,40849
101,1574590124.910606,192.168.1.4,192.168.1.5,2627879307,300883719,99,1,40948
102,1574590124.910881,192.168.1.5,192.168.1.4,300883719,2627879406,382,0,40566
103,1574590124.911306,192.168.1.5,192.168.1.4,2962903950,2855839513,121,0,40445
104,1574590124.916797,192.168.1.5,192.168.1.4,3794015030,2050200831,343,0,40102
105,1574590124.920064,192.168.1.5,192.168.1.4,1425789005,1493518614,343,0,39759
106,1574590124.920381,192.168.1.4,192.168.1.5,2050200831,3794015373,99,1,39858
107,1574590124.920679,192.168.1.5,192.168.1.4,3794015373,2050200930,382,0,39476
108,1574590124.927342,192.168.1.4,192.168.1.5,1493518614,1425789348,99,1,39575
109,1574590124.927692,192.168.1.5,192.168.1.4,1425789348,1493518713,382,0,39193
110,1574590124.93699,192.168.1.4,192.168.1.5,2285563274,3882179797,2266,1,41459
111,1574590124.937949,192.168.1.5,192.168.1.4,3882179797,2285565540,74,0,41385
112,1574590124.938073,192.168.1.5,192.168.1.4,3882179871,2285565540,247,0,41138
113,1574590124.938325,192.168.1.4,192.168.1.5,2285565540,3882180118,79,1,41217
114,1574590124.938468,192.168.1.4,192.168.1.5,2285565619,3882180118,79,1,41296
115,1574590124.944046,192.168.1.4,192.168.1.5,2050200930,3794015755,2266,1,43562
116,1574590124.944997,192.168.1.4,192.168.1.5,2627879406,300884101,2266,1,45828
117,1574590124.945629,192.168.1.4,192.168.1.5,2855839513,2962904071,145,1,45973
118,1574590124.946009,192.168.1.5,192.168.1.4,300884101,2627881672,74,0,45899
119,1574590124.94612,192.168.1.5,192.168.1.4,300884175,2627881672,247,0,45652
120,1574590124.946309,192.168.1.4,192.168.1.5,2627881672,300884422,79,1,45731
121,1574590124.946426,192.168.1.5,192.168.1.4,3794015755,2050203196,74,0,45657
122,1574590124.946477,192.168.1.4,192.168.1.5,2627881751,300884422,79,1,45736
123,1574590124.946563,192.168.1.5,192.168.1.4,3794015829,2050203196,257,0,45479
124,1574590124.950132,192.168.1.4,192.168.1.5,1493518713,1425789730,2266,1,47745
125,1574590124.950389,192.168.1.4,192.168.1.5,2050203196,3794016086,79,1,47824
126,1574590124.950988,192.168.1.4,192.168.1.5,2050203275,3794016086,79,1,47903
127,1574590124.951538,192.168.1.5,192.168.1.4,1425789730,1493520979,74,0,47829
128,1574590124.951647,192.168.1.5,192.168.1.4,1425789804,1493520979,257,0,47572
129,1574590124.951822,192.168.1.4,192.168.1.5,1493520979,1425790061,79,1,47651
130,1574590124.951984,192.168.1.4,192.168.1.5,1493521058,1425790061,79,1,47730
131,1574590124.984501,192.168.1.4,192.168.1.5,2855839658,2962904071,16406,1,64136
132,1574590124.984702,192.168.1.4,192.168.1.5,2855856064,2962904071,8688,1,72824
133,1574590124.984869,192.168.1.4,192.168.1.5,2855864752,2962904071,5792,1,78616
134,1574590124.984998,192.168.1.4,192.168.1.5,2855870544,2962904071,2106,1,80722
135,1574590124.992054,192.168.1.5,192.168.1.4,2962904071,2855872650,61,0,80661
136,1574590124.992765,192.168.1.4,192.168.1.5,2855872650,2962904132,7240,1,87901
137,1574590124.992952,192.168.1.4,192.168.1.5,2855879890,2962904132,2193,1,90094
138,1574590128.603664,192.168.1.4,192.168.1.5,2285565698,3882180118,91,1,90185
139,1574590128.603775,192.168.1.4,192.168.1.5,2627881830,300884422,91,1,90276
140,1574590128.604285,192.168.1.5,192.168.1.4,300884422,2627881921,539,0,89737
141,1574590128.60436,192.168.1.5,192.168.1.4,3882180118,2285565789,539,0,89198
142,1574590128.646433,192.168.1.4,192.168.1.5,2285565789,3882180657,2070,1,91268
143,1574590128.646579,192.168.1.4,192.168.1.5,2627881921,300884961,2070,1,93338
144,1574590128.690275,192.168.1.4,192.168.1.5,2627883991,300884961,1890,1,95228
145,1574590128.690317,192.168.1.4,192.168.1.5,2285567859,3882180657,1889,1,97117
146,1574590128.69337,192.168.1.5,192.168.1.4,300884961,2627885881,86,0,97031
147,1574590128.694797,192.168.1.5,192.168.1.4,3882180657,2285569748,86,0,96945
148,1574590128.700564,192.168.1.5,192.168.1.4,3882180743,2285569748,24,0,96921
149,1574590128.700781,192.168.1.5,192.168.1.4,300885047,2627885881,108,0,96813
150,1574590128.701094,192.168.1.4,192.168.1.5,2285569748,3882180767,24,1,96837
151,1574590128.704505,192.168.1.5,192.168.1.4,300885155,2627885881,268,0,96569
152,1574590128.705985,192.168.1.5,192.168.1.4,300885423,2627885881,138,0,96431
153,1574590128.729745,192.168.1.4,192.168.1.5,2627885881,300885561,586,1,97017
154,1574590128.73011,192.168.1.5,192.168.1.4,300885561,2627886467,53,0,96964
155,1574590128.734235,192.168.1.4,192.168.1.5,2627886467,300885614,53,1,97017
156,1574590128.778315,192.168.1.4,192.168.1.5,2627886520,300885614,2034,1,99051
157,1574590128.794182,192.168.1.5,192.168.1.4,300885614,2627888554,61,0,98990
158,1574590128.797798,192.168.1.5,192.168.1.4,2361686865,2619006348,343,0,98647
159,1574590128.798247,192.168.1.4,192.168.1.5,2619006348,2361687208,99,1,98746
160,1574590128.798503,192.168.1.5,192.168.1.4,2361687208,2619006447,382,0,98364
161,1574590128.808457,192.168.1.4,192.168.1.5,2619006447,2361687590,2266,1,100630
162,1574590128.809357,192.168.1.5,192.168.1.4,2361687590,2619008713,74,0,100556
163,1574590128.809714,192.168.1.4,192.168.1.5,2619008713,2361687664,79,1,100635
164,1574590128.809791,192.168.1.4,192.168.1.5,2619008792,2361687664,79,1,100714
165,1574590128.81037,192.168.1.5,192.168.1.4,2361687664,2619008871,241,0,100473
166,1574590128.820467,192.168.1.5,192.168.1.4,3387038470,3489352103,343,0,100130
167,1574590128.82106,192.168.1.4,192.168.1.5,3489352103,3387038813,99,1,100229
168,1574590128.821353,192.168.1.5,192.168.1.4,3387038813,3489352202,382,0,99847
169,1574590128.827161,192.168.1.5,192.168.1.4,378389490,1372977746,343,0,99504
170,1574590128.828987,192.168.1.5,192.168.1.4,2441538168,1979791778,343,0,99161
171,1574590128.83062,192.168.1.4,192.168.1.5,1372977746,378389833,99,1,99260
172,1574590128.830884,192.168.1.5,192.168.1.4,378389833,1372977845,382,0,98878
173,1574590128.831397,192.168.1.5,192.168.1.4,3012821131,1247719529,343,0,98535
174,1574590128.834704,192.168.1.4,192.168.1.5,1979791778,2441538511,99,1,98634
175,1574590128.834996,192.168.1.5,192.168.1.4,2441538511,1979791877,382,0,98252
176,1574590128.836126,192.168.1.4,192.168.1.5,3489352202,3387039195,2266,1,100518
177,1574590128.837116,192.168.1.5,192.168.1.4,3387039195,3489354468,74,0,100444
178,1574590128.837313,192.168.1.5,192.168.1.4,3387039269,3489354468,245,0,100199
179,1574590128.838508,192.168.1.5,192.168.1.4,2962904132,2855882083,117,0,100082
180,1574590128.838564,192.168.1.4,192.168.1.5,1247719529,3012821474,99,1,100181
181,1574590128.838825,192.168.1.5,192.168.1.4,3012821474,1247719628,382,0,99799
182,1574590128.839137,192.168.1.4,192.168.1.5,3489354468,3387039514,79,1,99878
183,1574590128.840169,192.168.1.4,192.168.1.5,3489354547,3387039514,79,1,99957
184,1574590128.847737,192.168.1.5,192.168.1.4,3418153495,2613378892,343,0,99614
185,1574590128.850554,192.168.1.4,192.168.1.5,2613378892,3418153838,99,1,99713
186,1574590128.850824,192.168.1.5,192.168.1.4,3418153838,2613378991,382,0,99331
187,1574590128.851149,192.168.1.5,192.168.1.4,203001307,1609396266,343,0,98988
188,1574590128.857658,192.168.1.5,192.168.1.4,1903002147,302122141,343,0,98645
189,1574590128.861489,192.168.1.5,192.168.1.4,1200767128,2560219188,343,0,98302
190,1574590128.861545,192.168.1.4,192.168.1.5,1609396266,203001650,99,1,98401
191,1574590128.861771,192.168.1.5,192.168.1.4,203001650,1609396365,382,0,98019
192,1574590128.867004,192.168.1.4,192.168.1.5,302122141,1903002490,99,1,98118
193,1574590128.867376,192.168.1.5,192.168.1.4,1903002490,302122240,382,0,97736
194,1574590128.867754,192.168.1.4,192.168.1.5,2560219188,1200767471,99,1,97835
195,1574590128.868104,192.168.1.5,192.168.1.4,1200767471,2560219287,382,0,97453
196,1574590128.881011,192.168.1.4,192.168.1.5,2855882083,2962904249,4118,1,101571
197,1574590128.889964,192.168.1.4,192.168.1.5,1372977845,378390215,2266,1,103837
198,1574590128.890816,192.168.1.5,192.168.1.4,378390215,1372980111,74,0,103763
199,1574590128.890983,192.168.1.4,192.168.1.5,1979791877,2441538893,2266,1,106029
200,1574590128.891038,192.168.1.5,192.168.1.4,378390289,1372980111,245,0,105784
201,1574590128.891825,192.168.1.5,192.168.1.4,2441538893,1979794143,74,0,105710
202,1574590128.891989,192.168.1.5,192.168.1.4,2441538967,1979794143,245,0,105465
203,1574590128.898294,192.168.1.4,192.168.1.5,1372980111,378390534,79,1,105544
204,1574590128.89832,192.168.1.4,192.168.1.5,1372980190,378390534,79,1,105623
205,1574590128.89874,192.168.1.4,192.168.1.5,1979794143,2441539212,79,1,105702
206,1574590128.898802,192.168.1.4,192.168.1.5,1979794222,2441539212,79,1,105781
207,1574590128.901224,192.168.1.4,192.168.1.5,1247719628,3012821856,2266,1,108047
208,1574590128.901416,192.168.1.4,192.168.1.5,2855886201,2962904249,5792,1,113839
209,1574590128.901522,192.168.1.4,192.168.1.5,2855891993,2962904249,5792,1,119631
210,1574590128.901621,192.168.1.4,192.168.1.5,2855897785,2962904249,2896,1,122527
211,1574590128.901643,192.168.1.4,192.168.1.5,2855900681,2962904249,1926,1,124453
212,1574590128.901808,192.168.1.4,192.168.1.5,2855902607,2962904249,11584,1,136037
213,1574590128.901891,192.168.1.4,192.168.1.5,2855914191,2962904249,4822,1,140859
214,1574590128.901913,192.168.1.4,192.168.1.5,2855919013,2962904249,126,1,140985
215,1574590128.902619,192.168.1.4,192.168.1.5,2855919139,2962904249,2858,1,143843
216,1574590128.902841,192.168.1.5,192.168.1.4,3012821856,1247721894,74,0,143769
217,1574590128.90301,192.168.1.5,192.168.1.4,3012821930,1247721894,237,0,143532
218,1574590128.905171,192.168.1.4,192.168.1.5,2613378991,3418154220,2266,1,145798
219,1574590128.905572,192.168.1.4,192.168.1.5,2855921997,2962904249,4276,1,150074
220,1574590128.906157,192.168.1.5,192.168.1.4,3418154220,2613381257,74,0,150000
221,1574590128.906237,192.168.1.4,192.168.1.5,2855926273,2962904249,1440,1,151440
222,1574590128.906396,192.168.1.5,192.168.1.4,3418154294,2613381257,257,0,151183
223,1574590128.906826,192.168.1.4,192.168.1.5,2855927713,2962904249,2858,1,154041
224,1574590128.907892,192.168.1.4,192.168.1.5,2855930571,2962904249,1440,1,155481
225,1574590128.908748,192.168.1.4,192.168.1.5,2855932011,2962904249,1440,1,156921
226,1574590128.910659,192.168.1.4,192.168.1.5,1247721894,3012822167,79,1,157000
227,1574590128.910723,192.168.1.4,192.168.1.5,1247721973,3012822167,79,1,157079
228,1574590128.91771,192.168.1.4,192.168.1.5,2613381257,3418154551,79,1,157158
229,1574590128.91773,192.168.1.4,192.168.1.5,2613381336,3418154551,79,1,157237
230,1574590128.919677,192.168.1.4,192.168.1.5,1609396365,203002032,2266,1,159503
231,1574590128.920617,192.168.1.5,192.168.1.4,203002032,1609398631,74,0,159429
232,1574590128.920731,192.168.1.5,192.168.1.4,203002106,1609398631,257,0,159172
233,1574590128.921259,192.168.1.4,192.168.1.5,2560219287,1200767853,2266,1,161438
234,1574590128.921478,192.168.1.4,192.168.1.5,1609398631,203002363,79,1,161517
235,1574590128.921544,192.168.1.4,192.168.1.5,1609398710,203002363,79,1,161596
236,1574590128.922729,192.168.1.4,192.168.1.5,302122240,1903002872,2266,1,163862
237,1574590128.925384,192.168.1.5,192.168.1.4,1903002872,302124506,74,0,163788
238,1574590128.925614,192.168.1.5,192.168.1.4,1903002946,302124506,257,0,163531
239,1574590128.925825,192.168.1.4,192.168.1.5,302124506,1903003203,79,1,163610
240,1574590128.925923,192.168.1.4,192.168.1.5,302124585,1903003203,79,1,163689
241,1574590128.926213,192.168.1.5,192.168.1.4,1200767853,2560221553,74,0,163615
242,1574590128.926377,192.168.1.5,192.168.1.4,1200767927,2560221553,257,0,163358
243,1574590128.927029,192.168.1.4,192.168.1.5,2560221553,1200768184,79,1,163437
244,1574590128.927102,192.168.1.4,192.168.1.5,2560221632,1200768184,79,1,163516
245,1574590128.9392,192.168.1.4,192.168.1.5,2855933451,2962904249,16406,1,179922
246,1574590128.939303,192.168.1.4,192.168.1.5,2855949857,2962904249,14480,1,194402
247,1574590128.939398,192.168.1.4,192.168.1.5,2855964337,2962904249,1926,1,196328
248,1574590128.939424,192.168.1.4,192.168.1.5,2855966263,2962904249,8542,1,204870
249,1574590128.949823,192.168.1.5,192.168.1.4,2962904249,2855974805,61,0,204809
250,1574590128.960104,192.168.1.4,192.168.1.5,1493521137,1425790061,91,1,204900
251,1574590128.960141,192.168.1.4,192.168.1.5,2050203354,3794016086,91,1,204991
252,1574590128.966399,192.168.1.5,192.168.1.4,1425790061,1493521228,539,0,204452
253,1574590128.96763,192.168.1.5,192.168.1.4,3794016086,2050203445,539,0,203913
254,1574590129.005763,192.168.1.4,192.168.1.5,2050203445,3794016625,1440,1,205353
255,1574590129.010954,192.168.1.4,192.168.1.5,1493521228,1425790600,2070,1,207423
256,1574590129.04632,192.168.1.4,192.168.1.5,2050204885,3794016625,3354,1,210777
257,1574590129.051155,192.168.1.5,192.168.1.4,3794016625,2050208239,86,0,210691
258,1574590129.054115,192.168.1.4,192.168.1.5,1493523298,1425790600,2723,1,213414
259,1574590129.055564,192.168.1.5,192.168.1.4,1425790600,1493526021,86,0,213328
260,1574590129.055782,192.168.1.5,192.168.1.4,3794016711,2050208239,108,0,213220
261,1574590129.055972,192.168.1.5,192.168.1.4,3418154551,2613381415,24,0,213196
262,1574590129.056136,192.168.1.5,192.168.1.4,203002363,1609398789,24,0,213172
263,1574590129.05633,192.168.1.5,192.168.1.4,1425790686,1493526021,24,0,213148
264,1574590129.056634,192.168.1.4,192.168.1.5,1493526021,1425790710,24,1,213172
265,1574590129.086406,192.168.1.4,192.168.1.5,2050208239,3794016819,586,1,213758
266,1574590129.08789,192.168.1.5,192.168.1.4,3794016819,2050208825,53,0,213705
267,1574590129.088787,192.168.1.4,192.168.1.5,2050208825,3794016872,53,1,213758
268,1574590129.091789,192.168.1.5,192.168.1.4,3794016872,2050208878,351,0,213407
269,1574590129.092067,192.168.1.5,192.168.1.4,3794017223,2050208878,161,0,213246
270,1574590129.092175,192.168.1.5,192.168.1.4,3794017384,2050208878,160,0,213086
271,1574590129.092277,192.168.1.5,192.168.1.4,3794017544,2050208878,159,0,212927
272,1574590129.092466,192.168.1.5,192.168.1.4,3794017703,2050208878,158,0,212769
273,1574590129.092579,192.168.1.5,192.168.1.4,3794017861,2050208878,158,0,212611
274,1574590129.115163,192.168.1.5,192.168.1.4,1647945846,3952378392,343,0,212268
275,1574590129.115664,192.168.1.4,192.168.1.5,3952378392,1647946189,99,1,212367
276,1574590129.115954,192.168.1.5,192.168.1.4,1647946189,3952378491,382,0,211985
277,1574590129.125307,192.168.1.4,192.168.1.5,3952378491,1647946571,2266,1,214251
278,1574590129.126303,192.168.1.5,192.168.1.4,1647946571,3952380757,74,0,214177
279,1574590129.126432,192.168.1.5,192.168.1.4,1647946645,3952380757,255,0,213922
280,1574590129.126664,192.168.1.4,192.168.1.5,3952380757,1647946645,79,1,214001
281,1574590129.126759,192.168.1.4,192.168.1.5,3952380836,1647946900,79,1,214080
282,1574590129.12944,192.168.1.4,192.168.1.5,2050208878,3794018019,2070,1,216150
283,1574590129.173829,192.168.1.4,192.168.1.5,2050210948,3794018019,5792,1,221942
284,1574590129.174033,192.168.1.4,192.168.1.5,2050216740,3794018019,8688,1,230630
285,1574590129.174217,192.168.1.4,192.168.1.5,2050225428,3794018019,1926,1,232556
286,1574590129.174492,192.168.1.4,192.168.1.5,2050227354,3794018019,14480,1,247036
287,1574590129.174684,192.168.1.4,192.168.1.5,2050241834,3794018019,138,1,247174
288,1574590129.174823,192.168.1.4,192.168.1.5,2050241972,3794018019,2858,1,250032
289,1574590129.180864,192.168.1.5,192.168.1.4,3794018019,2050244830,61,0,249971
290,1574590129.181407,192.168.1.4,192.168.1.5,2050244830,3794018080,9948,1,259919
291,1574590129.182246,192.168.1.5,192.168.1.4,4104199632,3678719646,343,0,259576
292,1574590129.182649,192.168.1.4,192.168.1.5,3678719646,4104199975,99,1,259675
293,1574590129.182934,192.168.1.5,192.168.1.4,4104199975,3678719745,382,0,259293
294,1574590129.194408,192.168.1.4,192.168.1.5,3678719745,4104200357,2266,1,261559
295,1574590129.195562,192.168.1.5,192.168.1.4,4104200357,3678722011,74,0,261485
296,1574590129.195734,192.168.1.5,192.168.1.4,4104200431,3678722011,265,0,261220
297,1574590129.195879,192.168.1.5,192.168.1.4,2974377038,591386762,343,0,260877
298,1574590129.196235,192.168.1.4,192.168.1.5,3678722011,4104200696,79,1,260956
299,1574590129.19639,192.168.1.4,192.168.1.5,3678722090,4104200696,79,1,261035
300,1574590129.197409,192.168.1.4,192.168.1.5,591386762,2974377381,99,1,261134
301,1574590129.197677,192.168.1.5,192.168.1.4,2974377381,591386861,382,0,260752
302,1574590129.202412,192.168.1.4,192.168.1.5,2050254778,3794018080,14480,1,275232
303,1574590129.204173,192.168.1.4,192.168.1.5,2050269258,3794018080,1926,1,277158
304,1574590129.204247,192.168.1.4,192.168.1.5,2050271184,3794018080,11584,1,288742
305,1574590129.205429,192.168.1.4,192.168.1.5,2050282768,3794018080,8944,1,297686
306,1574590129.209668,192.168.1.4,192.168.1.5,591386861,2974377763,2266,1,299952
307,1574590129.210529,192.168.1.5,192.168.1.4,2974377763,591389127,74,0,299878
308,1574590129.210661,192.168.1.5,192.168.1.4,2974377837,591389127,265,0,299613
309,1574590129.210934,192.168.1.4,192.168.1.5,591389127,2974378102,79,1,299692
310,1574590129.212364,192.168.1.4,192.168.1.5,591389206,2974378102,79,1,299771
311,1574590129.221652,192.168.1.5,192.168.1.4,2401568303,1730029348,343,0,299428
312,1574590129.222507,192.168.1.4,192.168.1.5,2050291712,3794018080,13032,1,312460
313,1574590129.222667,192.168.1.4,192.168.1.5,2050304744,3794018080,3374,1,315834
314,1574590129.222703,192.168.1.4,192.168.1.5,2050308118,3794018080,13032,1,328866
315,1574590129.222731,192.168.1.4,192.168.1.5,2050321150,3794018080,3374,1,332240
316,1574590129.22278,192.168.1.4,192.168.1.5,2050324524,3794018080,1916,1,334156
317,1574590129.223008,192.168.1.4,192.168.1.5,1730029348,2401568646,99,1,334255
318,1574590129.223293,192.168.1.5,192.168.1.4,2401568646,1730029447,382,0,333873
319,1574590129.23289,192.168.1.5,192.168.1.4,2869683462,3850961506,343,0,333530
320,1574590129.234319,192.168.1.4,192.168.1.5,1730029447,2401569028,2266,1,335796
321,1574590129.23493,192.168.1.4,192.168.1.5,3850961506,2869683805,99,1,335895
322,1574590129.235391,192.168.1.5,192.168.1.4,2401569028,1730031713,74,0,335821
323,1574590129.23551,192.168.1.5,192.168.1.4,2401569102,1730031713,265,0,335556
324,1574590129.235661,192.168.1.4,192.168.1.5,1730031713,2401569367,79,1,335635
325,1574590129.235725,192.168.1.4,192.168.1.5,1730031792,2401569367,79,1,335714
326,1574590129.235863,192.168.1.5,192.168.1.4,2869683805,3850961605,382,0,335332
327,1574590129.239665,192.168.1.4,192.168.1.5,2050326440,3794018080,16406,1,351738
328,1574590129.239753,192.168.1.4,192.168.1.5,2050342846,3794018080,1448,1,353186
329,1574590129.239842,192.168.1.4,192.168.1.5,2050344294,3794018080,13032,1,366218
330,1574590129.239874,192.168.1.4,192.168.1.5,2050357326,3794018080,1926,1,368144
331,1574590129.239896,192.168.1.4,192.168.1.5,2050359252,3794018080,656,1,368800
332,1574590129.247023,192.168.1.4,192.168.1.5,3850961605,2869684187,2266,1,371066
333,1574590129.248041,192.168.1.5,192.168.1.4,2869684187,3850963871,74,0,370992
334,1574590129.248168,192.168.1.5,192.168.1.4,2869684261,3850963871,265,0,370727
335,1574590129.248353,192.168.1.4,192.168.1.5,3850963871,2869684526,79,1,370806
336,1574590129.250202,192.168.1.4,192.168.1.5,3850963950,2869684526,79,1,370885
337,1574590129.25233,192.168.1.5,192.168.1.4,1145761708,3919555433,343,0,370542
338,1574590129.252891,192.168.1.4,192.168.1.5,3919555433,1145762051,99,1,370641
339,1574590129.253146,192.168.1.5,192.168.1.4,1145762051,3919555532,382,0,370259
340,1574590129.254469,192.168.1.4,192.168.1.5,2050359908,3794018080,14480,1,384739
341,1574590129.254681,192.168.1.4,192.168.1.5,2050374388,3794018080,1926,1,386665
342,1574590129.254716,192.168.1.4,192.168.1.5,2050376314,3794018080,16406,1,403071
343,1574590129.254821,192.168.1.4,192.168.1.5,2050392720,3794018080,871,1,403942
344,1574590129.257346,192.168.1.5,192.168.1.4,2650886210,4108047197,343,0,403599
345,1574590129.264603,192.168.1.4,192.168.1.5,3919555532,1145762433,2266,1,405865
346,1574590129.265253,192.168.1.4,192.168.1.5,4108047197,2650886553,99,1,405964
347,1574590129.265632,192.168.1.5,192.168.1.4,1145762433,3919557798,74,0,405890
348,1574590129.265742,192.168.1.5,192.168.1.4,1145762507,3919557798,265,0,405625
349,1574590129.265898,192.168.1.4,192.168.1.5,3919557798,1145762772,79,1,405704
350,1574590129.266003,192.168.1.4,192.168.1.5,3919557877,1145762772,79,1,405783
351,1574590129.266053,192.168.1.5,192.168.1.4,2650886553,4108047296,382,0,405401
352,1574590129.276776,192.168.1.4,192.168.1.5,4108047296,2650886935,2266,1,407667
353,1574590129.277773,192.168.1.5,192.168.1.4,2650886935,4108049562,74,0,407593
354,1574590129.277886,192.168.1.5,192.168.1.4,2650887009,4108049562,265,0,407328
355,1574590129.278107,192.168.1.4,192.168.1.5,4108049562,2650887009,79,1,407407
356,1574590129.278205,192.168.1.4,192.168.1.5,4108049641,2650887274,79,1,407486
357,1574590129.381632,192.168.1.5,192.168.1.4,4001590249,3019961388,343,0,407143
358,1574590129.382171,192.168.1.4,192.168.1.5,3019961388,4001590592,99,1,407242
359,1574590129.382451,192.168.1.5,192.168.1.4,4001590592,3019961487,382,0,406860
360,1574590129.384755,192.168.1.5,192.168.1.4,322409832,1730166912,343,0,406517
361,1574590129.390561,192.168.1.4,192.168.1.5,1730166912,322410175,99,1,406616
362,1574590129.390911,192.168.1.5,192.168.1.4,322410175,1730167011,382,0,406234
363,1574590129.392852,192.168.1.5,192.168.1.4,2856033165,26334836,343,0,405891
364,1574590129.3949,192.168.1.5,192.168.1.4,2133245157,2560727311,343,0,405548
365,1574590129.396914,192.168.1.5,192.168.1.4,3046014174,1604515089,343,0,405205
366,1574590129.398604,192.168.1.4,192.168.1.5,2560727311,2133245500,99,1,405304
367,1574590129.398958,192.168.1.5,192.168.1.4,2133245500,2560727410,382,0,404922
368,1574590129.399027,192.168.1.4,192.168.1.5,26334836,2856033508,99,1,405021
369,1574590129.399286,192.168.1.5,192.168.1.4,2856033508,26334935,382,0,404639
370,1574590129.402642,192.168.1.4,192.168.1.5,1604515089,3046014517,99,1,404738
371,1574590129.40296,192.168.1.5,192.168.1.4,3046014517,1604515188,382,0,404356
372,1574590129.417238,192.168.1.4,192.168.1.5,3019961487,4001590974,2266,1,406622
373,1574590129.41826,192.168.1.5,192.168.1.4,4001590974,3019963753,74,0,406548
374,1574590129.418396,192.168.1.5,192.168.1.4,4001591048,3019963753,241,0,406307
375,1574590129.418692,192.168.1.4,192.168.1.5,3019963753,4001591289,79,1,406386
376,1574590129.418771,192.168.1.4,192.168.1.5,3019963832,4001591289,79,1,406465
377,1574590129.426086,192.168.1.4,192.168.1.5,1604515188,3046014899,2266,1,408731
378,1574590129.427085,192.168.1.5,192.168.1.4,3046014899,1604517454,74,0,408657
379,1574590129.427197,192.168.1.5,192.168.1.4,3046014973,1604517454,241,0,408416
380,1574590129.428018,192.168.1.4,192.168.1.5,1730167011,322410557,2266,1,410682
381,1574590129.428964,192.168.1.5,192.168.1.4,322410557,1730169277,74,0,410608
382,1574590129.429119,192.168.1.5,192.168.1.4,322410631,1730169277,241,0,410367
383,1574590129.431803,192.168.1.4,192.168.1.5,1730169277,322410872,79,1,410446
384,1574590129.431834,192.168.1.4,192.168.1.5,1730169356,322410872,79,1,410525
385,1574590129.435616,192.168.1.4,192.168.1.5,2560727410,2133245882,2266,1,412791
386,1574590129.436847,192.168.1.5,192.168.1.4,2133245882,2560729676,74,0,412717
387,1574590129.437008,192.168.1.5,192.168.1.4,2133245956,2560729676,241,0,412476
388,1574590129.4378,192.168.1.4,192.168.1.5,26334935,2856033890,2266,1,414742
389,1574590129.438103,192.168.1.4,192.168.1.5,1604517454,3046015214,79,1,414821
390,1574590129.438837,192.168.1.5,192.168.1.4,2856033890,26337201,74,0,414747
391,1574590129.438905,192.168.1.4,192.168.1.5,1604517533,3046015214,79,1,414826
392,1574590129.438914,192.168.1.4,192.168.1.5,2560729676,2133246197,79,1,414905
393,1574590129.439,192.168.1.4,192.168.1.5,2560729755,2133246197,79,1,414984
394,1574590129.439076,192.168.1.5,192.168.1.4,2856033964,26337201,241,0,414743
395,1574590129.439541,192.168.1.4,192.168.1.5,26337201,2856034205,79,1,414822
396,1574590129.44016,192.168.1.4,192.168.1.5,26337280,2856034205,79,1,414901
397,1574590134.002817,192.168.1.4,192.168.1.5,3678722169,4104200696,91,1,414992
398,1574590134.003401,192.168.1.5,192.168.1.4,4104200696,3678722260,539,0,414453
399,1574590134.06553,192.168.1.4,192.168.1.5,3678722260,4104201235,2070,1,416523
400,1574590134.106691,192.168.1.4,192.168.1.5,3678724330,4104201235,2739,1,419262
401,1574590134.110026,192.168.1.5,192.168.1.4,4104201235,3678727069,115,0,419147
402,1574590134.110519,192.168.1.5,192.168.1.4,4104201350,3678727069,115,0,419032
403,1574590134.110844,192.168.1.5,192.168.1.4,2974378102,591389285,24,0,419008
404,1574590134.111056,192.168.1.5,192.168.1.4,2401569367,1730031871,24,0,418984
405,1574590134.111293,192.168.1.5,192.168.1.4,2869684526,3850964029,24,0,418960
406,1574590134.111493,192.168.1.5,192.168.1.4,1145762772,3919557956,24,0,418936
407,1574590134.111699,192.168.1.5,192.168.1.4,2650887274,4108049720,24,0,418912
408,1574590134.113669,192.168.1.5,192.168.1.4,4104201465,3678727069,354,0,418558
409,1574590134.113928,192.168.1.5,192.168.1.4,4104201819,3678727069,177,0,418381
410,1574590134.114531,192.168.1.5,192.168.1.4,4104201996,3678727069,178,0,418203
411,1574590134.114953,192.168.1.5,192.168.1.4,4104202174,3678727069,178,0,418025
412,1574590134.115199,192.168.1.5,192.168.1.4,4104202352,3678727069,177,0,417848
413,1574590134.115822,192.168.1.5,192.168.1.4,4104202529,3678727069,177,0,417671
414,1574590134.146749,192.168.1.4,192.168.1.5,3678727069,4104202706,413,1,418084
415,1574590134.147344,192.168.1.5,192.168.1.4,4104202706,3678727482,60,0,418024
416,1574590134.156299,192.168.1.4,192.168.1.5,3678727482,4104202766,2070,1,420094
417,1574590134.194848,192.168.1.4,192.168.1.5,3678729552,4104202766,14480,1,434574
418,1574590134.195149,192.168.1.4,192.168.1.5,3678744032,4104202766,11584,1,446158
419,1574590134.196164,192.168.1.4,192.168.1.5,3678755616,4104202766,7929,1,454087
420,1574590134.212832,192.168.1.4,192.168.1.5,3678763545,4104202766,16406,1,470493
421,1574590134.213474,192.168.1.4,192.168.1.5,3678779951,4104202766,16406,1,486899
422,1574590134.213514,192.168.1.4,192.168.1.5,3678796357,4104202766,656,1,487555
423,1574590134.229905,192.168.1.4,192.168.1.5,3678797013,4104202766,16406,1,503961
424,1574590134.230003,192.168.1.4,192.168.1.5,3678813419,4104202766,16406,1,520367
425,1574590134.230167,192.168.1.4,192.168.1.5,3678829825,4104202766,1916,1,522283
426,1574590134.241867,192.168.1.4,192.168.1.5,3678831741,4104202766,16406,1,538689
427,1574590134.24197,192.168.1.4,192.168.1.5,3678848147,4104202766,16406,1,555095
428,1574590134.242188,192.168.1.4,192.168.1.5,3678864553,4104202766,656,1,555751
429,1574590134.273417,192.168.1.4,192.168.1.5,3678865209,4104202766,16406,1,572157
430,1574590134.273514,192.168.1.4,192.168.1.5,3678881615,4104202766,16406,1,588563
431,1574590134.273551,192.168.1.4,192.168.1.5,3678898021,4104202766,656,1,589219
432,1574590134.277871,192.168.1.4,192.168.1.5,3678898677,4104202766,8688,1,597907
433,1574590134.278152,192.168.1.4,192.168.1.5,3678907365,4104202766,7718,1,605625
434,1574590134.278216,192.168.1.4,192.168.1.5,3678915083,4104202766,16406,1,622031
435,1574590134.278386,192.168.1.4,192.168.1.5,3678931489,4104202766,1128,1,623159
436,1574590134.279011,192.168.1.5,192.168.1.4,4104202766,3678932617,68,0,623091
437,1574590134.279472,192.168.1.4,192.168.1.5,3678932617,4104202834,11584,1,634675
438,1574590134.279586,192.168.1.4,192.168.1.5,3678944201,4104202834,4822,1,639497
439,1574590134.279615,192.168.1.4,192.168.1.5,3678949023,4104202834,9320,1,648817
440,1574590134.284077,192.168.1.4,192.168.1.5,3678958343,4104202834,14480,1,663297
441,1574590134.285702,192.168.1.4,192.168.1.5,3678972823,4104202834,1926,1,665223
442,1574590134.28577,192.168.1.4,192.168.1.5,3678974749,4104202834,16406,1,681629
443,1574590134.285804,192.168.1.4,192.168.1.5,3678991155,4104202834,1286,1,682915
444,1574590134.302133,192.168.1.4,192.168.1.5,3678992441,4104202834,16406,1,699321
445,1574590134.302222,192.168.1.4,192.168.1.5,3679008847,4104202834,16406,1,715727
446,1574590134.302337,192.168.1.4,192.168.1.5,3679025253,4104202834,1758,1,717485
447,1574590134.310661,192.168.1.5,192.168.1.4,4104202834,3679027011,64,0,717421
448,1574590134.311184,192.168.1.4,192.168.1.5,3679027011,4104202898,16406,1,733827
449,1574590134.311283,192.168.1.4,192.168.1.5,3679043417,4104202898,11526,1,745353
450,1574590134.319851,192.168.1.5,192.168.1.4,4104202898,3679054943,220,0,745133
451,1574590134.320217,192.168.1.4,192.168.1.5,3679054943,4104203118,16406,1,761539
452,1574590134.324962,192.168.1.4,192.168.1.5,3679071349,4104203118,4908,1,766447
453,1574590134.362418,192.168.1.4,192.168.1.5,3679076257,4104203118,16406,1,782853
454,1574590134.362458,192.168.1.4,192.168.1.5,3679092663,4104203118,654,1,783507
455,1574590134.381019,192.168.1.4,192.168.1.5,1609398789,203002387,91,1,783598
456,1574590134.381226,192.168.1.4,192.168.1.5,3952380915,1647946900,91,1,783689
457,1574590134.381237,192.168.1.4,192.168.1.5,2560221711,1200768184,91,1,783780
458,1574590134.381562,192.168.1.4,192.168.1.5,1609398880,203002388,24,1,783804
459,1574590134.382561,192.168.1.4,192.168.1.5,2619008871,2361687905,91,1,783895
460,1574590134.382974,192.168.1.5,192.168.1.4,1647946900,3952381006,539,0,783356
461,1574590134.385315,192.168.1.5,192.168.1.4,1200768184,2560221802,609,0,782747
462,1574590134.385574,192.168.1.5,192.168.1.4,2361687905,2619008962,539,0,782208
463,1574590134.395383,192.168.1.4,192.168.1.5,3679093317,4104203118,2070,1,784278
464,1574590134.395435,192.168.1.4,192.168.1.5,3679095387,4104203118,2070,1,786348
465,1574590134.395712,192.168.1.4,192.168.1.5,3679097457,4104203118,11584,1,797932
466,1574590134.395812,192.168.1.4,192.168.1.5,3679109041,4104203118,4822,1,802754
467,1574590134.395831,192.168.1.4,192.168.1.5,3679113863,4104203118,16406,1,819160
468,1574590134.395869,192.168.1.4,192.168.1.5,3679130269,4104203118,2070,1,821230
469,1574590134.39596,192.168.1.4,192.168.1.5,3679132339,4104203118,2070,1,823300
470,1574590134.424219,192.168.1.4,192.168.1.5,3679134409,4104203118,16406,1,839706
471,1574590134.424324,192.168.1.4,192.168.1.5,3679150815,4104203118,16406,1,856112
472,1574590134.424434,192.168.1.4,192.168.1.5,3679167221,4104203118,660,1,856772
473,1574590134.424539,192.168.1.4,192.168.1.5,3679167881,4104203118,2070,1,858842
474,1574590134.424804,192.168.1.4,192.168.1.5,3679169951,4104203118,1598,1,860440
475,1574590134.428556,192.168.1.4,192.168.1.5,3679171549,4104203118,2070,1,862510
476,1574590134.428742,192.168.1.4,192.168.1.5,3679173619,4104203118,2070,1,864580
477,1574590134.435555,192.168.1.4,192.168.1.5,3679175689,4104203118,16406,1,880986
478,1574590134.435625,192.168.1.4,192.168.1.5,3679192095,4104203118,16406,1,897392
479,1574590134.435652,192.168.1.4,192.168.1.5,3679208501,4104203118,1286,1,898678
480,1574590134.435807,192.168.1.4,192.168.1.5,3679209787,4104203118,2070,1,900748
481,1574590134.435813,192.168.1.4,192.168.1.5,3679211857,4104203118,2070,1,902818
482,1574590134.470565,192.168.1.4,192.168.1.5,3679213927,4104203118,16406,1,919224
483,1574590134.470692,192.168.1.4,192.168.1.5,3679230333,4104203118,16406,1,935630
484,1574590134.47098,192.168.1.4,192.168.1.5,3679246739,4104203118,1126,1,936756
485,1574590134.470989,192.168.1.4,192.168.1.5,3679247865,4104203118,2070,1,938826
486,1574590134.471015,192.168.1.4,192.168.1.5,3679249935,4104203118,2070,1,940896
487,1574590134.472646,192.168.1.4,192.168.1.5,3952381006,1647947439,2070,1,942966
488,1574590134.473286,192.168.1.4,192.168.1.5,2560221802,1200768793,234,1,943200
489,1574590134.473407,192.168.1.4,192.168.1.5,2619008962,2361688444,2070,1,945270
490,1574590134.474743,192.168.1.5,192.168.1.4,1200768793,2560222036,86,0,945184
491,1574590134.495324,192.168.1.5,192.168.1.4,4104203118,3679252005,65,0,945119
492,1574590134.495524,192.168.1.5,192.168.1.4,4104203183,3679252005,65,0,945054
493,1574590134.495634,192.168.1.5,192.168.1.4,4104203248,3679252005,64,0,944990
494,1574590134.496008,192.168.1.4,192.168.1.5,3679252005,4104203312,16406,1,961396
495,1574590134.496281,192.168.1.4,192.168.1.5,3679268411,4104203312,12632,1,974028
496,1574590134.49797,192.168.1.5,192.168.1.4,4104203312,3679281043,220,0,973808
497,1574590134.514239,192.168.1.4,192.168.1.5,2619011032,2361688444,1757,1,975565
498,1574590134.514286,192.168.1.4,192.168.1.5,3952383076,1647947439,1249,1,976814
499,1574590134.530705,192.168.1.5,192.168.1.4,2361688444,2619012789,86,0,976728
500,1574590134.533039,192.168.1.5,192.168.1.4,1647947439,3952384325,86,0,976642
501,1574590134.533565,192.168.1.5,192.168.1.4,2361688530,2619012789,108,0,976534
502,1574590134.534381,192.168.1.5,192.168.1.4,4001591289,3019963911,24,0,976510
503,1574590134.534563,192.168.1.5,192.168.1.4,322410872,1730169435,24,0,976486
504,1574590134.53474,192.168.1.5,192.168.1.4,2856034205,26337359,24,0,976462
505,1574590134.535003,192.168.1.5,192.168.1.4,2133246197,2560729834,24,0,976438
506,1574590134.535144,192.168.1.5,192.168.1.4,3046015214,1604517612,24,0,976414
507,1574590134.536488,192.168.1.5,192.168.1.4,1647947525,3952384325,108,0,976306
508,1574590134.537024,192.168.1.4,192.168.1.5,2560222036,1200768879,586,1,976892
509,1574590134.544988,192.168.1.4,192.168.1.5,3679281043,4104203532,2070,1,978962
510,1574590134.566305,192.168.1.5,192.168.1.4,2361688638,2619012789,381,0,978581
511,1574590134.568876,192.168.1.5,192.168.1.4,2361689019,2619012789,115,0,978466
512,1574590134.569196,192.168.1.5,192.168.1.4,2361689134,2619012789,158,0,978308
513,1574590134.569331,192.168.1.5,192.168.1.4,2361689292,2619012789,110,0,978198
514,1574590134.569476,192.168.1.5,192.168.1.4,2361689402,2619012789,118,0,978080
515,1574590134.580538,192.168.1.4,192.168.1.5,2619012789,2361689520,586,1,978666
516,1574590134.580798,192.168.1.5,192.168.1.4,2361689520,2619013375,109,0,978557
517,1574590134.580949,192.168.1.5,192.168.1.4,2361689629,2619013375,109,0,978448
518,1574590134.581726,192.168.1.5,192.168.1.4,2361689738,2619013375,107,0,978341
519,1574590134.581838,192.168.1.5,192.168.1.4,2361689845,2619013375,109,0,978232
520,1574590134.584252,192.168.1.5,192.168.1.4,1647947633,3952384325,259,0,977973
521,1574590134.584415,192.168.1.5,192.168.1.4,2361689954,2619013375,53,0,977920
522,1574590134.584847,192.168.1.4,192.168.1.5,3952384325,1647947892,617,1,978537
523,1574590134.585065,192.168.1.4,192.168.1.5,2619013375,2361690007,53,1,978590
524,1574590134.585277,192.168.1.5,192.168.1.4,1647947892,3952384942,53,0,978537
525,1574590134.586147,192.168.1.4,192.168.1.5,3679283113,4104203532,14480,1,993017
526,1574590134.586303,192.168.1.4,192.168.1.5,3679297593,4104203532,1926,1,994943
527,1574590134.586316,192.168.1.4,192.168.1.5,3679299519,4104203532,9950,1,1004893
528,1574590134.586671,192.168.1.4,192.168.1.5,3679309469,4104203532,1440,1,1006333
529,1574590134.587245,192.168.1.4,192.168.1.5,3679310909,4104203532,2070,1,1008403
530,1574590134.588112,192.168.1.4,192.168.1.5,3679312979,4104203532,2070,1,1010473
531,1574590134.622593,192.168.1.4,192.168.1.5,3679315049,4104203532,16406,1,1026879
532,1574590134.62321,192.168.1.4,192.168.1.5,3679331455,4104203532,14480,1,1041359
533,1574590134.623807,192.168.1.4,192.168.1.5,3679345935,4104203532,1926,1,1043285
534,1574590134.623856,192.168.1.4,192.168.1.5,3679347861,4104203532,5740,1,1049025
535,1574590134.62481,192.168.1.4,192.168.1.5,3679353601,4104203532,14480,1,1063505
536,1574590134.62506,192.168.1.4,192.168.1.5,3679368081,4104203532,1926,1,1065431
537,1574590134.625074,192.168.1.4,192.168.1.5,3679370007,4104203532,16406,1,1081837
538,1574590134.625089,192.168.1.4,192.168.1.5,3679386413,4104203532,1286,1,1083123
539,1574590134.625127,192.168.1.4,192.168.1.5,3679387699,4104203532,2070,1,1085193
540,1574590134.625773,192.168.1.4,192.168.1.5,3952384942,1647947945,2070,1,1087263
541,1574590134.62601,192.168.1.4,192.168.1.5,3679389769,4104203532,2070,1,1089333
542,1574590134.626252,192.168.1.4,192.168.1.5,2619013428,2361690007,13032,1,1102365
543,1574590134.62645,192.168.1.4,192.168.1.5,2619026460,2361690007,11584,1,1113949
544,1574590134.626655,192.168.1.4,192.168.1.5,2619038044,2361690007,5575,1,1119524
545,1574590134.626788,192.168.1.4,192.168.1.5,3679391839,4104203532,16406,1,1135930
546,1574590134.629056,192.168.1.4,192.168.1.5,3679408245,4104203532,16406,1,1152336
547,1574590134.629135,192.168.1.4,192.168.1.5,3679424651,4104203532,2070,1,1154406
548,1574590134.631093,192.168.1.4,192.168.1.5,3679426721,4104203532,18476,1,1172882
549,1574590134.63129,192.168.1.4,192.168.1.5,3679445197,4104203532,13032,1,1185914
550,1574590134.631367,192.168.1.4,192.168.1.5,3679458229,4104203532,3374,1,1189288
551,1574590134.631389,192.168.1.4,192.168.1.5,3679461603,4104203532,5792,1,1195080
552,1574590134.631442,192.168.1.4,192.168.1.5,3679467395,4104203532,15928,1,1211008
553,1574590134.631521,192.168.1.4,192.168.1.5,3679483323,4104203532,11092,1,1222100
554,1574590134.631654,192.168.1.4,192.168.1.5,3679494415,4104203532,11584,1,1233684
555,1574590134.63174,192.168.1.4,192.168.1.5,3679505999,4104203532,4822,1,1238506
556,1574590134.631752,192.168.1.4,192.168.1.5,3679510821,4104203532,14690,1,1253196
557,1574590134.666222,192.168.1.4,192.168.1.5,3952387012,1647947945,5504,1,1258700
558,1574590134.68578,192.168.1.4,192.168.1.5,3952392516,1647947945,2070,1,1260770
559,1574590134.686328,192.168.1.4,192.168.1.5,2619043619,2361690007,2070,1,1262840
560,1574590134.686454,192.168.1.4,192.168.1.5,3952394586,1647947945,2070,1,1264910
561,1574590134.68654,192.168.1.4,192.168.1.5,3952396656,1647947945,1598,1,1266508
562,1574590134.686655,192.168.1.4,192.168.1.5,2619045689,2361690007,2070,1,1268578
563,1574590134.687399,192.168.1.4,192.168.1.5,3952398254,1647947945,2070,1,1270648
564,1574590134.687977,192.168.1.4,192.168.1.5,3952400324,1647947945,810,1,1271458
565,1574590134.688128,192.168.1.4,192.168.1.5,3952401134,1647947945,2070,1,1273528
566,1574590134.688215,192.168.1.4,192.168.1.5,3952403204,1647947945,810,1,1274338
567,1574590134.688598,192.168.1.4,192.168.1.5,3952404014,1647947945,2070,1,1276408
568,1574590134.689015,192.168.1.4,192.168.1.5,3679525511,4104203532,2070,1,1278478
569,1574590134.689794,192.168.1.4,192.168.1.5,3679527581,4104203532,2070,1,1280548
570,1574590134.690223,192.168.1.4,192.168.1.5,3679529651,4104203532,16406,1,1296954
571,1574590134.690304,192.168.1.4,192.168.1.5,3679546057,4104203532,16406,1,1313360
572,1574590134.690337,192.168.1.4,192.168.1.5,3679562463,4104203532,2070,1,1315430
573,1574590134.690519,192.168.1.4,192.168.1.5,3679564533,4104203532,2070,1,1317500
574,1574590134.6908,192.168.1.4,192.168.1.5,3679566603,4104203532,16406,1,1333906
575,1574590134.69087,192.168.1.4,192.168.1.5,3679583009,4104203532,16406,1,1350312
576,1574590134.691036,192.168.1.4,192.168.1.5,3679599415,4104203532,2070,1,1352382
577,1574590134.691593,192.168.1.4,192.168.1.5,3679601485,4104203532,16406,1,1368788
578,1574590134.691669,192.168.1.4,192.168.1.5,3679617891,4104203532,16406,1,1385194
579,1574590134.693826,192.168.1.4,192.168.1.5,3679634297,4104203532,16406,1,1401600
580,1574590134.693924,192.168.1.4,192.168.1.5,3679650703,4104203532,16406,1,1418006
581,1574590134.693976,192.168.1.4,192.168.1.5,3679667109,4104203532,11584,1,1429590
582,1574590134.694075,192.168.1.4,192.168.1.5,3679678693,4104203532,17376,1,1446966
583,1574590134.694163,192.168.1.4,192.168.1.5,3679696069,4104203532,27512,1,1474478
584,1574590134.694248,192.168.1.4,192.168.1.5,3489354626,3387039514,91,1,1474569
585,1574590134.694287,192.168.1.4,192.168.1.5,3679723581,4104203532,23534,1,1498103
586,1574590134.69434,192.168.1.4,192.168.1.5,3679747115,4104203532,2896,1,1500999
587,1574590134.694647,192.168.1.4,192.168.1.5,3679750011,4104203532,7366,1,1508365
588,1574590134.694678,192.168.1.4,192.168.1.5,3679757377,4104203532,12310,1,1520675
589,1574590134.701205,192.168.1.4,192.168.1.5,2619047759,2361690007,8688,1,1529363
590,1574590134.701573,192.168.1.4,192.168.1.5,2619056447,2361690007,7718,1,1537081
591,1574590134.701655,192.168.1.4,192.168.1.5,2619064165,2361690007,16406,1,1553487
592,1574590134.701772,192.168.1.4,192.168.1.5,2619080571,2361690007,5698,1,1559185
593,1574590134.702216,192.168.1.4,192.168.1.5,2619086269,2361690007,2858,1,1562043
594,1574590134.705775,192.168.1.5,192.168.1.4,3387039514,3489354717,539,0,1561504
595,1574590134.7059,192.168.1.4,192.168.1.5,2619089127,2361690007,5694,1,1567198
596,1574590134.706362,192.168.1.4,192.168.1.5,2619094821,2361690007,1440,1,1568638
597,1574590134.707455,192.168.1.4,192.168.1.5,2619096261,2361690007,4276,1,1572914
598,1574590134.707819,192.168.1.4,192.168.1.5,2619100537,2361690007,5694,1,1578608
599,1574590134.730232,192.168.1.4,192.168.1.5,3952406084,1647947945,4788,1,1583396
600,1574590134.736524,192.168.1.5,192.168.1.4,2361690007,2619106231,61,0,1583335
601,1574590134.737507,192.168.1.5,192.168.1.4,1647947945,3952410872,61,0,1583274
602,1574590134.738254,192.168.1.4,192.168.1.5,3679769687,4104203532,16406,1,1599680
603,1574590134.738357,192.168.1.4,192.168.1.5,3679786093,4104203532,16406,1,1616086
604,1574590134.738465,192.168.1.4,192.168.1.5,3679802499,4104203532,16406,1,1632492
605,1574590134.740345,192.168.1.4,192.168.1.5,3679818905,4104203532,3924,1,1636416
606,1574590134.746636,192.168.1.4,192.168.1.5,2619106231,2361690068,2070,1,1638486
607,1574590134.754159,192.168.1.4,192.168.1.5,2619108301,2361690068,16406,1,1654892
608,1574590134.754243,192.168.1.4,192.168.1.5,2619124707,2361690068,16406,1,1671298
609,1574590134.754406,192.168.1.4,192.168.1.5,2619141113,2361690068,656,1,1671954
610,1574590134.760389,192.168.1.4,192.168.1.5,3679822829,4104203532,16406,1,1688360
611,1574590134.760506,192.168.1.4,192.168.1.5,3679839235,4104203532,16406,1,1704766
612,1574590134.760587,192.168.1.4,192.168.1.5,3679855641,4104203532,16406,1,1721172
613,1574590134.761263,192.168.1.4,192.168.1.5,3679872047,4104203532,21092,1,1742264
614,1574590134.764543,192.168.1.4,192.168.1.5,3489354717,3387040053,2070,1,1744334
615,1574590134.797723,192.168.1.4,192.168.1.5,2619141769,2361690068,16406,1,1760740
616,1574590134.797795,192.168.1.4,192.168.1.5,2619158175,2361690068,4344,1,1765084
617,1574590134.798003,192.168.1.4,192.168.1.5,2619162519,2361690068,12062,1,1777146
618,1574590134.798036,192.168.1.4,192.168.1.5,2619174581,2361690068,340,1,1777486
619,1574590134.800029,192.168.1.4,192.168.1.5,3679893139,4104203532,11584,1,1789070
620,1574590134.800391,192.168.1.4,192.168.1.5,3679904723,4104203532,4822,1,1793892
621,1574590134.80043,192.168.1.4,192.168.1.5,3679909545,4104203532,16406,1,1810298
622,1574590134.800488,192.168.1.4,192.168.1.5,3679925951,4104203532,16406,1,1826704
623,1574590134.800619,192.168.1.4,192.168.1.5,3679942357,4104203532,14480,1,1841184
624,1574590134.800824,192.168.1.4,192.168.1.5,3679956837,4104203532,1873,1,1843057
625,1574590134.800845,192.168.1.4,192.168.1.5,3679958710,4104203532,555,1,1843612
626,1574590134.801036,192.168.1.4,192.168.1.5,3679959265,4104203532,968,1,1844580
627,1574590134.801042,192.168.1.4,192.168.1.5,3679960233,4104203532,2070,1,1846650
628,1574590134.801132,192.168.1.4,192.168.1.5,3679962303,4104203532,810,1,1847460
629,1574590134.806253,192.168.1.4,192.168.1.5,3489356787,3387040053,1890,1,1849350
630,1574590134.814902,192.168.1.5,192.168.1.4,3387040053,3489358677,86,0,1849264
631,1574590134.824226,192.168.1.5,192.168.1.4,3387040139,3489358677,108,0,1849156
632,1574590134.824521,192.168.1.5,192.168.1.4,378390534,1372980269,24,0,1849132
633,1574590134.824643,192.168.1.5,192.168.1.4,2441539212,1979794301,24,0,1849108
634,1574590134.827091,192.168.1.5,192.168.1.4,3387040247,3489358677,266,0,1848842
635,1574590134.840273,192.168.1.5,192.168.1.4,3387040513,3489358677,108,0,1848734
636,1574590134.840412,192.168.1.5,192.168.1.4,3387040621,3489358677,110,0,1848624
637,1574590134.842207,192.168.1.4,192.168.1.5,2619174921,2361690068,12312,1,1860936
638,1574590134.852123,192.168.1.4,192.168.1.5,2619187233,2361690068,2070,1,1863006
639,1574590134.852177,192.168.1.4,192.168.1.5,2619189303,2361690068,2070,1,1865076
640,1574590134.852387,192.168.1.4,192.168.1.5,3489358677,3387040731,586,1,1865662
641,1574590134.852945,192.168.1.4,192.168.1.5,3679963113,4104203532,2070,1,1867732
642,1574590134.852993,192.168.1.4,192.168.1.5,3679965183,4104203532,2070,1,1869802
643,1574590134.854659,192.168.1.5,192.168.1.4,3387040731,3489359263,53,0,1869749
644,1574590134.879613,192.168.1.4,192.168.1.5,3489359263,3387040784,2070,1,1871819
645,1574590134.882436,192.168.1.4,192.168.1.5,3679967253,4104203532,16406,1,1888225
646,1574590134.882528,192.168.1.4,192.168.1.5,3679983659,4104203532,16406,1,1904631
647,1574590134.88272,192.168.1.4,192.168.1.5,3680000065,4104203532,14480,1,1919111
648,1574590134.882791,192.168.1.4,192.168.1.5,3680014545,4104203532,1926,1,1921037
649,1574590134.882819,192.168.1.4,192.168.1.5,3680016471,4104203532,16353,1,1937390
650,1574590134.882963,192.168.1.4,192.168.1.5,3680032824,4104203532,1499,1,1938889
651,1574590134.883154,192.168.1.4,192.168.1.5,3680034323,4104203532,2070,1,1940959
652,1574590134.883241,192.168.1.4,192.168.1.5,3680036393,4104203532,2070,1,1943029
653,1574590134.893691,192.168.1.4,192.168.1.5,3680038463,4104203532,16406,1,1959435
654,1574590134.893782,192.168.1.4,192.168.1.5,3680054869,4104203532,16406,1,1975841
655,1574590134.893909,192.168.1.4,192.168.1.5,3680071275,4104203532,13032,1,1988873
656,1574590134.894022,192.168.1.4,192.168.1.5,3680084307,4104203532,3374,1,1992247
657,1574590134.894034,192.168.1.4,192.168.1.5,3680087681,4104203532,16353,1,2008600
658,1574590134.894236,192.168.1.4,192.168.1.5,2619191373,2361690068,8688,1,2017288
659,1574590134.894507,192.168.1.4,192.168.1.5,2619200061,2361690068,7718,1,2025006
660,1574590134.894543,192.168.1.4,192.168.1.5,2619207779,2361690068,9147,1,2034153
661,1574590134.894556,192.168.1.4,192.168.1.5,3680104034,4104203532,1817,1,2035970
662,1574590134.894596,192.168.1.4,192.168.1.5,3680105851,4104203532,2070,1,2038040
663,1574590134.894713,192.168.1.4,192.168.1.5,3680107921,4104203532,2070,1,2040110
664,1574590134.914081,192.168.1.4,192.168.1.5,591389285,2974378126,91,1,2040201
665,1574590134.91428,192.168.1.4,192.168.1.5,591389376,2974378126,24,1,2040225
666,1574590134.916986,192.168.1.4,192.168.1.5,3489361333,3387040784,13032,1,2053257
667,1574590134.917248,192.168.1.4,192.168.1.5,3489374365,3387040784,1448,1,2054705
668,1574590134.917323,192.168.1.4,192.168.1.5,3489375813,3387040784,19126,1,2073831
669,1574590134.933636,192.168.1.4,192.168.1.5,3489394939,3387040784,16406,1,2090237
670,1574590134.933743,192.168.1.4,192.168.1.5,3489411345,3387040784,16406,1,2106643
671,1574590134.933764,192.168.1.4,192.168.1.5,3489427751,3387040784,184,1,2106827
672,1574590134.938218,192.168.1.4,192.168.1.5,3680109991,4104203532,16406,1,2123233
673,1574590134.938339,192.168.1.4,192.168.1.5,3680126397,4104203532,16406,1,2139639
674,1574590134.938365,192.168.1.4,192.168.1.5,3680142803,4104203532,9399,1,2149038
675,1574590134.957146,192.168.1.5,192.168.1.4,3387040784,3489427935,61,0,2148977
676,1574590134.957554,192.168.1.4,192.168.1.5,3489427935,3387040845,3875,1,2152852
677,1574590134.96649,192.168.1.5,192.168.1.4,4104203532,3680152202,68,0,2152784
678,1574590135.071761,192.168.1.5,192.168.1.4,4104203600,3680152202,193,0,2152591
679,1574590135.103477,192.168.1.5,192.168.1.4,4104203793,3680152202,193,0,2152398
680,1574590135.115045,192.168.1.4,192.168.1.5,3680152202,4104203986,148,1,2152546
681,1574590135.134835,192.168.1.4,192.168.1.5,3680152350,4104203986,16406,1,2168952
682,1574590135.134931,192.168.1.4,192.168.1.5,3680168756,4104203986,16406,1,2185358
683,1574590135.135044,192.168.1.4,192.168.1.5,3680185162,4104203986,13032,1,2198390
684,1574590135.135191,192.168.1.4,192.168.1.5,3680198194,4104203986,3374,1,2201764
685,1574590135.135204,192.168.1.4,192.168.1.5,3680201568,4104203986,16353,1,2218117
686,1574590135.13529,192.168.1.4,192.168.1.5,3680217921,4104203986,1027,1,2219144
687,1574590135.15658,192.168.1.4,192.168.1.5,3680218948,4104203986,16406,1,2235550
688,1574590135.156682,192.168.1.4,192.168.1.5,3680235354,4104203986,16406,1,2251956
689,1574590135.156725,192.168.1.4,192.168.1.5,3680251760,4104203986,16406,1,2268362
690,1574590135.156811,192.168.1.4,192.168.1.5,3680268166,4104203986,16353,1,2284715
691,1574590135.156971,192.168.1.4,192.168.1.5,3680284519,4104203986,555,1,2285270
692,1574590135.159797,192.168.1.4,192.168.1.5,302124664,1903003203,91,1,2285361
693,1574590135.1599,192.168.1.4,192.168.1.5,1372980269,378390558,91,1,2285452
694,1574590135.160047,192.168.1.4,192.168.1.5,1372980360,378390558,24,1,2285476
695,1574590135.161472,192.168.1.5,192.168.1.4,1903003203,302124755,609,0,2284867
696,1574590135.181054,192.168.1.4,192.168.1.5,3680285074,4104203986,16406,1,2301273
697,1574590135.181226,192.168.1.4,192.168.1.5,3680301480,4104203986,10136,1,2311409
698,1574590135.181366,192.168.1.4,192.168.1.5,3680311616,4104203986,6270,1,2317679
699,1574590135.181394,192.168.1.4,192.168.1.5,3680317886,4104203986,8688,1,2326367
700,1574590135.181437,192.168.1.4,192.168.1.5,3680326574,4104203986,7718,1,2334085
701,1574590135.181566,192.168.1.4,192.168.1.5,3680334292,4104203986,8688,1,2342773
702,1574590135.181643,192.168.1.4,192.168.1.5,3680342980,4104203986,7665,1,2350438
703,1574590135.181798,192.168.1.4,192.168.1.5,3680350645,4104203986,555,1,2350993
704,1574590135.20915,192.168.1.4,192.168.1.5,3680351200,4104203986,16406,1,2367399
705,1574590135.209287,192.168.1.4,192.168.1.5,3680367606,4104203986,16406,1,2383805
706,1574590135.209357,192.168.1.4,192.168.1.5,3680384012,4104203986,13032,1,2396837
707,1574590135.209443,192.168.1.4,192.168.1.5,3680397044,4104203986,3374,1,2400211
708,1574590135.209527,192.168.1.4,192.168.1.5,3680400418,4104203986,16353,1,2416564
709,1574590135.209608,192.168.1.4,192.168.1.5,3680416771,4104203986,1185,1,2417749
710,1574590135.212598,192.168.1.4,192.168.1.5,302124755,1903003812,234,1,2417983
711,1574590135.228623,192.168.1.5,192.168.1.4,1903003812,302124989,86,0,2417897
712,1574590135.237908,192.168.1.5,192.168.1.4,4104203986,3680417956,68,0,2417829
713,1574590135.238434,192.168.1.4,192.168.1.5,3680417956,4104204054,14480,1,2432309
714,1574590135.238624,192.168.1.4,192.168.1.5,3680432436,4104204054,1926,1,2434235
715,1574590135.23866,192.168.1.4,192.168.1.5,3680434362,4104204054,8688,1,2442923
716,1574590135.239011,192.168.1.4,192.168.1.5,3680443050,4104204054,7718,1,2450641
717,1574590135.23922,192.168.1.4,192.168.1.5,3680450768,4104204054,13032,1,2463673
718,1574590135.239327,192.168.1.4,192.168.1.5,3680463800,4104204054,3374,1,2467047
719,1574590135.239379,192.168.1.4,192.168.1.5,3680467174,4104204054,13032,1,2480079
720,1574590135.239462,192.168.1.4,192.168.1.5,3680480206,4104204054,230,1,2480309
721,1574590135.262668,192.168.1.4,192.168.1.5,3680480436,4104204054,16406,1,2496715
722,1574590135.262787,192.168.1.4,192.168.1.5,3680496842,4104204054,16406,1,2513121
723,1574590135.26293,192.168.1.4,192.168.1.5,3680513248,4104204054,16406,1,2529527
724,1574590135.263084,192.168.1.4,192.168.1.5,3680529654,4104204054,16353,1,2545880
725,1574590135.263477,192.168.1.4,192.168.1.5,3680546007,4104204054,1815,1,2547695
726,1574590135.290267,192.168.1.4,192.168.1.5,302124989,1903003898,586,1,2548281
727,1574590135.291057,192.168.1.4,192.168.1.5,3680547822,4104204054,16406,1,2564687
728,1574590135.291256,192.168.1.4,192.168.1.5,3680564228,4104204054,16406,1,2581093
729,1574590135.291378,192.168.1.4,192.168.1.5,3680580634,4104204054,14480,1,2595573
730,1574590135.291488,192.168.1.4,192.168.1.5,3680595114,4104204054,1926,1,2597499
731,1574590135.291527,192.168.1.4,192.168.1.5,3680597040,4104204054,14480,1,2611979
732,1574590135.291651,192.168.1.4,192.168.1.5,3680611520,4104204054,1873,1,2613852
733,1574590135.291718,192.168.1.4,192.168.1.5,3680613393,4104204054,1185,1,2615037
734,1574590135.334463,192.168.1.4,192.168.1.5,3680614578,4104204054,16406,1,2631443
735,1574590135.334578,192.168.1.4,192.168.1.5,3680630984,4104204054,16406,1,2647849
736,1574590135.334707,192.168.1.4,192.168.1.5,3680647390,4104204054,16406,1,2664255
737,1574590135.334825,192.168.1.4,192.168.1.5,3680663796,4104204054,14119,1,2678374
738,1574590135.547587,192.168.1.5,192.168.1.4,2361690068,2619216926,109,0,2678265
739,1574590135.583854,192.168.1.4,192.168.1.5,2619216926,2361690177,2070,1,2680335
740,1574590135.583913,192.168.1.4,192.168.1.5,2619218996,2361690177,2070,1,2682405
741,1574590135.626328,192.168.1.4,192.168.1.5,2619221066,2361690177,1659,1,2684064
742,1574590135.627022,192.168.1.5,192.168.1.4,2361690177,2619222725,61,0,2684003
743,1574590135.667309,192.168.1.5,192.168.1.4,2664567481,131735732,343,0,2683660
744,1574590135.667699,192.168.1.4,192.168.1.5,131735732,2664567824,99,1,2683759
745,1574590135.668186,192.168.1.5,192.168.1.4,2664567824,131735831,382,0,2683377
746,1574590135.677651,192.168.1.4,192.168.1.5,131735831,2664568206,2266,1,2685643
747,1574590135.678629,192.168.1.5,192.168.1.4,2664568206,131738097,74,0,2685569
748,1574590135.678749,192.168.1.5,192.168.1.4,2664568280,131738097,255,0,2685314
749,1574590135.678978,192.168.1.4,192.168.1.5,131738097,2664568280,79,1,2685393
750,1574590135.679071,192.168.1.4,192.168.1.5,131738176,2664568535,79,1,2685472
751,1574590135.859033,192.168.1.4,192.168.1.5,1247722052,3012822167,91,1,2685563
752,1574590135.859061,192.168.1.4,192.168.1.5,3850964029,2869684550,91,1,2685654
753,1574590135.85907,192.168.1.4,192.168.1.5,3850964120,2869684550,24,1,2685678
754,1574590135.859402,192.168.1.4,192.168.1.5,1979794301,2441539236,91,1,2685769
755,1574590135.859411,192.168.1.4,192.168.1.5,1979794392,2441539236,24,1,2685793
756,1574590135.860904,192.168.1.5,192.168.1.4,3012822167,1247722143,539,0,2685254
757,1574590135.903395,192.168.1.4,192.168.1.5,1247722143,3012822706,2070,1,2687324
758,1574590135.946326,192.168.1.4,192.168.1.5,1247724213,3012822706,1755,1,2689079
759,1574590135.952796,192.168.1.5,192.168.1.4,3012822706,1247725968,86,0,2688993
760,1574590135.953115,192.168.1.5,192.168.1.4,3012822792,1247725968,108,0,2688885
761,1574590135.953895,192.168.1.5,192.168.1.4,3012822900,1247725968,266,0,2688619
762,1574590135.988645,192.168.1.4,192.168.1.5,1247725968,3012823166,617,1,2689236
763,1574590135.989096,192.168.1.5,192.168.1.4,3012823166,1247726585,53,0,2689183
764,1574590135.991984,192.168.1.4,192.168.1.5,1247726585,3012823219,2070,1,2691253
765,1574590136.03457,192.168.1.4,192.168.1.5,1247728655,3012823219,4400,1,2695653
766,1574590136.03534,192.168.1.5,192.168.1.4,3012823219,1247733055,61,0,2695592
767,1574590136.316741,192.168.1.4,192.168.1.5,2613381415,3418154575,91,1,2695683
768,1574590136.316784,192.168.1.4,192.168.1.5,2613381506,3418154575,24,1,2695707
769,1574590136.639561,192.168.1.4,192.168.1.5,1730031871,2401569391,91,1,2695798
770,1574590136.639586,192.168.1.4,192.168.1.5,1730031962,2401569391,24,1,2695822
771,1574590136.92973,192.168.1.4,192.168.1.5,3919557956,1145762796,91,1,2695913
772,1574590136.929758,192.168.1.4,192.168.1.5,3919558047,1145762796,24,1,2695937
773,1574590140.576254,192.168.1.4,192.168.1.5,1730169435,322410896,91,1,2696028
774,1574590140.576381,192.168.1.4,192.168.1.5,3019963911,4001591313,91,1,2696119
775,1574590140.576495,192.168.1.4,192.168.1.5,3019964002,4001591313,24,1,2696143
776,1574590140.57757,192.168.1.4,192.168.1.5,1730169526,322410897,24,1,2696167
777,1574590140.776854,192.168.1.4,192.168.1.5,4108049720,2650887298,91,1,2696258
778,1574590140.776877,192.168.1.4,192.168.1.5,4108049811,2650887298,24,1,2696282
779,1574590141.494361,192.168.1.4,192.168.1.5,1604517612,3046015238,91,1,2696373
780,1574590141.494585,192.168.1.4,192.168.1.5,1604517703,3046015238,24,1,2696397
781,1574590142.058926,192.168.1.4,192.168.1.5,2560729834,2133246221,91,1,2696488
782,1574590142.058951,192.168.1.4,192.168.1.5,2560729925,2133246221,24,1,2696512
783,1574590142.191277,192.168.1.4,192.168.1.5,26337359,2856034229,91,1,2696603
784,1574590142.191796,192.168.1.4,192.168.1.5,26337450,2856034229,24,1,2696627
785,1574590142.491875,192.168.1.4,192.168.1.5,131738255,2664568535,91,1,2696718
786,1574590142.492381,192.168.1.5,192.168.1.4,2664568535,131738346,539,0,2696179
787,1574590142.535218,192.168.1.4,192.168.1.5,131738346,2664569074,2070,1,2698249
788,1574590142.580376,192.168.1.4,192.168.1.5,131740416,2664569074,1249,1,2699498
789,1574590142.582809,192.168.1.5,192.168.1.4,2664569074,131741665,86,0,2699412
790,1574590142.59004,192.168.1.5,192.168.1.4,2664569160,131741665,108,0,2699304
791,1574590142.591591,192.168.1.5,192.168.1.4,2664569268,131741665,250,0,2699054
792,1574590142.619583,192.168.1.4,192.168.1.5,131741665,2664569518,586,1,2699640
793,1574590142.620032,192.168.1.5,192.168.1.4,2664569518,131742251,53,0,2699587
794,1574590142.626868,192.168.1.4,192.168.1.5,131742251,2664569571,2070,1,2701657
795,1574590142.673921,192.168.1.4,192.168.1.5,131744321,2664569571,14480,1,2716137
796,1574590142.674267,192.168.1.4,192.168.1.5,131758801,2664569571,2072,1,2718209
797,1574590142.676498,192.168.1.5,192.168.1.4,2664569571,131760873,61,0,2718148
798,1574590142.754497,192.168.1.5,192.168.1.4,2664569632,131760873,417,0,2717731
799,1574590142.756604,192.168.1.5,192.168.1.4,2664570049,131760873,415,0,2717316
800,1574590142.794929,192.168.1.4,192.168.1.5,131760873,2664570464,866,1,2718182
801,1574590142.800324,192.168.1.5,192.168.1.4,2664570464,131761739,61,0,2718121
802,1574590142.800686,192.168.1.4,192.168.1.5,131761739,2664570525,199,1,2718320
803,1574590142.814054,192.168.1.5,192.168.1.4,2012100697,2925422326,343,0,2717977
804,1574590142.814555,192.168.1.4,192.168.1.5,2925422326,2012101040,99,1,2718076
805,1574590142.815097,192.168.1.5,192.168.1.4,2012101040,2925422425,382,0,2717694
806,1574590142.830156,192.168.1.4,192.168.1.5,2925422425,2012101422,2266,1,2719960
807,1574590142.831152,192.168.1.5,192.168.1.4,2012101422,2925424691,74,0,2719886
808,1574590142.831294,192.168.1.5,192.168.1.4,2012101496,2925424691,253,0,2719633
809,1574590142.831653,192.168.1.4,192.168.1.5,2925424691,2012101749,79,1,2719712
810,1574590142.832612,192.168.1.4,192.168.1.5,2925424770,2012101749,79,1,2719791
