index,time,src_ip,dst_ip,tcp_seq,tcp_ack,tcp_len,direction,cumul_sum
1,1574590185.822872,192.168.1.5,192.168.1.4,3694085890,3183001058,343,0,-343
2,1574590185.824015,192.168.1.4,192.168.1.5,3183001058,3694086233,99,1,-244
3,1574590185.824598,192.168.1.5,192.168.1.4,3694086233,3183001157,382,0,-626
4,1574590185.838641,192.168.1.4,192.168.1.5,3183001157,3694086615,2266,1,1640
5,1574590185.839498,192.168.1.5,192.168.1.4,3694086615,3183003423,74,0,1566
6,1574590185.839634,192.168.1.5,192.168.1.4,3694086689,3183003423,245,0,1321
7,1574590185.839881,192.168.1.4,192.168.1.5,3183003423,3694086934,79,1,1400
8,1574590185.843945,192.168.1.4,192.168.1.5,3183003502,3694086934,79,1,1479
9,1574590185.978167,192.168.1.5,192.168.1.4,3307358775,2757776156,343,0,1136
10,1574590185.978537,192.168.1.4,192.168.1.5,2757776156,3307359118,99,1,1235
11,1574590185.978882,192.168.1.5,192.168.1.4,3307359118,2757776255,382,0,853
12,1574590185.98085,192.168.1.5,192.168.1.4,811821956,4277744268,343,0,510
13,1574590185.988741,192.168.1.4,192.168.1.5,2757776255,3307359500,2266,1,2776
14,1574590185.989325,192.168.1.4,192.168.1.5,4277744268,811822299,99,1,2875
15,1574590185.989736,192.168.1.5,192.168.1.4,3307359500,2757778521,74,0,2801
16,1574590185.989856,192.168.1.5,192.168.1.4,3307359574,2757778521,227,0,2574
17,1574590185.990043,192.168.1.4,192.168.1.5,2757778521,3307359801,79,1,2653
18,1574590185.990109,192.168.1.4,192.168.1.5,2757778600,3307359801,79,1,2732
19,1574590185.990723,192.168.1.5,192.168.1.4,811822299,4277744367,382,0,2350
20,1574590186.000854,192.168.1.4,192.168.1.5,4277744367,811822681,2266,1,4616
21,1574590186.001713,192.168.1.5,192.168.1.4,811822681,4277746633,74,0,4542
22,1574590186.001831,192.168.1.5,192.168.1.4,811822755,4277746633,227,0,4315
23,1574590186.002047,192.168.1.4,192.168.1.5,4277746633,811822982,79,1,4394
24,1574590186.002115,192.168.1.4,192.168.1.5,4277746712,811822982,79,1,4473
25,1574590187.09538,192.168.1.4,192.168.1.5,3183003581,3694086934,91,1,4564
26,1574590187.096467,192.168.1.5,192.168.1.4,3694086934,3183003672,539,0,4025
27,1574590187.139217,192.168.1.4,192.168.1.5,3183003672,3694087473,2070,1,6095
28,1574590187.182448,192.168.1.4,192.168.1.5,3183005742,3694087473,1018,1,7113
29,1574590187.209059,192.168.1.5,192.168.1.4,3694087473,3183006760,86,0,7027
30,1574590187.209722,192.168.1.5,192.168.1.4,3694087559,3183006760,108,0,6919
31,1574590187.210344,192.168.1.5,192.168.1.4,3694087667,3183006760,321,0,6598
32,1574590187.210488,192.168.1.5,192.168.1.4,3694087988,3183006760,54,0,6544
33,1574590187.23199,192.168.1.4,192.168.1.5,2757778679,3307359801,91,1,6635
34,1574590187.232483,192.168.1.5,192.168.1.4,3307359801,2757778770,539,0,6096
35,1574590187.232565,192.168.1.4,192.168.1.5,4277746791,811822982,91,1,6187
36,1574590187.232949,192.168.1.5,192.168.1.4,811822982,4277746882,539,0,5648
37,1574590187.244655,192.168.1.4,192.168.1.5,3183006760,3694088042,617,1,6265
38,1574590187.245204,192.168.1.5,192.168.1.4,3694088042,3183007377,53,0,6212
39,1574590187.256528,192.168.1.4,192.168.1.5,3183007377,3694088095,1080,1,7292
40,1574590187.260562,192.168.1.5,192.168.1.4,3694088095,3183008457,61,0,7231
41,1574590187.272247,192.168.1.4,192.168.1.5,4277746882,811823521,2070,1,9301
42,1574590187.272388,192.168.1.4,192.168.1.5,2757778770,3307360340,2070,1,11371
43,1574590187.314415,192.168.1.4,192.168.1.5,2757780840,3307360340,1754,1,13125
44,1574590187.314482,192.168.1.4,192.168.1.5,4277748952,811823521,1757,1,14882
45,1574590187.320823,192.168.1.5,192.168.1.4,3307360340,2757782594,86,0,14796
46,1574590187.322561,192.168.1.5,192.168.1.4,811823521,4277750709,86,0,14710
47,1574590187.322956,192.168.1.5,192.168.1.4,811823607,4277750709,24,0,14686
48,1574590187.323261,192.168.1.5,192.168.1.4,3307360426,2757782594,108,0,14578
49,1574590187.324281,192.168.1.4,192.168.1.5,4277750709,811823631,24,1,14602
50,1574590187.326238,192.168.1.5,192.168.1.4,3307360534,2757782594,369,0,14233
51,1574590187.35443,192.168.1.4,192.168.1.5,2757782594,3307360903,586,1,14819
52,1574590187.354808,192.168.1.5,192.168.1.4,3307360903,2757783180,53,0,14766
53,1574590187.355658,192.168.1.4,192.168.1.5,2757783180,3307360956,53,1,14819
54,1574590187.398439,192.168.1.4,192.168.1.5,2757783233,3307360956,711,1,15530
55,1574590187.400478,192.168.1.5,192.168.1.4,3307360956,2757783944,57,0,15473
56,1574590187.400803,192.168.1.5,192.168.1.4,3307361013,2757783944,61,0,15412
57,1574590187.408481,192.168.1.5,192.168.1.4,3883440591,4294539986,343,0,15069
58,1574590187.409152,192.168.1.4,192.168.1.5,4294539986,3883440934,99,1,15168
59,1574590187.409593,192.168.1.5,192.168.1.4,3883440934,4294540085,382,0,14786
60,1574590187.423496,192.168.1.4,192.168.1.5,4294540085,3883441316,2266,1,17052
61,1574590187.424374,192.168.1.5,192.168.1.4,3883441316,4294542351,74,0,16978
62,1574590187.4245,192.168.1.5,192.168.1.4,3883441390,4294542351,235,0,16743
63,1574590187.424718,192.168.1.4,192.168.1.5,4294542351,3883441625,79,1,16822
64,1574590187.425071,192.168.1.4,192.168.1.5,4294542430,3883441625,79,1,16901
65,1574590188.71466,192.168.1.4,192.168.1.5,4294542509,3883441625,91,1,16992
66,1574590188.717568,192.168.1.5,192.168.1.4,3883441625,4294542600,539,0,16453
67,1574590188.757477,192.168.1.4,192.168.1.5,4294542600,3883442164,1440,1,17893
68,1574590188.798406,192.168.1.4,192.168.1.5,4294544040,3883442164,1229,1,19122
69,1574590188.801392,192.168.1.5,192.168.1.4,3883442164,4294545269,86,0,19036
70,1574590188.801701,192.168.1.5,192.168.1.4,3883442250,4294545269,108,0,18928
71,1574590188.802138,192.168.1.5,192.168.1.4,3883442358,4294545269,373,0,18555
72,1574590188.836591,192.168.1.4,192.168.1.5,4294545269,3883442731,617,1,19172
73,1574590188.83702,192.168.1.5,192.168.1.4,3883442731,4294545886,53,0,19119
74,1574590188.847039,192.168.1.4,192.168.1.5,4294545886,3883442784,2070,1,21189
75,1574590188.890535,192.168.1.4,192.168.1.5,4294547956,3883442784,11584,1,32773
76,1574590188.890781,192.168.1.4,192.168.1.5,4294559540,3883442784,1727,1,34500
77,1574590188.892532,192.168.1.5,192.168.1.4,3883442784,4294561267,61,0,34439
78,1574590189.075018,192.168.1.5,192.168.1.4,273972141,2258505881,343,0,34096
79,1574590189.075472,192.168.1.4,192.168.1.5,2258505881,273972484,99,1,34195
80,1574590189.075872,192.168.1.5,192.168.1.4,273972484,2258505980,382,0,33813
81,1574590189.07803,192.168.1.5,192.168.1.4,645574730,2441119150,343,0,33470
82,1574590189.080034,192.168.1.5,192.168.1.4,3883442845,4294561267,149,0,33321
83,1574590189.081149,192.168.1.4,192.168.1.5,2441119150,645575073,99,1,33420
84,1574590189.081419,192.168.1.5,192.168.1.4,645575073,2441119249,382,0,33038
85,1574590189.082733,192.168.1.5,192.168.1.4,3883442994,4294561267,121,0,32917
86,1574590189.086582,192.168.1.5,192.168.1.4,4109160803,2439181185,343,0,32574
87,1574590189.090706,192.168.1.5,192.168.1.4,415319523,1749217581,343,0,32231
88,1574590189.09099,192.168.1.4,192.168.1.5,2439181185,4109161146,99,1,32330
89,1574590189.091219,192.168.1.5,192.168.1.4,4109161146,2439181284,382,0,31948
90,1574590189.094264,192.168.1.4,192.168.1.5,1749217581,415319866,99,1,32047
91,1574590189.094542,192.168.1.5,192.168.1.4,415319866,1749217680,382,0,31665
92,1574590189.096142,192.168.1.4,192.168.1.5,2258505980,273972866,2266,1,33931
93,1574590189.097019,192.168.1.5,192.168.1.4,273972866,2258508246,74,0,33857
94,1574590189.09716,192.168.1.5,192.168.1.4,273972940,2258508246,247,0,33610
95,1574590189.102943,192.168.1.4,192.168.1.5,2441119249,645575455,2266,1,35876
96,1574590189.103813,192.168.1.5,192.168.1.4,645575455,2441121515,74,0,35802
97,1574590189.103914,192.168.1.5,192.168.1.4,645575529,2441121515,247,0,35555
98,1574590189.114154,192.168.1.4,192.168.1.5,1749217680,415320248,2266,1,37821
99,1574590189.114299,192.168.1.4,192.168.1.5,2258508246,273973187,79,1,37900
100,1574590189.114429,192.168.1.4,192.168.1.5,2258508325,273973187,79,1,37979
101,1574590189.115426,192.168.1.5,192.168.1.4,415320248,1749219946,74,0,37905
102,1574590189.115551,192.168.1.5,192.168.1.4,415320322,1749219946,257,0,37648
103,1574590189.119265,192.168.1.4,192.168.1.5,2439181284,4109161528,2266,1,39914
104,1574590189.119555,192.168.1.4,192.168.1.5,2441121515,645575776,79,1,39993
105,1574590189.119627,192.168.1.4,192.168.1.5,2441121594,645575776,79,1,40072
106,1574590189.120266,192.168.1.5,192.168.1.4,4109161528,2439183550,74,0,39998
107,1574590189.120437,192.168.1.5,192.168.1.4,4109161602,2439183550,257,0,39741
108,1574590189.121019,192.168.1.4,192.168.1.5,2439183550,4109161859,79,1,39820
109,1574590189.121136,192.168.1.4,192.168.1.5,2439183629,4109161859,79,1,39899
110,1574590189.12219,192.168.1.4,192.168.1.5,4294561267,3883443115,2070,1,41969
111,1574590189.122781,192.168.1.4,192.168.1.5,1749219946,415320579,79,1,42048
112,1574590189.122896,192.168.1.4,192.168.1.5,1749220025,415320579,79,1,42127
113,1574590189.151,192.168.1.4,192.168.1.5,4294563337,3883443115,14480,1,56607
114,1574590189.151287,192.168.1.4,192.168.1.5,4294577817,3883443115,8688,1,65295
115,1574590189.155218,192.168.1.5,192.168.1.4,3883443115,4294586505,61,0,65234
116,1574590189.155364,192.168.1.4,192.168.1.5,4294586505,3883443115,11081,1,76315
117,1574590189.155834,192.168.1.4,192.168.1.5,4294597586,3883443176,6461,1,82776
118,1574590191.75651,192.168.1.4,192.168.1.5,2441121673,645575776,91,1,82867
119,1574590191.757278,192.168.1.4,192.168.1.5,2258508404,273973187,91,1,82958
120,1574590191.757477,192.168.1.5,192.168.1.4,645575776,2441121764,539,0,82419
121,1574590191.757844,192.168.1.5,192.168.1.4,273973187,2258508495,539,0,81880
122,1574590191.798064,192.168.1.4,192.168.1.5,2258508495,273973726,2070,1,83950
123,1574590191.798092,192.168.1.4,192.168.1.5,2441121764,645576315,2070,1,86020
124,1574590191.839447,192.168.1.4,192.168.1.5,2258510565,273973726,1888,1,87908
125,1574590191.839505,192.168.1.4,192.168.1.5,2441123834,645576315,1890,1,89798
126,1574590191.843735,192.168.1.5,192.168.1.4,273973726,2258512453,86,0,89712
127,1574590191.848731,192.168.1.5,192.168.1.4,645576315,2441125724,86,0,89626
128,1574590191.849026,192.168.1.5,192.168.1.4,645576401,2441125724,24,0,89602
129,1574590191.849363,192.168.1.5,192.168.1.4,273973812,2258512453,108,0,89494
130,1574590191.850303,192.168.1.4,192.168.1.5,2441125724,645576425,24,1,89518
131,1574590191.860612,192.168.1.5,192.168.1.4,273973920,2258512453,268,0,89250
132,1574590191.860972,192.168.1.5,192.168.1.4,273974188,2258512453,138,0,89112
133,1574590191.884496,192.168.1.4,192.168.1.5,2258512453,273974326,617,1,89729
134,1574590191.884804,192.168.1.5,192.168.1.4,273974326,2258513070,53,0,89676
135,1574590191.902667,192.168.1.4,192.168.1.5,2258513070,273974379,883,1,90559
136,1574590191.90488,192.168.1.5,192.168.1.4,273974379,2258513953,61,0,90498
137,1574590191.905913,192.168.1.4,192.168.1.5,2258513953,273974440,1173,1,91671
138,1574590191.924085,192.168.1.5,192.168.1.4,4089223940,3451237823,343,0,91328
139,1574590191.924351,192.168.1.4,192.168.1.5,3451237823,4089224283,99,1,91427
140,1574590191.924573,192.168.1.5,192.168.1.4,4089224283,3451237922,382,0,91045
141,1574590191.935285,192.168.1.4,192.168.1.5,3451237922,4089224665,2266,1,93311
142,1574590191.936144,192.168.1.5,192.168.1.4,4089224665,3451240188,74,0,93237
143,1574590191.936242,192.168.1.5,192.168.1.4,4089224739,3451240188,241,0,92996
144,1574590191.936458,192.168.1.4,192.168.1.5,3451240188,4089224980,79,1,93075
145,1574590191.938523,192.168.1.4,192.168.1.5,3451240267,4089224980,79,1,93154
146,1574590191.951844,192.168.1.5,192.168.1.4,741601222,3800874684,343,0,92811
147,1574590191.952277,192.168.1.4,192.168.1.5,3800874684,741601565,99,1,92910
148,1574590191.95252,192.168.1.5,192.168.1.4,741601565,3800874783,382,0,92528
149,1574590191.954486,192.168.1.5,192.168.1.4,3881226530,3650575828,343,0,92185
150,1574590191.956434,192.168.1.5,192.168.1.4,3157757200,952092320,343,0,91842
151,1574590191.958577,192.168.1.5,192.168.1.4,3702751207,1503236297,343,0,91499
152,1574590191.958882,192.168.1.4,192.168.1.5,3650575828,3881226873,99,1,91598
153,1574590191.959125,192.168.1.5,192.168.1.4,3881226873,3650575927,382,0,91216
154,1574590191.961174,192.168.1.5,192.168.1.4,3883443176,4294604047,117,0,91099
155,1574590191.961917,192.168.1.4,192.168.1.5,952092320,3157757543,99,1,91198
156,1574590191.962245,192.168.1.5,192.168.1.4,3157757543,952092419,382,0,90816
157,1574590191.962564,192.168.1.4,192.168.1.5,1503236297,3702751550,99,1,90915
158,1574590191.962813,192.168.1.5,192.168.1.4,3702751550,1503236396,382,0,90533
159,1574590191.964417,192.168.1.5,192.168.1.4,2421200773,4283987801,343,0,90190
160,1574590191.980408,192.168.1.5,192.168.1.4,1384529052,277950531,343,0,89847
161,1574590191.980909,192.168.1.4,192.168.1.5,4283987801,2421201116,99,1,89946
162,1574590191.981229,192.168.1.5,192.168.1.4,2421201116,4283987900,382,0,89564
163,1574590191.984015,192.168.1.5,192.168.1.4,896270929,3338426213,343,0,89221
164,1574590191.985007,192.168.1.5,192.168.1.4,1792112408,2172238620,343,0,88878
165,1574590191.998342,192.168.1.4,192.168.1.5,4294604047,3883443293,122,1,89000
166,1574590191.998908,192.168.1.4,192.168.1.5,4294604169,3883443293,2858,1,91858
167,1574590191.999248,192.168.1.4,192.168.1.5,4294607027,3883443293,1440,1,93298
168,1574590191.999411,192.168.1.4,192.168.1.5,277950531,1384529395,99,1,93397
169,1574590191.999682,192.168.1.5,192.168.1.4,1384529395,277950630,382,0,93015
170,1574590192.000969,192.168.1.4,192.168.1.5,4294608467,3883443293,2858,1,95873
171,1574590192.001286,192.168.1.4,192.168.1.5,3338426213,896271272,99,1,95972
172,1574590192.001538,192.168.1.5,192.168.1.4,896271272,3338426312,382,0,95590
173,1574590192.001982,192.168.1.4,192.168.1.5,2172238620,1792112751,99,1,95689
174,1574590192.002222,192.168.1.5,192.168.1.4,1792112751,2172238719,382,0,95307
175,1574590192.005439,192.168.1.4,192.168.1.5,4294611325,3883443293,5694,1,101001
176,1574590192.014777,192.168.1.4,192.168.1.5,277950630,1384529777,2266,1,103267
177,1574590192.015725,192.168.1.5,192.168.1.4,1384529777,277952896,74,0,103193
178,1574590192.015828,192.168.1.5,192.168.1.4,1384529851,277952896,257,0,102936
179,1574590192.019924,192.168.1.4,192.168.1.5,4294617019,3883443293,7112,1,110048
180,1574590192.020236,192.168.1.4,192.168.1.5,4294624131,3883443293,8688,1,118736
181,1574590192.020368,192.168.1.4,192.168.1.5,4294632819,3883443293,8372,1,127108
182,1574590192.021225,192.168.1.4,192.168.1.5,3800874783,741601947,2266,1,129374
183,1574590192.022477,192.168.1.5,192.168.1.4,741601947,3800877049,74,0,129300
184,1574590192.02264,192.168.1.5,192.168.1.4,741602021,3800877049,245,0,129055
185,1574590192.024759,192.168.1.4,192.168.1.5,3800877049,741602266,79,1,129134
186,1574590192.025402,192.168.1.4,192.168.1.5,3800877128,741602266,79,1,129213
187,1574590192.02975,192.168.1.4,192.168.1.5,2439183708,4109161859,91,1,129304
188,1574590192.030169,192.168.1.5,192.168.1.4,4109161859,2439183799,539,0,128765
189,1574590192.030234,192.168.1.4,192.168.1.5,1749220104,415320579,91,1,128856
190,1574590192.030527,192.168.1.5,192.168.1.4,415320579,1749220195,539,0,128317
191,1574590192.032674,192.168.1.4,192.168.1.5,4294641191,3883443293,16406,1,144723
192,1574590192.032922,192.168.1.4,192.168.1.5,4294657597,3883443293,16406,1,161129
193,1574590192.032958,192.168.1.4,192.168.1.5,4294674003,3883443293,2704,1,163833
194,1574590192.033106,192.168.1.5,192.168.1.4,1384529851,277952896,257,0,163576
195,1574590192.035473,192.168.1.4,192.168.1.5,4294676707,3883443293,4276,1,167852
196,1574590192.035928,192.168.1.4,192.168.1.5,4294680983,3883443293,1440,1,169292
197,1574590192.036164,192.168.1.4,192.168.1.5,3650575927,3881227255,2266,1,171558
198,1574590192.037009,192.168.1.5,192.168.1.4,3881227255,3650578193,74,0,171484
199,1574590192.037209,192.168.1.5,192.168.1.4,3881227329,3650578193,245,0,171239
200,1574590192.037794,192.168.1.4,192.168.1.5,4294682423,3883443293,2858,1,174097
201,1574590192.038353,192.168.1.4,192.168.1.5,4294685281,3883443293,1440,1,175537
202,1574590192.038473,192.168.1.4,192.168.1.5,3650578193,3881227574,79,1,175616
203,1574590192.038785,192.168.1.4,192.168.1.5,4294686721,3883443293,1440,1,177056
204,1574590192.039715,192.168.1.4,192.168.1.5,3650578272,3881227574,79,1,177135
205,1574590192.044952,192.168.1.4,192.168.1.5,3338426312,896271654,2266,1,179401
206,1574590192.045111,192.168.1.4,192.168.1.5,952092419,3157757925,2266,1,181667
207,1574590192.046067,192.168.1.5,192.168.1.4,3157757925,952094685,74,0,181593
208,1574590192.046261,192.168.1.5,192.168.1.4,3157757999,952094685,245,0,181348
209,1574590192.046491,192.168.1.4,192.168.1.5,952094685,3157758244,79,1,181427
210,1574590192.046499,192.168.1.4,192.168.1.5,952094764,3157758244,79,1,181506
211,1574590192.047059,192.168.1.5,192.168.1.4,896271654,3338428578,74,0,181432
212,1574590192.047181,192.168.1.5,192.168.1.4,896271728,3338428578,257,0,181175
213,1574590192.050598,192.168.1.4,192.168.1.5,2172238719,1792113133,2266,1,183441
214,1574590192.050992,192.168.1.4,192.168.1.5,1503236396,3702751932,2266,1,185707
215,1574590192.051251,192.168.1.4,192.168.1.5,277952896,1384530108,79,1,185786
216,1574590192.051316,192.168.1.4,192.168.1.5,277952975,1384530108,79,1,185865
217,1574590192.052064,192.168.1.5,192.168.1.4,3702751932,1503238662,74,0,185791
218,1574590192.052155,192.168.1.4,192.168.1.5,4283987900,2421201498,2266,1,188057
219,1574590192.052394,192.168.1.4,192.168.1.5,1503238662,3702752006,79,1,188136
220,1574590192.052459,192.168.1.4,192.168.1.5,1503238741,3702752006,79,1,188215
221,1574590192.053666,192.168.1.5,192.168.1.4,2421201498,4283990166,74,0,188141
222,1574590192.053842,192.168.1.5,192.168.1.4,2421201572,4283990166,257,0,187884
223,1574590192.054227,192.168.1.5,192.168.1.4,3702752006,1503238820,237,0,187647
224,1574590192.054793,192.168.1.4,192.168.1.5,4283990166,2421201829,79,1,187726
225,1574590192.054809,192.168.1.4,192.168.1.5,4283990245,2421201829,79,1,187805
226,1574590192.055236,192.168.1.4,192.168.1.5,3338428578,896271985,79,1,187884
227,1574590192.056573,192.168.1.4,192.168.1.5,3338428657,896271985,79,1,187963
228,1574590192.066237,192.168.1.5,192.168.1.4,1792113133,2172240985,74,0,187889
229,1574590192.066405,192.168.1.5,192.168.1.4,1792113207,2172240985,257,0,187632
230,1574590192.066786,192.168.1.4,192.168.1.5,2172240985,1792113464,79,1,187711
231,1574590192.066869,192.168.1.4,192.168.1.5,2172241064,1792113464,79,1,187790
232,1574590192.068167,192.168.1.4,192.168.1.5,2439183799,4109162398,2070,1,189860
233,1574590192.068852,192.168.1.4,192.168.1.5,1749220195,415321118,2070,1,191930
234,1574590192.082244,192.168.1.4,192.168.1.5,4294688161,3883443293,8906,1,200836
235,1574590192.083013,192.168.1.5,192.168.1.4,3883443293,4294697067,61,0,200775
236,1574590192.110252,192.168.1.4,192.168.1.5,2439185869,4109162398,2723,1,203498
237,1574590192.110298,192.168.1.4,192.168.1.5,1749222265,415321118,2723,1,206221
238,1574590192.140094,192.168.1.5,192.168.1.4,415321118,1749224988,86,0,206135
239,1574590192.141383,192.168.1.5,192.168.1.4,4109162398,2439188592,86,0,206049
240,1574590192.141743,192.168.1.5,192.168.1.4,4109162484,2439188592,24,0,206025
241,1574590192.142056,192.168.1.5,192.168.1.4,415321204,1749224988,108,0,205917
242,1574590192.142106,192.168.1.4,192.168.1.5,2439188592,4109162508,24,1,205941
243,1574590192.142795,192.168.1.5,192.168.1.4,2421201829,4283990324,24,0,205917
244,1574590192.142983,192.168.1.5,192.168.1.4,1384530108,277953054,24,0,205893
245,1574590192.143299,192.168.1.5,192.168.1.4,896271985,3338428736,24,0,205869
246,1574590192.143481,192.168.1.5,192.168.1.4,1792113464,2172241143,24,0,205845
247,1574590192.16955,192.168.1.5,192.168.1.4,415321312,1749224988,351,0,205494
248,1574590192.169801,192.168.1.5,192.168.1.4,415321663,1749224988,161,0,205333
249,1574590192.170019,192.168.1.5,192.168.1.4,415321824,1749224988,158,0,205175
250,1574590192.170231,192.168.1.5,192.168.1.4,415321982,1749224988,160,0,205015
251,1574590192.170476,192.168.1.5,192.168.1.4,415322142,1749224988,159,0,204856
252,1574590192.170692,192.168.1.5,192.168.1.4,415322301,1749224988,158,0,204698
253,1574590192.174081,192.168.1.4,192.168.1.5,1749224988,415322459,586,1,205284
254,1574590192.178739,192.168.1.5,192.168.1.4,415322459,1749225574,53,0,205231
255,1574590192.179275,192.168.1.4,192.168.1.5,1749225574,415322512,53,1,205284
256,1574590192.220915,192.168.1.5,192.168.1.4,1039146820,2810165733,343,0,204941
257,1574590192.222207,192.168.1.4,192.168.1.5,1749225627,415322512,8688,1,213629
258,1574590192.222375,192.168.1.4,192.168.1.5,1749234315,415322512,5792,1,219421
259,1574590192.222409,192.168.1.4,192.168.1.5,1749240107,415322512,1926,1,221347
260,1574590192.22257,192.168.1.4,192.168.1.5,1749242033,415322512,7240,1,228587
261,1574590192.222909,192.168.1.4,192.168.1.5,1749249273,415322512,6591,1,235178
262,1574590192.22295,192.168.1.4,192.168.1.5,2810165733,1039147163,99,1,235277
263,1574590192.223292,192.168.1.5,192.168.1.4,1039147163,2810165832,382,0,234895
264,1574590192.230825,192.168.1.5,192.168.1.4,415322512,1749255864,61,0,234834
265,1574590192.235835,192.168.1.5,192.168.1.4,764831127,3300022156,343,0,234491
266,1574590192.238855,192.168.1.4,192.168.1.5,2810165832,1039147545,2266,1,236757
267,1574590192.239613,192.168.1.4,192.168.1.5,3300022156,764831470,99,1,236856
268,1574590192.240164,192.168.1.5,192.168.1.4,1039147545,2810168098,74,0,236782
269,1574590192.240452,192.168.1.5,192.168.1.4,1039147619,2810168098,255,0,236527
270,1574590192.240845,192.168.1.5,192.168.1.4,764831470,3300022255,382,0,236145
271,1574590192.240988,192.168.1.4,192.168.1.5,1749255864,415322573,2070,1,238215
272,1574590192.24223,192.168.1.4,192.168.1.5,2810168098,1039147874,79,1,238294
273,1574590192.24238,192.168.1.4,192.168.1.5,2810168177,1039147874,79,1,238373
274,1574590192.259891,192.168.1.4,192.168.1.5,3300022255,764831852,2266,1,240639
275,1574590192.260552,192.168.1.4,192.168.1.5,1749257934,415322573,16406,1,257045
276,1574590192.260964,192.168.1.4,192.168.1.5,1749274340,415322573,16406,1,273451
277,1574590192.261024,192.168.1.4,192.168.1.5,1749290746,415322573,656,1,274107
278,1574590192.263542,192.168.1.5,192.168.1.4,764831852,3300024521,74,0,274033
279,1574590192.263922,192.168.1.5,192.168.1.4,764831926,3300024521,265,0,273768
280,1574590192.264487,192.168.1.4,192.168.1.5,3300024521,764832191,79,1,273847
281,1574590192.264667,192.168.1.4,192.168.1.5,3300024600,764832191,79,1,273926
282,1574590192.278261,192.168.1.4,192.168.1.5,1749291402,415322573,16406,1,290332
283,1574590192.278452,192.168.1.4,192.168.1.5,1749307808,415322573,10136,1,300468
284,1574590192.2786,192.168.1.4,192.168.1.5,1749317944,415322573,8186,1,308654
285,1574590192.291508,192.168.1.4,192.168.1.5,1749326130,415322573,16406,1,325060
286,1574590192.292092,192.168.1.4,192.168.1.5,1749342536,415322573,16406,1,341466
287,1574590192.292144,192.168.1.4,192.168.1.5,1749358942,415322573,656,1,342122
288,1574590192.304983,192.168.1.4,192.168.1.5,1749359598,415322573,13032,1,355154
289,1574590192.305085,192.168.1.4,192.168.1.5,1749372630,415322573,3374,1,358528
290,1574590192.305113,192.168.1.4,192.168.1.5,1749376004,415322573,11584,1,370112
291,1574590192.305206,192.168.1.4,192.168.1.5,1749387588,415322573,6738,1,376850
292,1574590192.306812,192.168.1.5,192.168.1.4,2104615970,3112146332,343,0,376507
293,1574590192.307555,192.168.1.4,192.168.1.5,3112146332,2104616313,99,1,376606
294,1574590192.307826,192.168.1.5,192.168.1.4,2104616313,3112146431,382,0,376224
295,1574590192.317146,192.168.1.4,192.168.1.5,3112146431,2104616695,2266,1,378490
296,1574590192.318127,192.168.1.5,192.168.1.4,2104616695,3112148697,74,0,378416
297,1574590192.318384,192.168.1.4,192.168.1.5,3112148697,2104616769,79,1,378495
298,1574590192.322437,192.168.1.5,192.168.1.4,2104616769,3112148776,265,0,378230
299,1574590192.322547,192.168.1.4,192.168.1.5,3112148776,2104616769,79,1,378309
300,1574590192.323744,192.168.1.5,192.168.1.4,3725982426,3671185808,343,0,377966
301,1574590192.324294,192.168.1.4,192.168.1.5,3671185808,3725982769,99,1,378065
302,1574590192.324554,192.168.1.5,192.168.1.4,3725982769,3671185907,382,0,377683
303,1574590192.334035,192.168.1.4,192.168.1.5,3671185907,3725983151,2266,1,379949
304,1574590192.334974,192.168.1.5,192.168.1.4,3725983151,3671188173,74,0,379875
305,1574590192.335081,192.168.1.5,192.168.1.4,3725983225,3671188173,265,0,379610
306,1574590192.335298,192.168.1.4,192.168.1.5,3671188173,3725983490,79,1,379689
307,1574590192.335361,192.168.1.4,192.168.1.5,3671188252,3725983490,79,1,379768
308,1574590192.339458,192.168.1.5,192.168.1.4,3639593982,1737612733,343,0,379425
309,1574590192.339901,192.168.1.4,192.168.1.5,1737612733,3639594325,99,1,379524
310,1574590192.340198,192.168.1.5,192.168.1.4,3639594325,1737612832,382,0,379142
311,1574590192.341162,192.168.1.5,192.168.1.4,2815217404,328615726,343,0,378799
312,1574590192.349882,192.168.1.4,192.168.1.5,1737612832,3639594707,2266,1,381065
313,1574590192.350352,192.168.1.4,192.168.1.5,1749394326,415322573,11584,1,392649
314,1574590192.351069,192.168.1.4,192.168.1.5,1749405910,415322573,4408,1,397057
315,1574590192.351112,192.168.1.4,192.168.1.5,328615726,2815217747,99,1,397156
316,1574590192.351443,192.168.1.5,192.168.1.4,3639594707,1737615098,74,0,397082
317,1574590192.351662,192.168.1.5,192.168.1.4,3639594781,1737615098,265,0,396817
318,1574590192.351739,192.168.1.4,192.168.1.5,1737615098,3639594781,79,1,396896
319,1574590192.351846,192.168.1.4,192.168.1.5,1737615177,3639595046,79,1,396975
320,1574590192.352046,192.168.1.5,192.168.1.4,2815217747,328615825,382,0,396593
321,1574590192.357661,192.168.1.5,192.168.1.4,1607932592,1912246061,343,0,396250
322,1574590192.358612,192.168.1.4,192.168.1.5,1912246061,1607932935,99,1,396349
323,1574590192.359,192.168.1.5,192.168.1.4,1607932935,1912246160,382,0,395967
324,1574590192.363536,192.168.1.4,192.168.1.5,328615825,2815218129,2266,1,398233
325,1574590192.365268,192.168.1.5,192.168.1.4,2815218129,328618091,74,0,398159
326,1574590192.365695,192.168.1.5,192.168.1.4,2815218203,328618091,265,0,397894
327,1574590192.373573,192.168.1.4,192.168.1.5,1912246160,1607933317,2266,1,400160
328,1574590192.373751,192.168.1.4,192.168.1.5,328618091,2815218468,79,1,400239
329,1574590192.373893,192.168.1.4,192.168.1.5,328618170,2815218468,79,1,400318
330,1574590192.374765,192.168.1.5,192.168.1.4,1607933317,1912248426,74,0,400244
331,1574590192.374876,192.168.1.5,192.168.1.4,1607933391,1912248426,265,0,399979
332,1574590192.375093,192.168.1.4,192.168.1.5,1912248426,1607933656,79,1,400058
333,1574590192.375202,192.168.1.4,192.168.1.5,1912248505,1607933656,79,1,400137
334,1574590192.520229,192.168.1.5,192.168.1.4,2675596119,412726522,343,0,399794
335,1574590192.520814,192.168.1.4,192.168.1.5,412726522,2675596462,99,1,399893
336,1574590192.521056,192.168.1.5,192.168.1.4,2675596462,412726621,382,0,399511
337,1574590192.531182,192.168.1.4,192.168.1.5,412726621,2675596844,2266,1,401777
338,1574590192.532087,192.168.1.5,192.168.1.4,2675596844,412728887,74,0,401703
339,1574590192.532198,192.168.1.5,192.168.1.4,2675596918,412728887,241,0,401462
340,1574590192.532392,192.168.1.4,192.168.1.5,412728887,2675597159,79,1,401541
341,1574590192.533087,192.168.1.4,192.168.1.5,412728966,2675597159,79,1,401620
342,1574590192.533508,192.168.1.5,192.168.1.4,3009605758,1793333381,343,0,401277
343,1574590192.533832,192.168.1.4,192.168.1.5,1793333381,3009606101,99,1,401376
344,1574590192.534055,192.168.1.5,192.168.1.4,3009606101,1793333480,382,0,400994
345,1574590192.536012,192.168.1.5,192.168.1.4,681466954,280187398,343,0,400651
346,1574590192.537888,192.168.1.5,192.168.1.4,1886443503,1695911783,343,0,400308
347,1574590192.542373,192.168.1.4,192.168.1.5,280187398,681467297,99,1,400407
348,1574590192.542723,192.168.1.5,192.168.1.4,681467297,280187497,382,0,400025
349,1574590192.542799,192.168.1.4,192.168.1.5,1695911783,1886443846,99,1,400124
350,1574590192.543037,192.168.1.5,192.168.1.4,1886443846,1695911882,382,0,399742
351,1574590192.54448,192.168.1.5,192.168.1.4,1876165037,873345283,343,0,399399
352,1574590192.550827,192.168.1.4,192.168.1.5,873345283,1876165380,99,1,399498
353,1574590192.551188,192.168.1.5,192.168.1.4,1876165380,873345382,382,0,399116
354,1574590192.55731,192.168.1.4,192.168.1.5,1793333480,3009606483,2266,1,401382
355,1574590192.558244,192.168.1.5,192.168.1.4,3009606483,1793335746,74,0,401308
356,1574590192.558361,192.168.1.5,192.168.1.4,3009606557,1793335746,241,0,401067
357,1574590192.567076,192.168.1.4,192.168.1.5,280187497,681467679,2266,1,403333
358,1574590192.568146,192.168.1.5,192.168.1.4,681467679,280189763,74,0,403259
359,1574590192.568275,192.168.1.5,192.168.1.4,681467753,280189763,241,0,403018
360,1574590192.571998,192.168.1.4,192.168.1.5,1793335746,3009606798,79,1,403097
361,1574590192.572025,192.168.1.4,192.168.1.5,1793335825,3009606798,79,1,403176
362,1574590192.575086,192.168.1.4,192.168.1.5,280189763,681467994,79,1,403255
363,1574590192.575112,192.168.1.4,192.168.1.5,280189842,681467994,79,1,403334
364,1574590192.57804,192.168.1.4,192.168.1.5,873345382,1876165762,2266,1,405600
365,1574590192.578916,192.168.1.4,192.168.1.5,1695911882,1886444228,2266,1,407866
366,1574590192.580077,192.168.1.5,192.168.1.4,1886444228,1695914148,74,0,407792
367,1574590192.58025,192.168.1.5,192.168.1.4,1886444302,1695914148,241,0,407551
368,1574590192.580556,192.168.1.4,192.168.1.5,1695914148,1886444543,79,1,407630
369,1574590192.580746,192.168.1.5,192.168.1.4,1876165762,873347648,74,0,407556
370,1574590192.580796,192.168.1.4,192.168.1.5,1695914227,1886444543,79,1,407635
371,1574590192.580977,192.168.1.5,192.168.1.4,1876165836,873347648,241,0,407394
372,1574590192.58171,192.168.1.4,192.168.1.5,873347648,1876166077,79,1,407473
373,1574590192.581726,192.168.1.4,192.168.1.5,873347727,1876166077,79,1,407552
374,1574590195.209322,192.168.1.5,192.168.1.4,631270971,2398406736,343,0,407209
375,1574590195.210293,192.168.1.4,192.168.1.5,2398406736,631271314,99,1,407308
376,1574590195.210695,192.168.1.5,192.168.1.4,631271314,2398406835,382,0,406926
377,1574590195.227092,192.168.1.4,192.168.1.5,2398406835,631271696,2266,1,409192
378,1574590195.228147,192.168.1.5,192.168.1.4,631271696,2398409101,74,0,409118
379,1574590195.2283,192.168.1.5,192.168.1.4,631271770,2398409101,237,0,408881
380,1574590195.228689,192.168.1.4,192.168.1.5,2398409101,631272007,79,1,408960
381,1574590195.238462,192.168.1.4,192.168.1.5,2398409180,631272007,79,1,409039
382,1574590198.271141,192.168.1.4,192.168.1.5,277953054,1384530132,91,1,409130
383,1574590198.271287,192.168.1.4,192.168.1.5,277953145,1384530132,24,1,409154
384,1574590199.199013,192.168.1.4,192.168.1.5,952094843,3157758244,91,1,409245
385,1574590199.199772,192.168.1.5,192.168.1.4,3157758244,952094934,539,0,408706
386,1574590199.272311,192.168.1.4,192.168.1.5,952094934,3157758783,2070,1,410776
387,1574590199.314526,192.168.1.4,192.168.1.5,952097004,3157758783,1889,1,412665
388,1574590199.317968,192.168.1.5,192.168.1.4,3157758783,952098893,86,0,412579
389,1574590199.318481,192.168.1.5,192.168.1.4,3157758869,952098893,108,0,412471
390,1574590199.318694,192.168.1.5,192.168.1.4,741602266,3800877207,24,0,412447
391,1574590199.318962,192.168.1.5,192.168.1.4,3881227574,3650578351,24,0,412423
392,1574590199.319694,192.168.1.5,192.168.1.4,3157758977,952098893,266,0,412157
393,1574590199.319871,192.168.1.5,192.168.1.4,3157759243,952098893,110,0,412047
394,1574590199.320207,192.168.1.5,192.168.1.4,3157759353,952098893,108,0,411939
395,1574590199.351436,192.168.1.4,192.168.1.5,952098893,3157759461,617,1,412556
396,1574590199.352181,192.168.1.5,192.168.1.4,3157759461,952099510,53,0,412503
397,1574590199.356695,192.168.1.4,192.168.1.5,952099510,3157759514,1863,1,414366
398,1574590199.392796,192.168.1.4,192.168.1.5,952101373,3157759514,14480,1,428846
399,1574590199.393375,192.168.1.4,192.168.1.5,952115853,3157759514,11584,1,440430
400,1574590199.394023,192.168.1.4,192.168.1.5,952127437,3157759514,7246,1,447676
401,1574590199.413957,192.168.1.4,192.168.1.5,952134683,3157759514,16406,1,464082
402,1574590199.414301,192.168.1.4,192.168.1.5,952151089,3157759514,16406,1,480488
403,1574590199.417035,192.168.1.4,192.168.1.5,952167495,3157759514,656,1,481144
404,1574590199.41901,192.168.1.5,192.168.1.4,3157759514,952168151,61,0,481083
405,1574590199.419549,192.168.1.4,192.168.1.5,952168151,3157759575,3875,1,484958
406,1574590200.585449,192.168.1.4,192.168.1.5,3451240346,4089224980,91,1,485049
407,1574590200.585857,192.168.1.4,192.168.1.5,2810168256,1039147874,91,1,485140
408,1574590200.586091,192.168.1.4,192.168.1.5,3650578351,3881227598,91,1,485231
409,1574590200.586465,192.168.1.4,192.168.1.5,1737615256,3639595046,91,1,485322
410,1574590200.586583,192.168.1.4,192.168.1.5,3338428736,896272009,91,1,485413
411,1574590200.587143,192.168.1.4,192.168.1.5,3112148855,2104617034,91,1,485504
412,1574590200.587554,192.168.1.4,192.168.1.5,4283990324,2421201853,91,1,485595
413,1574590200.587578,192.168.1.4,192.168.1.5,4283990415,2421201853,24,1,485619
414,1574590200.589801,192.168.1.4,192.168.1.5,3800877207,741602290,91,1,485710
415,1574590200.590743,192.168.1.4,192.168.1.5,3800877298,741602290,24,1,485734
416,1574590200.590755,192.168.1.4,192.168.1.5,3671188331,3725983490,91,1,485825
417,1574590200.590988,192.168.1.4,192.168.1.5,1503238820,3702752243,91,1,485916
418,1574590200.591126,192.168.1.4,192.168.1.5,3300024679,764832191,91,1,486007
419,1574590200.591284,192.168.1.4,192.168.1.5,3338428827,896272009,24,1,486031
420,1574590200.591521,192.168.1.4,192.168.1.5,3650578442,3881227598,24,1,486055
421,1574590200.591593,192.168.1.5,192.168.1.4,4089224980,3451240437,539,0,485516
422,1574590200.593376,192.168.1.5,192.168.1.4,764832191,3300024770,539,0,484977
423,1574590200.593503,192.168.1.5,192.168.1.4,1039147874,2810168347,539,0,484438
424,1574590200.593834,192.168.1.5,192.168.1.4,3639595046,1737615347,539,0,483899
425,1574590200.595627,192.168.1.5,192.168.1.4,3702752243,1503238911,539,0,483360
426,1574590200.595759,192.168.1.5,192.168.1.4,2104617034,3112148946,539,0,482821
427,1574590200.600936,192.168.1.5,192.168.1.4,3725983490,3671188422,539,0,482282
428,1574590200.633084,192.168.1.4,192.168.1.5,3451240437,4089225519,2070,1,484352
429,1574590200.634152,192.168.1.4,192.168.1.5,1737615347,3639595585,2070,1,486422
430,1574590200.635829,192.168.1.4,192.168.1.5,3300024770,764832730,2070,1,488492
431,1574590200.636643,192.168.1.4,192.168.1.5,3112148946,2104617573,2070,1,490562
432,1574590200.637581,192.168.1.4,192.168.1.5,3671188422,3725984029,1440,1,492002
433,1574590200.640884,192.168.1.4,192.168.1.5,2810168347,1039148413,2070,1,494072
434,1574590200.641269,192.168.1.4,192.168.1.5,1503238911,3702752782,2070,1,496142
435,1574590200.674525,192.168.1.4,192.168.1.5,3451242507,4089225519,1755,1,497897
436,1574590200.674574,192.168.1.4,192.168.1.5,1737617417,3639595585,2739,1,500636
437,1574590200.678027,192.168.1.5,192.168.1.4,3639595585,1737620156,115,0,500521
438,1574590200.678154,192.168.1.4,192.168.1.5,3112151016,2104617573,2739,1,503260
439,1574590200.678329,192.168.1.4,192.168.1.5,3300026840,764832730,2739,1,505999
440,1574590200.678361,192.168.1.4,192.168.1.5,3671189862,3725984029,3369,1,509368
441,1574590200.680133,192.168.1.5,192.168.1.4,2104617573,3112153755,115,0,509253
442,1574590200.682157,192.168.1.4,192.168.1.5,1503240981,3702752782,1756,1,511009
443,1574590200.682208,192.168.1.4,192.168.1.5,2810170417,1039148413,1249,1,512258
444,1574590200.683044,192.168.1.5,192.168.1.4,764832730,3300029579,115,0,512143
445,1574590200.684376,192.168.1.5,192.168.1.4,3725984029,3671193231,115,0,512028
446,1574590200.68781,192.168.1.5,192.168.1.4,3639595700,1737620156,115,0,511913
447,1574590200.69228,192.168.1.5,192.168.1.4,2815218468,328618249,24,0,511889
448,1574590200.692531,192.168.1.5,192.168.1.4,1607933656,1912248584,24,0,511865
449,1574590200.693944,192.168.1.5,192.168.1.4,3725984144,3671193231,24,0,511841
450,1574590200.6942,192.168.1.5,192.168.1.4,764832845,3300029579,24,0,511817
451,1574590200.694452,192.168.1.5,192.168.1.4,2104617688,3112153755,24,0,511793
452,1574590200.694499,192.168.1.4,192.168.1.5,3300029579,764832869,24,1,511817
453,1574590200.695167,192.168.1.4,192.168.1.5,3112153755,2104617712,24,1,511841
454,1574590200.696003,192.168.1.4,192.168.1.5,3671193231,3725984168,24,1,511865
455,1574590200.69978,192.168.1.5,192.168.1.4,4089225519,3451244262,86,0,511779
456,1574590200.70102,192.168.1.5,192.168.1.4,3702752782,1503242737,86,0,511693
457,1574590200.703386,192.168.1.5,192.168.1.4,1039148413,2810171666,86,0,511607
458,1574590200.70698,192.168.1.5,192.168.1.4,3639595815,1737620156,354,0,511253
459,1574590200.707231,192.168.1.5,192.168.1.4,3639596169,1737620156,178,0,511075
460,1574590200.707381,192.168.1.5,192.168.1.4,3639596347,1737620156,177,0,510898
461,1574590200.707613,192.168.1.5,192.168.1.4,3639596524,1737620156,177,0,510721
462,1574590200.707732,192.168.1.5,192.168.1.4,3639596701,1737620156,178,0,510543
463,1574590200.707868,192.168.1.5,192.168.1.4,3639596879,1737620156,177,0,510366
464,1574590200.708137,192.168.1.5,192.168.1.4,4089225605,3451244262,108,0,510258
465,1574590200.708372,192.168.1.5,192.168.1.4,2675597159,412729045,24,0,510234
466,1574590200.708581,192.168.1.5,192.168.1.4,3009606798,1793335904,24,0,510210
467,1574590200.708739,192.168.1.5,192.168.1.4,681467994,280189921,24,0,510186
468,1574590200.708896,192.168.1.5,192.168.1.4,1886444543,1695914306,24,0,510162
469,1574590200.709065,192.168.1.5,192.168.1.4,1876166077,873347806,24,0,510138
470,1574590200.710298,192.168.1.5,192.168.1.4,3702752868,1503242737,108,0,510030
471,1574590200.711572,192.168.1.5,192.168.1.4,1039148499,2810171666,108,0,509922
472,1574590200.713903,192.168.1.4,192.168.1.5,1737620156,3639597056,375,1,510297
473,1574590200.719837,192.168.1.5,192.168.1.4,4089225713,3451244262,381,0,509916
474,1574590200.720004,192.168.1.5,192.168.1.4,4089226094,3451244262,115,0,509801
475,1574590200.72013,192.168.1.5,192.168.1.4,4089226209,3451244262,158,0,509643
476,1574590200.720249,192.168.1.5,192.168.1.4,4089226367,3451244262,110,0,509533
477,1574590200.720405,192.168.1.5,192.168.1.4,4089226477,3451244262,118,0,509415
478,1574590200.720547,192.168.1.5,192.168.1.4,4089226595,3451244262,109,0,509306
479,1574590200.720706,192.168.1.5,192.168.1.4,4089226704,3451244262,109,0,509197
480,1574590200.720831,192.168.1.5,192.168.1.4,4089226813,3451244262,107,0,509090
481,1574590200.720933,192.168.1.5,192.168.1.4,4089226920,3451244262,109,0,508981
482,1574590200.721232,192.168.1.5,192.168.1.4,3702752976,1503242737,266,0,508715
483,1574590200.721375,192.168.1.5,192.168.1.4,1039148607,2810171666,259,0,508456
484,1574590200.72157,192.168.1.5,192.168.1.4,3639597056,1737620531,60,0,508396
485,1574590200.723796,192.168.1.4,192.168.1.5,1737620531,3639597116,60,1,508456
486,1574590200.734193,192.168.1.4,192.168.1.5,1503242737,3702753242,586,1,509042
487,1574590200.734371,192.168.1.4,192.168.1.5,3451244262,4089227029,586,1,509628
488,1574590200.734804,192.168.1.5,192.168.1.4,3702753242,1503243323,53,0,509575
489,1574590200.734944,192.168.1.5,192.168.1.4,4089227029,3451244848,53,0,509522
490,1574590200.765004,192.168.1.4,192.168.1.5,2810171666,1039148866,617,1,510139
491,1574590200.76504,192.168.1.4,192.168.1.5,1503243323,3702753295,53,1,510192
492,1574590200.765538,192.168.1.4,192.168.1.5,3451244848,4089227082,2070,1,512262
493,1574590200.768868,192.168.1.4,192.168.1.5,1737620591,3639597116,2896,1,515158
494,1574590200.769602,192.168.1.4,192.168.1.5,1737623487,3639597116,5792,1,520950
495,1574590200.769794,192.168.1.4,192.168.1.5,1737629279,3639597116,5792,1,526742
496,1574590200.770124,192.168.1.4,192.168.1.5,1737635071,3639597116,1926,1,528668
497,1574590200.770509,192.168.1.4,192.168.1.5,1737636997,3639597116,1166,1,529834
498,1574590200.774388,192.168.1.5,192.168.1.4,1039148866,2810172283,53,0,529781
499,1574590200.775217,192.168.1.4,192.168.1.5,2810172283,1039148919,5792,1,535573
500,1574590200.775477,192.168.1.4,192.168.1.5,2810178075,1039148919,7432,1,543005
501,1574590200.80635,192.168.1.4,192.168.1.5,1503243376,3702753295,6451,1,549456
502,1574590200.806443,192.168.1.4,192.168.1.5,3451246918,4089227082,7240,1,556696
503,1574590200.806714,192.168.1.4,192.168.1.5,3451254158,4089227082,7240,1,563936
504,1574590200.806852,192.168.1.4,192.168.1.5,3451261398,4089227082,8688,1,572624
505,1574590200.806939,192.168.1.4,192.168.1.5,3451270086,4089227082,5792,1,578416
506,1574590200.806946,192.168.1.4,192.168.1.5,3451275878,4089227082,632,1,579048
507,1574590200.810372,192.168.1.4,192.168.1.5,1737638163,3639597116,15778,1,594826
508,1574590200.818418,192.168.1.4,192.168.1.5,2810185507,1039148919,12508,1,607334
509,1574590200.826194,192.168.1.4,192.168.1.5,1737653941,3639597116,16406,1,623740
510,1574590200.826296,192.168.1.4,192.168.1.5,1737670347,3639597116,11584,1,635324
511,1574590200.826353,192.168.1.4,192.168.1.5,1737681931,3639597116,4822,1,640146
512,1574590200.826426,192.168.1.4,192.168.1.5,1737686753,3639597116,2704,1,642850
513,1574590200.826535,192.168.1.4,192.168.1.5,1737689457,3639597116,1440,1,644290
514,1574590200.827478,192.168.1.4,192.168.1.5,1737690897,3639597116,5694,1,649984
515,1574590200.828295,192.168.1.4,192.168.1.5,1737696591,3639597116,8530,1,658514
516,1574590200.828441,192.168.1.4,192.168.1.5,1737705121,3639597116,2858,1,661372
517,1574590200.831452,192.168.1.4,192.168.1.5,3451276510,4089227082,14480,1,675852
518,1574590200.831627,192.168.1.4,192.168.1.5,3451290990,4089227082,1926,1,677778
519,1574590200.831669,192.168.1.4,192.168.1.5,3451292916,4089227082,16406,1,694184
520,1574590200.831716,192.168.1.4,192.168.1.5,3451309322,4089227082,5540,1,699724
521,1574590200.831865,192.168.1.4,192.168.1.5,1737707979,3639597116,7112,1,706836
522,1574590200.832145,192.168.1.4,192.168.1.5,3451314862,4089227082,1440,1,708276
523,1574590200.832264,192.168.1.4,192.168.1.5,1737715091,3639597116,1440,1,709716
524,1574590200.832445,192.168.1.4,192.168.1.5,3451316302,4089227082,2858,1,712574
525,1574590200.832523,192.168.1.4,192.168.1.5,1737716531,3639597116,2858,1,715432
526,1574590200.840288,192.168.1.4,192.168.1.5,3451319160,4089227082,5792,1,721224
527,1574590200.840878,192.168.1.4,192.168.1.5,3451324952,4089227082,5574,1,726798
528,1574590200.841242,192.168.1.4,192.168.1.5,3451330526,4089227082,2858,1,729656
529,1574590200.846975,192.168.1.5,192.168.1.4,3702753295,1503249827,61,0,729595
530,1574590200.848248,192.168.1.4,192.168.1.5,3451333384,4089227082,7112,1,736707
531,1574590200.851729,192.168.1.5,192.168.1.4,1039148919,2810198015,61,0,736646
532,1574590200.853833,192.168.1.5,192.168.1.4,4089227082,3451340496,61,0,736585
533,1574590200.855987,192.168.1.5,192.168.1.4,3639597116,1737719389,68,0,736517
534,1574590200.87144,192.168.1.4,192.168.1.5,3451340496,4089227143,2070,1,738587
535,1574590200.874473,192.168.1.4,192.168.1.5,1737719389,3639597184,2070,1,740657
536,1574590200.874541,192.168.1.4,192.168.1.5,1737721459,3639597184,16406,1,757063
537,1574590200.874663,192.168.1.4,192.168.1.5,1737737865,3639597184,10136,1,767199
538,1574590200.87471,192.168.1.4,192.168.1.5,1737748001,3639597184,2896,1,770095
539,1574590200.874913,192.168.1.4,192.168.1.5,1737750897,3639597184,6866,1,776961
540,1574590200.88592,192.168.1.5,192.168.1.4,1891556368,3739610747,343,0,776618
541,1574590200.886209,192.168.1.4,192.168.1.5,3739610747,1891556711,99,1,776717
542,1574590200.886702,192.168.1.5,192.168.1.4,1891556711,3739610846,382,0,776335
543,1574590200.895391,192.168.1.4,192.168.1.5,1737757763,3639597184,15928,1,792263
544,1574590200.89589,192.168.1.4,192.168.1.5,1737773691,3639597184,478,1,792741
545,1574590200.895938,192.168.1.4,192.168.1.5,3451342566,4089227143,14480,1,807221
546,1574590200.896128,192.168.1.4,192.168.1.5,3451357046,4089227143,1926,1,809147
547,1574590200.896169,192.168.1.4,192.168.1.5,3451358972,4089227143,16406,1,825553
548,1574590200.896231,192.168.1.4,192.168.1.5,3451375378,4089227143,4910,1,830463
549,1574590200.896263,192.168.1.4,192.168.1.5,1737774169,3639597184,16406,1,846869
550,1574590200.896406,192.168.1.4,192.168.1.5,1737790575,3639597184,1916,1,848785
551,1574590200.901802,192.168.1.4,192.168.1.5,3739610846,1891557093,2266,1,851051
552,1574590200.902879,192.168.1.5,192.168.1.4,1891557093,3739613112,74,0,850977
553,1574590200.90302,192.168.1.5,192.168.1.4,1891557167,3739613112,255,0,850722
554,1574590200.903296,192.168.1.4,192.168.1.5,3739613112,1891557422,79,1,850801
555,1574590200.904671,192.168.1.4,192.168.1.5,3739613191,1891557422,79,1,850880
556,1574590200.933008,192.168.1.4,192.168.1.5,1737792491,3639597184,16406,1,867286
557,1574590200.933298,192.168.1.4,192.168.1.5,1737808897,3639597184,14480,1,881766
558,1574590200.933432,192.168.1.4,192.168.1.5,1737823377,3639597184,1926,1,883692
559,1574590200.93346,192.168.1.4,192.168.1.5,1737825303,3639597184,1286,1,884978
560,1574590200.938273,192.168.1.4,192.168.1.5,3451380288,4089227143,16406,1,901384
561,1574590200.938329,192.168.1.4,192.168.1.5,3451396694,4089227143,4908,1,906292
562,1574590200.974459,192.168.1.4,192.168.1.5,1737826589,3639597184,13572,1,919864
563,1574590200.992639,192.168.1.4,192.168.1.5,1737840161,3639597184,1440,1,921304
564,1574590200.993821,192.168.1.4,192.168.1.5,3451401602,4089227143,1440,1,922744
565,1574590200.993851,192.168.1.4,192.168.1.5,1737841601,3639597184,1440,1,924184
566,1574590200.999343,192.168.1.4,192.168.1.5,3451403042,4089227143,14480,1,938664
567,1574590201.002074,192.168.1.4,192.168.1.5,3451417522,4089227143,1926,1,940590
568,1574590201.002147,192.168.1.4,192.168.1.5,3451419448,4089227143,6326,1,946916
569,1574590201.002385,192.168.1.4,192.168.1.5,1737843041,3639597184,5792,1,952708
570,1574590201.002543,192.168.1.4,192.168.1.5,1737848833,3639597184,10614,1,963322
571,1574590201.002742,192.168.1.4,192.168.1.5,1737859447,3639597184,11584,1,974906
572,1574590201.002941,192.168.1.4,192.168.1.5,1737871031,3639597184,4822,1,979728
573,1574590201.002984,192.168.1.4,192.168.1.5,1737875853,3639597184,16406,1,996134
574,1574590201.003199,192.168.1.4,192.168.1.5,1737892259,3639597184,13262,1,1009396
575,1574590201.00626,192.168.1.4,192.168.1.5,328618249,2815218492,91,1,1009487
576,1574590201.006653,192.168.1.4,192.168.1.5,328618340,2815218492,24,1,1009511
577,1574590201.007087,192.168.1.4,192.168.1.5,3451425774,4089227143,12784,1,1022295
578,1574590201.01057,192.168.1.4,192.168.1.5,3451438558,4089227143,2858,1,1025153
579,1574590201.015726,192.168.1.4,192.168.1.5,3451441416,4089227143,1440,1,1026593
580,1574590201.023995,192.168.1.4,192.168.1.5,1737905521,3639597184,5694,1,1032287
581,1574590201.025596,192.168.1.4,192.168.1.5,1737911215,3639597184,4276,1,1036563
582,1574590201.026086,192.168.1.4,192.168.1.5,1737915491,3639597184,1440,1,1038003
583,1574590201.027371,192.168.1.4,192.168.1.5,1737916931,3639597184,2858,1,1040861
584,1574590201.036293,192.168.1.4,192.168.1.5,1737919789,3639597184,15928,1,1056789
585,1574590201.036657,192.168.1.4,192.168.1.5,1737935717,3639597184,478,1,1057267
586,1574590201.036672,192.168.1.4,192.168.1.5,1737936195,3639597184,3518,1,1060785
587,1574590201.036842,192.168.1.4,192.168.1.5,1737939713,3639597184,16406,1,1077191
588,1574590201.036881,192.168.1.4,192.168.1.5,1737956119,3639597184,626,1,1077817
589,1574590201.044285,192.168.1.4,192.168.1.5,1737956745,3639597184,12784,1,1090601
590,1574590201.044569,192.168.1.4,192.168.1.5,1737969529,3639597184,1440,1,1092041
591,1574590201.04517,192.168.1.4,192.168.1.5,1737970969,3639597184,2858,1,1094899
592,1574590201.045882,192.168.1.4,192.168.1.5,1737973827,3639597184,4276,1,1099175
593,1574590201.048844,192.168.1.4,192.168.1.5,1737978103,3639597184,14202,1,1113377
594,1574590201.051766,192.168.1.4,192.168.1.5,1737992305,3639597184,11366,1,1124743
595,1574590201.052405,192.168.1.4,192.168.1.5,1738003671,3639597184,2858,1,1127601
596,1574590201.053932,192.168.1.4,192.168.1.5,1738006529,3639597184,5694,1,1133295
597,1574590201.06009,192.168.1.4,192.168.1.5,1738012223,3639597184,7112,1,1140407
598,1574590201.061527,192.168.1.4,192.168.1.5,3451442856,4089227143,5520,1,1145927
599,1574590201.061587,192.168.1.4,192.168.1.5,1738019335,3639597184,16406,1,1162333
600,1574590201.061665,192.168.1.4,192.168.1.5,1738035741,3639597184,654,1,1162987
601,1574590201.067859,192.168.1.4,192.168.1.5,1738036395,3639597184,15620,1,1178607
602,1574590201.136929,192.168.1.4,192.168.1.5,1738052015,3639597184,4276,1,1182883
603,1574590201.138019,192.168.1.4,192.168.1.5,1738056291,3639597184,15928,1,1198811
604,1574590201.13818,192.168.1.4,192.168.1.5,1738072219,3639597184,478,1,1199289
605,1574590201.138221,192.168.1.4,192.168.1.5,1738072697,3639597184,15928,1,1215217
606,1574590201.138433,192.168.1.4,192.168.1.5,1738088625,3639597184,478,1,1215695
607,1574590201.13845,192.168.1.4,192.168.1.5,1738089103,3639597184,16406,1,1232101
608,1574590201.138737,192.168.1.4,192.168.1.5,1738105509,3639597184,15928,1,1248029
609,1574590201.13972,192.168.1.4,192.168.1.5,1738121437,3639597184,478,1,1248507
610,1574590201.139748,192.168.1.4,192.168.1.5,1738121915,3639597184,16406,1,1264913
611,1574590201.139823,192.168.1.4,192.168.1.5,1738138321,3639597184,16406,1,1281319
612,1574590201.139979,192.168.1.4,192.168.1.5,1738154727,3639597184,21720,1,1303039
613,1574590201.140162,192.168.1.4,192.168.1.5,1738176447,3639597184,11092,1,1314131
614,1574590201.140207,192.168.1.4,192.168.1.5,1738187539,3639597184,16406,1,1330537
615,1574590201.140293,192.168.1.4,192.168.1.5,1738203945,3639597184,5710,1,1336247
616,1574590201.154667,192.168.1.4,192.168.1.5,1738209655,3639597184,14202,1,1350449
617,1574590201.160466,192.168.1.4,192.168.1.5,1738223857,3639597184,4276,1,1354725
618,1574590201.161096,192.168.1.4,192.168.1.5,1738228133,3639597184,5694,1,1360419
619,1574590201.16195,192.168.1.4,192.168.1.5,1738233827,3639597184,4118,1,1364537
620,1574590201.189556,192.168.1.5,192.168.1.4,4089227143,3451448376,109,0,1364428
621,1574590201.202381,192.168.1.4,192.168.1.5,1738237945,3639597184,16406,1,1380834
622,1574590201.202501,192.168.1.4,192.168.1.5,1738254351,3639597184,10738,1,1391572
623,1574590201.246283,192.168.1.4,192.168.1.5,1738265089,3639597184,1440,1,1393012
624,1574590201.311575,192.168.1.4,192.168.1.5,1738266529,3639597184,5792,1,1398804
625,1574590201.31174,192.168.1.4,192.168.1.5,1738272321,3639597184,5792,1,1404596
626,1574590201.312048,192.168.1.4,192.168.1.5,1738278113,3639597184,4822,1,1409418
627,1574590201.31209,192.168.1.4,192.168.1.5,1738282935,3639597184,16406,1,1425824
628,1574590201.312323,192.168.1.4,192.168.1.5,1738299341,3639597184,11260,1,1437084
629,1574590201.354438,192.168.1.4,192.168.1.5,1738310601,3639597184,16406,1,1453490
630,1574590201.354574,192.168.1.4,192.168.1.5,1738327007,3639597184,16406,1,1469896
631,1574590201.35475,192.168.1.4,192.168.1.5,1738343413,3639597184,4344,1,1474240
632,1574590201.354779,192.168.1.4,192.168.1.5,1738347757,3639597184,3984,1,1478224
633,1574590201.377223,192.168.1.4,192.168.1.5,1738351741,3639597184,16406,1,1494630
634,1574590201.377431,192.168.1.4,192.168.1.5,1738368147,3639597184,8688,1,1503318
635,1574590201.377544,192.168.1.4,192.168.1.5,1738376835,3639597184,5792,1,1509110
636,1574590201.377637,192.168.1.4,192.168.1.5,1738382627,3639597184,1926,1,1511036
637,1574590201.377847,192.168.1.4,192.168.1.5,1738384553,3639597184,16406,1,1527442
638,1574590201.377963,192.168.1.4,192.168.1.5,1738400959,3639597184,16406,1,1543848
639,1574590201.378119,192.168.1.4,192.168.1.5,1738417365,3639597184,16406,1,1560254
640,1574590201.378231,192.168.1.4,192.168.1.5,1738433771,3639597184,5792,1,1566046
641,1574590201.378458,192.168.1.4,192.168.1.5,1738439563,3639597184,15928,1,1581974
642,1574590201.378773,192.168.1.4,192.168.1.5,1738455491,3639597184,11092,1,1593066
643,1574590201.378846,192.168.1.4,192.168.1.5,1738466583,3639597184,16406,1,1609472
644,1574590201.378891,192.168.1.4,192.168.1.5,1738482989,3639597184,14480,1,1623952
645,1574590201.379065,192.168.1.4,192.168.1.5,1738497469,3639597184,1926,1,1625878
646,1574590201.379304,192.168.1.4,192.168.1.5,1738499395,3639597184,8688,1,1634566
647,1574590201.379381,192.168.1.4,192.168.1.5,1738508083,3639597184,7718,1,1642284
648,1574590201.379501,192.168.1.4,192.168.1.5,1738515801,3639597184,11584,1,1653868
649,1574590201.379603,192.168.1.4,192.168.1.5,1738527385,3639597184,4822,1,1658690
650,1574590201.379632,192.168.1.4,192.168.1.5,1738532207,3639597184,10136,1,1668826
651,1574590201.379724,192.168.1.4,192.168.1.5,1738542343,3639597184,6270,1,1675096
652,1574590201.379839,192.168.1.4,192.168.1.5,1738548613,3639597184,15928,1,1691024
653,1574590201.379924,192.168.1.4,192.168.1.5,1738564541,3639597184,478,1,1691502
654,1574590201.379958,192.168.1.4,192.168.1.5,1738565019,3639597184,5792,1,1697294
655,1574590201.38202,192.168.1.4,192.168.1.5,1738570811,3639597184,14480,1,1711774
656,1574590201.382175,192.168.1.4,192.168.1.5,1738585291,3639597184,34752,1,1746526
657,1574590201.382432,192.168.1.4,192.168.1.5,1738620043,3639597184,17376,1,1763902
658,1574590201.38258,192.168.1.4,192.168.1.5,1738637419,3639597184,34752,1,1798654
659,1574590201.382695,192.168.1.4,192.168.1.5,1738672171,3639597184,17376,1,1816030
660,1574590201.382898,192.168.1.4,192.168.1.5,1738689547,3639597184,6720,1,1822750
661,1574590201.383081,192.168.1.4,192.168.1.5,1738696267,3639597184,16406,1,1839156
662,1574590201.383291,192.168.1.4,192.168.1.5,1738712673,3639597184,16406,1,1855562
663,1574590201.383438,192.168.1.4,192.168.1.5,1738729079,3639597184,16406,1,1871968
664,1574590201.383529,192.168.1.4,192.168.1.5,1738745485,3639597184,16406,1,1888374
665,1574590201.383637,192.168.1.4,192.168.1.5,1738761891,3639597184,2896,1,1891270
666,1574590201.383831,192.168.1.4,192.168.1.5,1738764787,3639597184,15928,1,1907198
667,1574590201.383956,192.168.1.4,192.168.1.5,1738780715,3639597184,13988,1,1921186
668,1574590201.384039,192.168.1.4,192.168.1.5,1738794703,3639597184,32812,1,1953998
669,1574590201.384536,192.168.1.4,192.168.1.5,1738827515,3639597184,11584,1,1965582
670,1574590201.389759,192.168.1.4,192.168.1.5,1738839099,3639597184,13032,1,1978614
671,1574590201.389919,192.168.1.4,192.168.1.5,1738852131,3639597184,49232,1,2027846
672,1574590201.390197,192.168.1.4,192.168.1.5,1738901363,3639597184,15644,1,2043490
673,1574590201.390428,192.168.1.4,192.168.1.5,1738917007,3639597184,2858,1,2046348
674,1574590201.391103,192.168.1.4,192.168.1.5,1738919865,3639597184,1440,1,2047788
675,1574590201.391324,192.168.1.4,192.168.1.5,1738921305,3639597184,1440,1,2049228
676,1574590201.392177,192.168.1.4,192.168.1.5,1738922745,3639597184,2070,1,2051298
677,1574590201.418296,192.168.1.4,192.168.1.5,1738924815,3639597184,16406,1,2067704
678,1574590201.418434,192.168.1.4,192.168.1.5,1738941221,3639597184,16406,1,2084110
679,1574590201.418513,192.168.1.4,192.168.1.5,1738957627,3639597184,16406,1,2100516
680,1574590201.418545,192.168.1.4,192.168.1.5,1738974033,3639597184,13032,1,2113548
681,1574590201.418594,192.168.1.4,192.168.1.5,1738987065,3639597184,10988,1,2124536
682,1574590201.418873,192.168.1.4,192.168.1.5,1738998053,3639597184,2858,1,2127394
683,1574590201.45988,192.168.1.5,192.168.1.4,3639597184,1739000911,68,0,2127326
684,1574590201.46034,192.168.1.4,192.168.1.5,1739000911,3639597252,8833,1,2136159
685,1574590201.569419,192.168.1.4,192.168.1.5,3451448376,4089227252,151,1,2136310
686,1574590201.602975,192.168.1.4,192.168.1.5,3451448527,4089227252,5626,1,2141936
687,1574590201.60367,192.168.1.5,192.168.1.4,4089227252,3451454153,61,0,2141875
688,1574590201.875183,192.168.1.4,192.168.1.5,2172241143,1792113488,91,1,2141966
689,1574590201.875212,192.168.1.4,192.168.1.5,2172241234,1792113488,24,1,2141990
690,1574590201.875915,192.168.1.4,192.168.1.5,1912248584,1607933680,91,1,2142081
691,1574590201.87593,192.168.1.4,192.168.1.5,1912248675,1607933680,24,1,2142105
692,1574590207.663596,192.168.1.4,192.168.1.5,412729045,2675597183,91,1,2142196
693,1574590207.663756,192.168.1.4,192.168.1.5,412729136,2675597183,24,1,2142220
694,1574590208.114023,192.168.1.4,192.168.1.5,1793335904,3009606822,91,1,2142311
695,1574590208.114049,192.168.1.4,192.168.1.5,1793335995,3009606822,24,1,2142335
696,1574590209.121602,192.168.1.4,192.168.1.5,1695914306,1886444567,91,1,2142426
697,1574590209.121824,192.168.1.4,192.168.1.5,2398409259,631272007,91,1,2142517
698,1574590209.121838,192.168.1.4,192.168.1.5,1695914397,1886444567,24,1,2142541
699,1574590209.123017,192.168.1.4,192.168.1.5,280189921,681468018,91,1,2142632
700,1574590209.123215,192.168.1.4,192.168.1.5,873347806,1876166101,91,1,2142723
701,1574590209.123538,192.168.1.4,192.168.1.5,280190012,681468018,24,1,2142747
702,1574590209.124306,192.168.1.4,192.168.1.5,873347897,1876166101,24,1,2142771
703,1574590209.125048,192.168.1.4,192.168.1.5,3739613270,1891557422,91,1,2142862
704,1574590209.125502,192.168.1.5,192.168.1.4,1891557422,3739613361,539,0,2142323
705,1574590209.125619,192.168.1.5,192.168.1.4,631272007,2398409350,539,0,2141784
706,1574590209.168691,192.168.1.4,192.168.1.5,2398409350,631272546,2070,1,2143854
707,1574590209.168722,192.168.1.4,192.168.1.5,3739613361,1891557961,2070,1,2145924
708,1574590209.206421,192.168.1.4,192.168.1.5,2398411420,631272546,1757,1,2147681
709,1574590209.206464,192.168.1.4,192.168.1.5,3739615431,1891557961,1249,1,2148930
710,1574590209.210078,192.168.1.5,192.168.1.4,631272546,2398413177,86,0,2148844
711,1574590209.220418,192.168.1.5,192.168.1.4,1891557961,3739616680,86,0,2148758
712,1574590209.220729,192.168.1.5,192.168.1.4,631272632,2398413177,108,0,2148650
713,1574590209.221207,192.168.1.5,192.168.1.4,1891558047,3739616680,108,0,2148542
714,1574590209.223058,192.168.1.5,192.168.1.4,631272740,2398413177,279,0,2148263
715,1574590209.223284,192.168.1.5,192.168.1.4,1891558155,3739616680,250,0,2148013
716,1574590209.248077,192.168.1.4,192.168.1.5,2398413177,631273019,586,1,2148599
717,1574590209.253112,192.168.1.4,192.168.1.5,3739616680,1891558405,617,1,2149216
718,1574590209.253499,192.168.1.5,192.168.1.4,631273019,2398413763,53,0,2149163
719,1574590209.253776,192.168.1.4,192.168.1.5,2398413763,631273072,53,1,2149216
720,1574590209.25396,192.168.1.5,192.168.1.4,1891558405,3739617297,53,0,2149163
721,1574590209.258057,192.168.1.4,192.168.1.5,3739617297,1891558458,401,1,2149564
722,1574590209.294393,192.168.1.4,192.168.1.5,2398413816,631273072,2880,1,2152444
723,1574590209.29574,192.168.1.5,192.168.1.4,631273072,2398416696,61,0,2152383
724,1574590209.298385,192.168.1.4,192.168.1.5,3739617698,1891558458,13032,1,2165415
725,1574590209.298594,192.168.1.4,192.168.1.5,3739630730,1891558458,4344,1,2169759
726,1574590209.299187,192.168.1.4,192.168.1.5,3739635074,1891558458,814,1,2170573
727,1574590209.313711,192.168.1.5,192.168.1.4,1891558458,3739635888,61,0,2170512
728,1574590209.38924,192.168.1.5,192.168.1.4,1891558519,3739635888,415,0,2170097
729,1574590209.391354,192.168.1.5,192.168.1.4,1891558934,3739635888,416,0,2169681
730,1574590209.424804,192.168.1.4,192.168.1.5,3739635888,1891559350,561,1,2170242
731,1574590209.426678,192.168.1.5,192.168.1.4,1891559350,3739636449,61,0,2170181
732,1574590209.427057,192.168.1.4,192.168.1.5,3739636449,1891559411,500,1,2170681
733,1574590209.456003,192.168.1.5,192.168.1.4,1172963333,3030769156,343,0,2170338
734,1574590209.456488,192.168.1.4,192.168.1.5,3030769156,1172963676,99,1,2170437
735,1574590209.456811,192.168.1.5,192.168.1.4,1172963676,3030769255,382,0,2170055
736,1574590209.466959,192.168.1.4,192.168.1.5,3030769255,1172964058,2266,1,2172321
737,1574590209.467851,192.168.1.5,192.168.1.4,1172964058,3030771521,74,0,2172247
738,1574590209.467963,192.168.1.5,192.168.1.4,1172964132,3030771521,253,0,2171994
739,1574590209.468142,192.168.1.4,192.168.1.5,3030771521,1172964385,79,1,2172073
740,1574590209.468737,192.168.1.4,192.168.1.5,3030771600,1172964385,79,1,2172152
741,1574590210.779272,192.168.1.4,192.168.1.5,3030771679,1172964385,91,1,2172243
742,1574590210.783135,192.168.1.5,192.168.1.4,1172964385,3030771770,539,0,2171704
743,1574590210.821885,192.168.1.4,192.168.1.5,3030771770,1172964924,1440,1,2173144
744,1574590210.866556,192.168.1.4,192.168.1.5,3030773210,1172964924,1439,1,2174583
745,1574590210.871605,192.168.1.5,192.168.1.4,1172964924,3030774649,86,0,2174497
746,1574590210.878513,192.168.1.5,192.168.1.4,1172965010,3030774649,108,0,2174389
747,1574590210.880101,192.168.1.5,192.168.1.4,1172965118,3030774649,375,0,2174014
748,1574590210.912452,192.168.1.4,192.168.1.5,3030774649,1172965493,586,1,2174600
749,1574590210.912919,192.168.1.5,192.168.1.4,1172965493,3030775235,53,0,2174547
750,1574590210.914731,192.168.1.4,192.168.1.5,3030775235,1172965546,53,1,2174600
751,1574590210.958197,192.168.1.4,192.168.1.5,3030775288,1172965546,534,1,2175134
752,1574590210.967377,192.168.1.5,192.168.1.4,1172965546,3030775822,61,0,2175073
753,1574590211.017214,192.168.1.5,192.168.1.4,1916118576,132631549,343,0,2174730
754,1574590211.017528,192.168.1.4,192.168.1.5,132631549,1916118919,99,1,2174829
755,1574590211.018026,192.168.1.5,192.168.1.4,1916118919,132631648,382,0,2174447
756,1574590211.028262,192.168.1.4,192.168.1.5,132631648,1916119301,2266,1,2176713
757,1574590211.029096,192.168.1.5,192.168.1.4,1916119301,132633914,74,0,2176639
758,1574590211.029244,192.168.1.5,192.168.1.4,1916119375,132633914,251,0,2176388
759,1574590211.029471,192.168.1.4,192.168.1.5,132633914,1916119626,79,1,2176467
760,1574590211.029533,192.168.1.4,192.168.1.5,132633993,1916119626,79,1,2176546
761,1574590211.24956,192.168.1.5,192.168.1.4,3639597252,1739009744,24,0,2176522
762,1574590211.250147,192.168.1.4,192.168.1.5,1739009744,3639597276,24,1,2176546
763,1574590211.251513,192.168.1.5,192.168.1.4,1039148980,2810198015,24,0,2176522
764,1574590211.251929,192.168.1.4,192.168.1.5,2810198015,1039149004,24,1,2176546
765,1574590211.252702,192.168.1.5,192.168.1.4,3694088156,3183008457,24,0,2176522
766,1574590211.252933,192.168.1.5,192.168.1.4,415322573,1749410318,24,0,2176498
767,1574590211.253007,192.168.1.4,192.168.1.5,3183008457,3694088180,24,1,2176522
768,1574590211.253468,192.168.1.4,192.168.1.5,1749410318,415322597,24,1,2176546
769,1574590211.254063,192.168.1.5,192.168.1.4,1891559411,3739636949,24,0,2176522
770,1574590211.254244,192.168.1.5,192.168.1.4,273974440,2258515126,24,0,2176498
771,1574590211.254394,192.168.1.5,192.168.1.4,3307361074,2757783944,24,0,2176474
772,1574590211.254511,192.168.1.5,192.168.1.4,3883443354,4294697067,24,0,2176450
773,1574590211.254677,192.168.1.5,192.168.1.4,4089227313,3451454153,24,0,2176426
774,1574590211.254849,192.168.1.5,192.168.1.4,3157759575,952172026,24,0,2176402
775,1574590211.254994,192.168.1.4,192.168.1.5,4294697067,3883443378,24,1,2176426
776,1574590211.255039,192.168.1.5,192.168.1.4,1172965607,3030775822,24,0,2176402
777,1574590211.255508,192.168.1.5,192.168.1.4,3702753356,1503249827,24,0,2176378
778,1574590211.255768,192.168.1.4,192.168.1.5,3030775822,1172965631,24,1,2176402
779,1574590211.255858,192.168.1.4,192.168.1.5,1503249827,3702753380,24,1,2176426
780,1574590211.255933,192.168.1.4,192.168.1.5,2258515126,273974464,24,1,2176450
781,1574590211.256035,192.168.1.4,192.168.1.5,3451454153,4089227337,24,1,2176474
782,1574590211.256098,192.168.1.4,192.168.1.5,952172026,3157759599,24,1,2176498
783,1574590211.256355,192.168.1.4,192.168.1.5,3739636949,1891559435,24,1,2176522
784,1574590211.256387,192.168.1.4,192.168.1.5,2757783944,3307361098,24,1,2176546
785,1574590211.260019,192.168.1.5,192.168.1.4,1916119626,132634072,24,0,2176522
786,1574590212.473305,192.168.1.5,192.168.1.4,631273133,2398416696,24,0,2176498
787,1574590212.474003,192.168.1.4,192.168.1.5,2398416696,631273157,24,1,2176522
