index,time,src_ip,dst_ip,tcp_seq,tcp_ack,tcp_len,direction,cumul_sum
1,1574590213.282871,192.168.1.4,192.168.1.5,132634072,1916119650,91,1,91
2,1574590213.283124,192.168.1.4,192.168.1.5,132634163,1916119650,24,1,115
3,1574590217.760264,192.168.1.5,192.168.1.4,3734469982,2410866245,343,0,-228
4,1574590217.762638,192.168.1.4,192.168.1.5,2410866245,3734470325,99,1,-129
5,1574590217.763127,192.168.1.5,192.168.1.4,3734470325,2410866344,382,0,-511
6,1574590217.778066,192.168.1.4,192.168.1.5,2410866344,3734470707,2266,1,1755
7,1574590217.779718,192.168.1.5,192.168.1.4,3734470707,2410868610,74,0,1681
8,1574590217.779925,192.168.1.5,192.168.1.4,3734470781,2410868610,245,0,1436
9,1574590217.780237,192.168.1.4,192.168.1.5,2410868610,3734471026,79,1,1515
10,1574590217.780872,192.168.1.4,192.168.1.5,2410868689,3734471026,79,1,1594
11,1574590217.920685,192.168.1.5,192.168.1.4,1007416010,1793207926,343,0,1251
12,1574590217.921149,192.168.1.4,192.168.1.5,1793207926,1007416353,99,1,1350
13,1574590217.921447,192.168.1.5,192.168.1.4,1007416353,1793208025,382,0,968
14,1574590217.923231,192.168.1.5,192.168.1.4,1753058783,54916076,343,0,625
15,1574590217.926646,192.168.1.4,192.168.1.5,54916076,1753059126,99,1,724
16,1574590217.926918,192.168.1.5,192.168.1.4,1753059126,54916175,382,0,342
17,1574590217.94059,192.168.1.4,192.168.1.5,54916175,1753059508,2266,1,2608
18,1574590217.941432,192.168.1.5,192.168.1.4,1753059508,54918441,74,0,2534
19,1574590217.941515,192.168.1.4,192.168.1.5,1793208025,1007416735,2266,1,4800
20,1574590217.941825,192.168.1.4,192.168.1.5,54918441,1753059582,79,1,4879
21,1574590217.941897,192.168.1.4,192.168.1.5,54918520,1753059582,79,1,4958
22,1574590217.942366,192.168.1.5,192.168.1.4,1007416735,1793210291,74,0,4884
23,1574590217.942475,192.168.1.5,192.168.1.4,1007416809,1793210291,227,0,4657
24,1574590217.94279,192.168.1.4,192.168.1.5,1793210291,1007417036,79,1,4736
25,1574590217.943236,192.168.1.4,192.168.1.5,1793210370,1007417036,79,1,4815
26,1574590217.943415,192.168.1.5,192.168.1.4,1753059582,54918599,227,0,4588
27,1574590219.537449,192.168.1.4,192.168.1.5,2410868768,3734471026,91,1,4679
28,1574590219.538255,192.168.1.5,192.168.1.4,3734471026,2410868859,539,0,4140
29,1574590219.585675,192.168.1.4,192.168.1.5,2410868859,3734471565,2070,1,6210
30,1574590219.626425,192.168.1.4,192.168.1.5,2410870929,3734471565,1018,1,7228
31,1574590219.635419,192.168.1.5,192.168.1.4,3734471565,2410871947,86,0,7142
32,1574590219.636222,192.168.1.5,192.168.1.4,3734471651,2410871947,108,0,7034
33,1574590219.63695,192.168.1.5,192.168.1.4,3734471759,2410871947,321,0,6713
34,1574590219.637345,192.168.1.5,192.168.1.4,3734472080,2410871947,54,0,6659
35,1574590219.659996,192.168.1.4,192.168.1.5,54918599,1753059809,91,1,6750
36,1574590219.660024,192.168.1.4,192.168.1.5,1793210449,1007417036,91,1,6841
37,1574590219.660481,192.168.1.5,192.168.1.4,1007417036,1793210540,539,0,6302
38,1574590219.66074,192.168.1.5,192.168.1.4,1753059809,54918690,539,0,5763
39,1574590219.669319,192.168.1.4,192.168.1.5,2410871947,3734472134,617,1,6380
40,1574590219.669637,192.168.1.5,192.168.1.4,3734472134,2410872564,53,0,6327
41,1574590219.682984,192.168.1.4,192.168.1.5,2410872564,3734472187,1501,1,7828
42,1574590219.684702,192.168.1.5,192.168.1.4,3734472187,2410874065,61,0,7767
43,1574590219.701808,192.168.1.4,192.168.1.5,1793210540,1007417575,1440,1,9207
44,1574590219.702495,192.168.1.4,192.168.1.5,54918690,1753060348,2070,1,11277
45,1574590219.742161,192.168.1.4,192.168.1.5,1793211980,1007417575,2386,1,13663
46,1574590219.746228,192.168.1.4,192.168.1.5,54920760,1753060348,1755,1,15418
47,1574590219.746838,192.168.1.5,192.168.1.4,1007417575,1793214366,86,0,15332
48,1574590219.748937,192.168.1.5,192.168.1.4,1753060348,54922515,86,0,15246
49,1574590219.753713,192.168.1.5,192.168.1.4,1007417661,1793214366,108,0,15138
50,1574590219.754726,192.168.1.5,192.168.1.4,1007417769,1793214366,369,0,14769
51,1574590219.780404,192.168.1.4,192.168.1.5,1793214366,1007418138,586,1,15355
52,1574590219.780843,192.168.1.5,192.168.1.4,1007418138,1793214952,53,0,15302
53,1574590219.784031,192.168.1.4,192.168.1.5,54922515,1753060434,586,1,15888
54,1574590219.790857,192.168.1.4,192.168.1.5,1793214952,1007418191,425,1,16313
55,1574590219.794871,192.168.1.5,192.168.1.4,1007418191,1793215377,57,0,16256
56,1574590219.795537,192.168.1.4,192.168.1.5,1793215377,1007418248,339,1,16595
57,1574590219.797446,192.168.1.5,192.168.1.4,1007418248,1793215716,61,0,16534
58,1574590219.804991,192.168.1.5,192.168.1.4,2540523270,1277285678,343,0,16191
59,1574590219.805508,192.168.1.4,192.168.1.5,1277285678,2540523613,99,1,16290
60,1574590219.806281,192.168.1.5,192.168.1.4,2540523613,1277285777,382,0,15908
61,1574590219.818719,192.168.1.4,192.168.1.5,1277285777,2540523995,2266,1,18174
62,1574590219.819663,192.168.1.5,192.168.1.4,2540523995,1277288043,74,0,18100
63,1574590219.819779,192.168.1.5,192.168.1.4,2540524069,1277288043,235,0,17865
64,1574590219.819987,192.168.1.4,192.168.1.5,1277288043,2540524304,79,1,17944
65,1574590219.820356,192.168.1.4,192.168.1.5,1277288122,2540524304,79,1,18023
66,1574590220.661502,192.168.1.4,192.168.1.5,1277288201,2540524304,91,1,18114
67,1574590220.662213,192.168.1.5,192.168.1.4,2540524304,1277288292,539,0,17575
68,1574590220.894649,192.168.1.4,192.168.1.5,1277288292,2540524843,2070,1,19645
69,1574590220.938322,192.168.1.4,192.168.1.5,1277290362,2540524843,600,1,20245
70,1574590220.942831,192.168.1.5,192.168.1.4,2540524843,1277290962,86,0,20159
71,1574590220.943286,192.168.1.5,192.168.1.4,2540524929,1277290962,108,0,20051
72,1574590220.943842,192.168.1.5,192.168.1.4,2540525037,1277290962,373,0,19678
73,1574590220.987533,192.168.1.4,192.168.1.5,1277290962,2540525410,617,1,20295
74,1574590220.988189,192.168.1.5,192.168.1.4,2540525410,1277291579,53,0,20242
75,1574590220.998451,192.168.1.4,192.168.1.5,1277291579,2540525463,2070,1,22312
76,1574590221.042378,192.168.1.4,192.168.1.5,1277293649,2540525463,12940,1,35252
77,1574590221.043347,192.168.1.5,192.168.1.4,2540525463,1277306589,61,0,35191
78,1574590221.054978,192.168.1.5,192.168.1.4,3435315821,664674670,343,0,34848
79,1574590221.055425,192.168.1.4,192.168.1.5,664674670,3435316164,99,1,34947
80,1574590221.055916,192.168.1.5,192.168.1.4,3435316164,664674769,382,0,34565
81,1574590221.058545,192.168.1.5,192.168.1.4,3151697870,1712628194,343,0,34222
82,1574590221.061628,192.168.1.5,192.168.1.4,2540525524,1277306589,149,0,34073
83,1574590221.063223,192.168.1.4,192.168.1.5,1712628194,3151698213,99,1,34172
84,1574590221.063569,192.168.1.5,192.168.1.4,3151698213,1712628293,382,0,33790
85,1574590221.065492,192.168.1.5,192.168.1.4,2540525673,1277306589,121,0,33669
86,1574590221.068684,192.168.1.5,192.168.1.4,662571967,2839154709,343,0,33326
87,1574590221.071475,192.168.1.5,192.168.1.4,2041763725,851783369,343,0,32983
88,1574590221.072063,192.168.1.4,192.168.1.5,2839154709,662572310,99,1,33082
89,1574590221.072378,192.168.1.5,192.168.1.4,662572310,2839154808,382,0,32700
90,1574590221.094639,192.168.1.4,192.168.1.5,851783369,2041764068,99,1,32799
91,1574590221.095059,192.168.1.5,192.168.1.4,2041764068,851783468,382,0,32417
92,1574590221.100796,192.168.1.4,192.168.1.5,664674769,3435316546,2266,1,34683
93,1574590221.102114,192.168.1.5,192.168.1.4,3435316546,664677035,74,0,34609
94,1574590221.102265,192.168.1.5,192.168.1.4,3435316620,664677035,247,0,34362
95,1574590221.114626,192.168.1.4,192.168.1.5,664677035,3435316867,79,1,34441
96,1574590221.114746,192.168.1.4,192.168.1.5,664677114,3435316867,79,1,34520
97,1574590221.121109,192.168.1.4,192.168.1.5,2839154808,662572692,2266,1,36786
98,1574590221.12153,192.168.1.4,192.168.1.5,1712628293,3151698595,2266,1,39052
99,1574590221.123408,192.168.1.4,192.168.1.5,851783468,2041764450,2266,1,41318
100,1574590221.124694,192.168.1.5,192.168.1.4,3151698595,1712630559,74,0,41244
101,1574590221.124875,192.168.1.5,192.168.1.4,3151698669,1712630559,247,0,40997
102,1574590221.125306,192.168.1.4,192.168.1.5,1712630559,3151698916,79,1,41076
103,1574590221.125425,192.168.1.4,192.168.1.5,1712630638,3151698916,79,1,41155
104,1574590221.12673,192.168.1.5,192.168.1.4,662572692,2839157074,74,0,41081
105,1574590221.126945,192.168.1.5,192.168.1.4,662572766,2839157074,257,0,40824
106,1574590221.127169,192.168.1.4,192.168.1.5,2839157074,662573023,79,1,40903
107,1574590221.127298,192.168.1.4,192.168.1.5,2839157153,662573023,79,1,40982
108,1574590221.130496,192.168.1.5,192.168.1.4,2041764450,851785734,74,0,40908
109,1574590221.130639,192.168.1.5,192.168.1.4,2041764524,851785734,257,0,40651
110,1574590221.130996,192.168.1.4,192.168.1.5,851785734,2041764781,79,1,40730
111,1574590221.132831,192.168.1.4,192.168.1.5,851785813,2041764781,79,1,40809
112,1574590221.17701,192.168.1.4,192.168.1.5,1277306589,2540525794,145,1,40954
113,1574590221.182719,192.168.1.4,192.168.1.5,1277306734,2540525794,16406,1,57360
114,1574590221.182972,192.168.1.4,192.168.1.5,1277323140,2540525794,7240,1,64600
115,1574590221.183045,192.168.1.4,192.168.1.5,1277330380,2540525794,18818,1,83418
116,1574590221.18944,192.168.1.5,192.168.1.4,2540525794,1277349198,61,0,83357
117,1574590223.200149,192.168.1.4,192.168.1.5,1712630717,3151698916,91,1,83448
118,1574590223.200314,192.168.1.4,192.168.1.5,664677193,3435316867,91,1,83539
119,1574590223.200672,192.168.1.5,192.168.1.4,3151698916,1712630808,539,0,83000
120,1574590223.201535,192.168.1.5,192.168.1.4,3435316867,664677284,539,0,82461
121,1574590223.24372,192.168.1.4,192.168.1.5,664677284,3435317406,1440,1,83901
122,1574590223.243828,192.168.1.4,192.168.1.5,1712630808,3151699455,2070,1,85971
123,1574590223.289428,192.168.1.4,192.168.1.5,664678724,3435317406,2518,1,88489
124,1574590223.289505,192.168.1.4,192.168.1.5,1712632878,3151699455,1890,1,90379
125,1574590223.298874,192.168.1.5,192.168.1.4,3151699455,1712634768,86,0,90293
126,1574590223.300494,192.168.1.5,192.168.1.4,3435317406,664681242,86,0,90207
127,1574590223.306581,192.168.1.5,192.168.1.4,3435317492,664681242,24,0,90183
128,1574590223.306979,192.168.1.5,192.168.1.4,3151699541,1712634768,108,0,90075
129,1574590223.307057,192.168.1.4,192.168.1.5,664681242,3435317516,24,1,90099
130,1574590223.310161,192.168.1.5,192.168.1.4,3151699649,1712634768,268,0,89831
131,1574590223.311469,192.168.1.5,192.168.1.4,3151699917,1712634768,138,0,89693
132,1574590223.330883,192.168.1.4,192.168.1.5,1712634768,3151700055,586,1,90279
133,1574590223.331171,192.168.1.5,192.168.1.4,3151700055,1712635354,53,0,90226
134,1574590223.344959,192.168.1.4,192.168.1.5,1712635354,3151700108,53,1,90279
135,1574590223.386343,192.168.1.4,192.168.1.5,1712635407,3151700108,2034,1,92313
136,1574590223.400609,192.168.1.5,192.168.1.4,3151700108,1712637441,61,0,92252
137,1574590223.404471,192.168.1.5,192.168.1.4,557227408,2499680085,343,0,91909
138,1574590223.404875,192.168.1.4,192.168.1.5,2499680085,557227751,99,1,92008
139,1574590223.405213,192.168.1.5,192.168.1.4,557227751,2499680184,382,0,91626
140,1574590223.415583,192.168.1.4,192.168.1.5,2499680184,557228133,2266,1,93892
141,1574590223.416466,192.168.1.5,192.168.1.4,557228133,2499682450,74,0,93818
142,1574590223.416586,192.168.1.5,192.168.1.4,557228207,2499682450,241,0,93577
143,1574590223.416803,192.168.1.4,192.168.1.5,2499682450,557228448,79,1,93656
144,1574590223.417741,192.168.1.4,192.168.1.5,2499682529,557228448,79,1,93735
145,1574590223.439117,192.168.1.5,192.168.1.4,1938425970,664008511,343,0,93392
146,1574590223.439782,192.168.1.4,192.168.1.5,664008511,1938426313,99,1,93491
147,1574590223.440044,192.168.1.5,192.168.1.4,1938426313,664008610,382,0,93109
148,1574590223.441864,192.168.1.5,192.168.1.4,1486343129,719516616,343,0,92766
149,1574590223.443926,192.168.1.5,192.168.1.4,2226764863,3356470601,343,0,92423
150,1574590223.445824,192.168.1.5,192.168.1.4,169881809,1654165024,343,0,92080
151,1574590223.4463,192.168.1.4,192.168.1.5,719516616,1486343472,99,1,92179
152,1574590223.446537,192.168.1.5,192.168.1.4,1486343472,719516715,382,0,91797
153,1574590223.448292,192.168.1.5,192.168.1.4,2540525855,1277349198,117,0,91680
154,1574590223.449045,192.168.1.4,192.168.1.5,1654165024,169882152,99,1,91779
155,1574590223.449343,192.168.1.5,192.168.1.4,169882152,1654165123,382,0,91397
156,1574590223.449603,192.168.1.4,192.168.1.5,3356470601,2226765206,99,1,91496
157,1574590223.449809,192.168.1.5,192.168.1.4,2226765206,3356470700,382,0,91114
158,1574590223.451203,192.168.1.5,192.168.1.4,1527369536,1783107860,343,0,90771
159,1574590223.46168,192.168.1.5,192.168.1.4,1711029919,3900388923,343,0,90428
160,1574590223.462669,192.168.1.5,192.168.1.4,2906671671,1936587177,343,0,90085
161,1574590223.463667,192.168.1.5,192.168.1.4,1310215366,1497131339,343,0,89742
162,1574590223.466471,192.168.1.4,192.168.1.5,1783107860,1527369879,99,1,89841
163,1574590223.466728,192.168.1.5,192.168.1.4,1527369879,1783107959,382,0,89459
164,1574590223.466977,192.168.1.4,192.168.1.5,1936587177,2906672014,99,1,89558
165,1574590223.467197,192.168.1.5,192.168.1.4,2906672014,1936587276,382,0,89176
166,1574590223.473817,192.168.1.4,192.168.1.5,664008610,1938426695,2266,1,91442
167,1574590223.473968,192.168.1.4,192.168.1.5,3900388923,1711030262,99,1,91541
168,1574590223.474768,192.168.1.5,192.168.1.4,1938426695,664010876,74,0,91467
169,1574590223.474917,192.168.1.5,192.168.1.4,1938426769,664010876,245,0,91222
170,1574590223.475124,192.168.1.5,192.168.1.4,1711030262,3900389022,382,0,90840
171,1574590223.484308,192.168.1.4,192.168.1.5,1497131339,1310215709,99,1,90939
172,1574590223.48461,192.168.1.5,192.168.1.4,1310215709,1497131438,382,0,90557
173,1574590223.490541,192.168.1.4,192.168.1.5,1277349198,2540525972,1540,1,92097
174,1574590223.49781,192.168.1.5,192.168.1.4,1938426769,664010876,245,0,91852
175,1574590223.498662,192.168.1.4,192.168.1.5,664010876,1938427014,79,1,91931
176,1574590223.502622,192.168.1.4,192.168.1.5,664010955,1938427014,79,1,92010
177,1574590223.513292,192.168.1.4,192.168.1.5,1654165123,169882534,2266,1,94276
178,1574590223.514339,192.168.1.4,192.168.1.5,719516715,1486343854,2266,1,96542
179,1574590223.515093,192.168.1.5,192.168.1.4,1486343854,719518981,74,0,96468
180,1574590223.515275,192.168.1.5,192.168.1.4,1486343928,719518981,245,0,96223
181,1574590223.515436,192.168.1.5,192.168.1.4,169882534,1654167389,74,0,96149
182,1574590223.515737,192.168.1.5,192.168.1.4,169882608,1654167389,237,0,95912
183,1574590223.516079,192.168.1.4,192.168.1.5,1277350738,2540525972,8688,1,104600
184,1574590223.516228,192.168.1.4,192.168.1.5,1277359426,2540525972,5792,1,110392
185,1574590223.516284,192.168.1.4,192.168.1.5,1277365218,2540525972,17376,1,127768
186,1574590223.51637,192.168.1.4,192.168.1.5,1277382594,2540525972,5078,1,132846
187,1574590223.516553,192.168.1.4,192.168.1.5,719518981,1486344173,79,1,132925
188,1574590223.516561,192.168.1.4,192.168.1.5,719519060,1486344173,79,1,133004
189,1574590223.525438,192.168.1.4,192.168.1.5,3900389022,1711030644,2266,1,135270
190,1574590223.526402,192.168.1.5,192.168.1.4,1711030644,3900391288,74,0,135196
191,1574590223.526607,192.168.1.5,192.168.1.4,1711030718,3900391288,257,0,134939
192,1574590223.52915,192.168.1.4,192.168.1.5,3356470700,2226765588,2266,1,137205
193,1574590223.52998,192.168.1.5,192.168.1.4,2226765588,3356472966,74,0,137131
194,1574590223.530027,192.168.1.4,192.168.1.5,1654167389,169882845,79,1,137210
195,1574590223.530121,192.168.1.5,192.168.1.4,2226765662,3356472966,245,0,136965
196,1574590223.530178,192.168.1.4,192.168.1.5,1654167468,169882845,79,1,137044
197,1574590223.533773,192.168.1.4,192.168.1.5,3356472966,2226765907,79,1,137123
198,1574590223.533797,192.168.1.4,192.168.1.5,3356473045,2226765907,79,1,137202
199,1574590223.534236,192.168.1.4,192.168.1.5,3900391288,1711030975,79,1,137281
200,1574590223.534298,192.168.1.4,192.168.1.5,3900391367,1711030975,79,1,137360
201,1574590223.535611,192.168.1.4,192.168.1.5,1497131438,1310216091,2266,1,139626
202,1574590223.536623,192.168.1.5,192.168.1.4,1310216091,1497133704,74,0,139552
203,1574590223.536823,192.168.1.5,192.168.1.4,1310216165,1497133704,257,0,139295
204,1574590223.536987,192.168.1.4,192.168.1.5,1936587276,2906672396,2266,1,141561
205,1574590223.537239,192.168.1.4,192.168.1.5,1497133704,1310216422,79,1,141640
206,1574590223.537683,192.168.1.4,192.168.1.5,1497133783,1310216422,79,1,141719
207,1574590223.538113,192.168.1.5,192.168.1.4,2906672396,1936589542,74,0,141645
208,1574590223.53829,192.168.1.5,192.168.1.4,2906672470,1936589542,257,0,141388
209,1574590223.539664,192.168.1.4,192.168.1.5,1783107959,1527370261,2266,1,143654
210,1574590223.539831,192.168.1.4,192.168.1.5,1936589542,2906672727,79,1,143733
211,1574590223.539885,192.168.1.4,192.168.1.5,1936589621,2906672727,79,1,143812
212,1574590223.548528,192.168.1.5,192.168.1.4,1527370261,1783110225,74,0,143738
213,1574590223.548645,192.168.1.5,192.168.1.4,1527370335,1783110225,257,0,143481
214,1574590223.548938,192.168.1.4,192.168.1.5,1783110225,1527370592,79,1,143560
215,1574590223.549067,192.168.1.4,192.168.1.5,1783110304,1527370592,79,1,143639
216,1574590223.557959,192.168.1.4,192.168.1.5,1277387672,2540525972,16406,1,160045
217,1574590223.55823,192.168.1.4,192.168.1.5,1277404078,2540525972,16406,1,176451
218,1574590223.558272,192.168.1.4,192.168.1.5,1277420484,2540525972,1916,1,178367
219,1574590223.567979,192.168.1.4,192.168.1.5,851785892,2041764781,91,1,178458
220,1574590223.568004,192.168.1.4,192.168.1.5,2839157232,662573023,91,1,178549
221,1574590223.56884,192.168.1.5,192.168.1.4,2041764781,851785983,539,0,178010
222,1574590223.573773,192.168.1.5,192.168.1.4,662573023,2839157323,539,0,177471
223,1574590223.598356,192.168.1.4,192.168.1.5,1277422400,2540525972,16406,1,193877
224,1574590223.598446,192.168.1.4,192.168.1.5,1277438806,2540525972,2903,1,196780
225,1574590223.599726,192.168.1.5,192.168.1.4,2540525972,1277441709,61,0,196719
226,1574590223.603857,192.168.1.5,192.168.1.4,2453751564,1891081880,343,0,196376
227,1574590223.604549,192.168.1.4,192.168.1.5,1891081880,2453751907,99,1,196475
228,1574590223.604937,192.168.1.5,192.168.1.4,2453751907,1891081979,382,0,196093
229,1574590223.619511,192.168.1.4,192.168.1.5,2839157323,662573562,2070,1,198163
230,1574590223.61961,192.168.1.4,192.168.1.5,851785983,2041765320,2070,1,200233
231,1574590223.621911,192.168.1.4,192.168.1.5,1891081979,2453752289,2266,1,202499
232,1574590223.622913,192.168.1.5,192.168.1.4,2453752289,1891084245,74,0,202425
233,1574590223.623045,192.168.1.5,192.168.1.4,2453752363,1891084245,255,0,202170
234,1574590223.623305,192.168.1.4,192.168.1.5,1891084245,2453752618,79,1,202249
235,1574590223.623385,192.168.1.4,192.168.1.5,1891084324,2453752618,79,1,202328
236,1574590223.662652,192.168.1.4,192.168.1.5,851788053,2041765320,2722,1,205050
237,1574590223.662713,192.168.1.4,192.168.1.5,2839159393,662573562,2722,1,207772
238,1574590223.66886,192.168.1.5,192.168.1.4,2041765320,851790775,86,0,207686
239,1574590223.671928,192.168.1.5,192.168.1.4,662573562,2839162115,86,0,207600
240,1574590223.672342,192.168.1.5,192.168.1.4,662573648,2839162115,24,0,207576
241,1574590223.672545,192.168.1.5,192.168.1.4,2041765406,851790775,108,0,207468
242,1574590223.67273,192.168.1.5,192.168.1.4,1527370592,1783110383,24,0,207444
243,1574590223.673044,192.168.1.4,192.168.1.5,2839162115,662573672,24,1,207468
244,1574590223.673695,192.168.1.5,192.168.1.4,1711030975,3900391446,24,0,207444
245,1574590223.67607,192.168.1.5,192.168.1.4,2906672727,1936589700,24,0,207420
246,1574590223.676264,192.168.1.5,192.168.1.4,1310216422,1497133862,24,0,207396
247,1574590223.688451,192.168.1.5,192.168.1.4,2041765514,851790775,351,0,207045
248,1574590223.688752,192.168.1.5,192.168.1.4,2041765865,851790775,161,0,206884
249,1574590223.688923,192.168.1.5,192.168.1.4,2041766026,851790775,158,0,206726
250,1574590223.689205,192.168.1.5,192.168.1.4,2041766184,851790775,158,0,206568
251,1574590223.689375,192.168.1.5,192.168.1.4,2041766342,851790775,160,0,206408
252,1574590223.689597,192.168.1.5,192.168.1.4,2041766502,851790775,159,0,206249
253,1574590223.700865,192.168.1.4,192.168.1.5,851790775,2041766661,586,1,206835
254,1574590223.701257,192.168.1.5,192.168.1.4,2041766661,851791361,53,0,206782
255,1574590223.703989,192.168.1.4,192.168.1.5,851791361,2041766714,53,1,206835
256,1574590223.746434,192.168.1.4,192.168.1.5,851791414,2041766714,13032,1,219867
257,1574590223.746621,192.168.1.4,192.168.1.5,851804446,2041766714,8688,1,228555
258,1574590223.74772,192.168.1.4,192.168.1.5,851813134,2041766714,5680,1,234235
259,1574590223.749868,192.168.1.5,192.168.1.4,2041766714,851818814,61,0,234174
260,1574590223.751192,192.168.1.5,192.168.1.4,1744255690,1080101977,343,0,233831
261,1574590223.751963,192.168.1.4,192.168.1.5,1080101977,1744256033,99,1,233930
262,1574590223.752239,192.168.1.5,192.168.1.4,1744256033,1080102076,382,0,233548
263,1574590223.760446,192.168.1.4,192.168.1.5,851818814,2041766775,2070,1,235618
264,1574590223.76955,192.168.1.4,192.168.1.5,1080102076,1744256415,2266,1,237884
265,1574590223.770423,192.168.1.5,192.168.1.4,1744256415,1080104342,74,0,237810
266,1574590223.77056,192.168.1.5,192.168.1.4,1744256489,1080104342,265,0,237545
267,1574590223.770827,192.168.1.4,192.168.1.5,1080104342,1744256754,79,1,237624
268,1574590223.77096,192.168.1.4,192.168.1.5,1080104421,1744256754,79,1,237703
269,1574590223.776087,192.168.1.4,192.168.1.5,851820884,2041766775,16406,1,254109
270,1574590223.776173,192.168.1.4,192.168.1.5,851837290,2041766775,8688,1,262797
271,1574590223.776565,192.168.1.4,192.168.1.5,851845978,2041766775,2896,1,265693
272,1574590223.776995,192.168.1.4,192.168.1.5,851848874,2041766775,4822,1,270515
273,1574590223.777039,192.168.1.4,192.168.1.5,851853696,2041766775,2074,1,272589
274,1574590223.791608,192.168.1.5,192.168.1.4,3748160024,2091901410,343,0,272246
275,1574590223.792521,192.168.1.4,192.168.1.5,2091901410,3748160367,99,1,272345
276,1574590223.792798,192.168.1.5,192.168.1.4,3748160367,2091901509,382,0,271963
277,1574590223.793792,192.168.1.4,192.168.1.5,851855770,2041766775,14480,1,286443
278,1574590223.794006,192.168.1.4,192.168.1.5,851870250,2041766775,1926,1,288369
279,1574590223.794064,192.168.1.4,192.168.1.5,851872176,2041766775,14480,1,302849
280,1574590223.794255,192.168.1.4,192.168.1.5,851886656,2041766775,1926,1,304775
281,1574590223.794284,192.168.1.4,192.168.1.5,851888582,2041766775,1286,1,306061
282,1574590223.794424,192.168.1.5,192.168.1.4,994454518,2565542549,343,0,305718
283,1574590223.797763,192.168.1.4,192.168.1.5,2565542549,994454861,99,1,305817
284,1574590223.798291,192.168.1.5,192.168.1.4,994454861,2565542648,382,0,305435
285,1574590223.805597,192.168.1.4,192.168.1.5,851889868,2041766775,16406,1,321841
286,1574590223.80572,192.168.1.4,192.168.1.5,851906274,2041766775,11584,1,333425
287,1574590223.805827,192.168.1.4,192.168.1.5,851917858,2041766775,4822,1,338247
288,1574590223.806021,192.168.1.4,192.168.1.5,851922680,2041766775,1286,1,339533
289,1574590223.818901,192.168.1.4,192.168.1.5,851923966,2041766775,16406,1,355939
290,1574590223.819109,192.168.1.4,192.168.1.5,851940372,2041766775,13032,1,368971
291,1574590223.819147,192.168.1.4,192.168.1.5,851953404,2041766775,3374,1,372345
292,1574590223.819174,192.168.1.4,192.168.1.5,851956778,2041766775,1916,1,374261
293,1574590223.825497,192.168.1.5,192.168.1.4,3298425136,4205138908,343,0,373918
294,1574590223.82892,192.168.1.4,192.168.1.5,2091901509,3748160749,2266,1,376184
295,1574590223.829652,192.168.1.4,192.168.1.5,4205138908,3298425479,99,1,376283
296,1574590223.830419,192.168.1.5,192.168.1.4,3748160749,2091903775,74,0,376209
297,1574590223.830602,192.168.1.5,192.168.1.4,3748160823,2091903775,265,0,375944
298,1574590223.830985,192.168.1.5,192.168.1.4,3298425479,4205139007,382,0,375562
299,1574590223.83291,192.168.1.5,192.168.1.4,3240270884,3559349747,343,0,375219
300,1574590223.836395,192.168.1.4,192.168.1.5,2565542648,994455243,2266,1,377485
301,1574590223.836832,192.168.1.4,192.168.1.5,2091903775,3748161088,79,1,377564
302,1574590223.836979,192.168.1.4,192.168.1.5,2091903854,3748161088,79,1,377643
303,1574590223.838133,192.168.1.5,192.168.1.4,994455243,2565544914,74,0,377569
304,1574590223.838354,192.168.1.5,192.168.1.4,994455317,2565544914,265,0,377304
305,1574590223.839421,192.168.1.4,192.168.1.5,3559349747,3240271227,99,1,377403
306,1574590223.84,192.168.1.5,192.168.1.4,3240271227,3559349846,382,0,377021
307,1574590223.844484,192.168.1.4,192.168.1.5,2565544914,994455582,79,1,377100
308,1574590223.844525,192.168.1.4,192.168.1.5,2565544993,994455582,79,1,377179
309,1574590223.864423,192.168.1.4,192.168.1.5,851958694,2041766775,16406,1,393585
310,1574590223.864489,192.168.1.4,192.168.1.5,851975100,2041766775,1027,1,394612
311,1574590223.866367,192.168.1.5,192.168.1.4,1753183370,1545391027,343,0,394269
312,1574590223.867404,192.168.1.4,192.168.1.5,4205139007,3298425861,2266,1,396535
313,1574590223.868214,192.168.1.4,192.168.1.5,1545391027,1753183713,99,1,396634
314,1574590223.868905,192.168.1.4,192.168.1.5,3559349846,3240271609,2266,1,398900
315,1574590223.869771,192.168.1.5,192.168.1.4,3240271609,3559352112,74,0,398826
316,1574590223.869889,192.168.1.5,192.168.1.4,3240271683,3559352112,265,0,398561
317,1574590223.870019,192.168.1.5,192.168.1.4,3298425861,4205141273,74,0,398487
318,1574590223.87013,192.168.1.4,192.168.1.5,3559352112,3240271683,79,1,398566
319,1574590223.870192,192.168.1.5,192.168.1.4,3298425935,4205141273,265,0,398301
320,1574590223.87029,192.168.1.4,192.168.1.5,4205141273,3298425935,79,1,398380
321,1574590223.870365,192.168.1.4,192.168.1.5,4205141352,3298426200,79,1,398459
322,1574590223.870836,192.168.1.5,192.168.1.4,1753183713,1545391126,382,0,398077
323,1574590223.874488,192.168.1.4,192.168.1.5,3559352191,3240271948,79,1,398156
324,1574590223.882079,192.168.1.4,192.168.1.5,1545391126,1753184095,2266,1,400422
325,1574590223.883144,192.168.1.5,192.168.1.4,1753184095,1545393392,74,0,400348
326,1574590223.883333,192.168.1.5,192.168.1.4,1753184169,1545393392,265,0,400083
327,1574590223.883534,192.168.1.4,192.168.1.5,1545393392,1753184434,79,1,400162
328,1574590223.88473,192.168.1.4,192.168.1.5,1545393471,1753184434,79,1,400241
329,1574590224.012418,192.168.1.5,192.168.1.4,814895186,587801968,343,0,399898
330,1574590224.013016,192.168.1.4,192.168.1.5,587801968,814895529,99,1,399997
331,1574590224.013265,192.168.1.5,192.168.1.4,814895529,587802067,382,0,399615
332,1574590224.019554,192.168.1.5,192.168.1.4,4189462513,2232537660,343,0,399272
333,1574590224.022646,192.168.1.5,192.168.1.4,4025302205,1038763753,343,0,398929
334,1574590224.022938,192.168.1.4,192.168.1.5,2232537660,4189462856,99,1,399028
335,1574590224.023184,192.168.1.5,192.168.1.4,4189462856,2232537759,382,0,398646
336,1574590224.024578,192.168.1.4,192.168.1.5,587802067,814895911,2266,1,400912
337,1574590224.025593,192.168.1.5,192.168.1.4,814895911,587804333,74,0,400838
338,1574590224.0257,192.168.1.5,192.168.1.4,814895985,587804333,241,0,400597
339,1574590224.026861,192.168.1.4,192.168.1.5,1038763753,4025302548,99,1,400696
340,1574590224.027173,192.168.1.5,192.168.1.4,4025302548,1038763852,382,0,400314
341,1574590224.028363,192.168.1.5,192.168.1.4,587344081,4198713630,343,0,399971
342,1574590224.03014,192.168.1.4,192.168.1.5,587804333,814896226,79,1,400050
343,1574590224.030162,192.168.1.4,192.168.1.5,587804412,814896226,79,1,400129
344,1574590224.031276,192.168.1.4,192.168.1.5,4198713630,587344424,99,1,400228
345,1574590224.031588,192.168.1.5,192.168.1.4,587344424,4198713729,382,0,399846
346,1574590224.032853,192.168.1.5,192.168.1.4,458741036,3156377623,343,0,399503
347,1574590224.043105,192.168.1.4,192.168.1.5,4198713729,587344806,2266,1,401769
348,1574590224.0441,192.168.1.5,192.168.1.4,587344806,4198715995,74,0,401695
349,1574590224.044207,192.168.1.5,192.168.1.4,587344880,4198715995,241,0,401454
350,1574590224.04986,192.168.1.4,192.168.1.5,1038763852,4025302930,2266,1,403720
351,1574590224.050492,192.168.1.4,192.168.1.5,3156377623,458741379,99,1,403819
352,1574590224.050965,192.168.1.5,192.168.1.4,4025302930,1038766118,74,0,403745
353,1574590224.051085,192.168.1.5,192.168.1.4,4025303004,1038766118,241,0,403504
354,1574590224.051288,192.168.1.5,192.168.1.4,458741379,3156377722,382,0,403122
355,1574590224.057687,192.168.1.5,192.168.1.4,587344880,4198715995,241,0,402881
356,1574590224.061973,192.168.1.4,192.168.1.5,2232537759,4189463238,2266,1,405147
357,1574590224.063023,192.168.1.5,192.168.1.4,4189463238,2232540025,74,0,405073
358,1574590224.063134,192.168.1.5,192.168.1.4,4189463312,2232540025,241,0,404832
359,1574590224.069693,192.168.1.5,192.168.1.4,4025303004,1038766118,241,0,404591
360,1574590224.069748,192.168.1.4,192.168.1.5,2232540025,4189463553,79,1,404670
361,1574590224.069767,192.168.1.4,192.168.1.5,2232540104,4189463553,79,1,404749
362,1574590224.070666,192.168.1.4,192.168.1.5,1038766118,4025303245,79,1,404828
363,1574590224.072008,192.168.1.4,192.168.1.5,1038766197,4025303245,79,1,404907
364,1574590224.072033,192.168.1.4,192.168.1.5,4198715995,587345121,79,1,404986
365,1574590224.072041,192.168.1.4,192.168.1.5,4198716074,587345121,79,1,405065
366,1574590224.073987,192.168.1.4,192.168.1.5,3156377722,458741761,2266,1,407331
367,1574590224.075519,192.168.1.5,192.168.1.4,458741761,3156379988,74,0,407257
368,1574590224.075685,192.168.1.5,192.168.1.4,458741835,3156379988,241,0,407016
369,1574590224.076033,192.168.1.4,192.168.1.5,3156379988,458742076,79,1,407095
370,1574590224.076109,192.168.1.4,192.168.1.5,3156380067,458742076,79,1,407174
371,1574590228.237372,192.168.1.5,192.168.1.4,1374557787,147000827,343,0,406831
372,1574590228.238312,192.168.1.4,192.168.1.5,147000827,1374558130,99,1,406930
373,1574590228.238767,192.168.1.5,192.168.1.4,1374558130,147000926,382,0,406548
374,1574590228.250171,192.168.1.4,192.168.1.5,147000926,1374558512,2266,1,408814
375,1574590228.251521,192.168.1.5,192.168.1.4,1374558512,147003192,74,0,408740
376,1574590228.251707,192.168.1.5,192.168.1.4,1374558586,147003192,237,0,408503
377,1574590228.25202,192.168.1.4,192.168.1.5,147003192,1374558823,79,1,408582
378,1574590228.252135,192.168.1.4,192.168.1.5,147003271,1374558823,79,1,408661
379,1574590228.669806,192.168.1.4,192.168.1.5,2499682608,557228448,91,1,408752
380,1574590228.670341,192.168.1.5,192.168.1.4,557228448,2499682699,539,0,408213
381,1574590228.715501,192.168.1.4,192.168.1.5,2499682699,557228987,2070,1,410283
382,1574590228.758563,192.168.1.4,192.168.1.5,2499684769,557228987,1755,1,412038
383,1574590228.767666,192.168.1.5,192.168.1.4,557228987,2499686524,86,0,411952
384,1574590228.768091,192.168.1.5,192.168.1.4,557229073,2499686524,108,0,411844
385,1574590228.768612,192.168.1.5,192.168.1.4,814896226,587804491,24,0,411820
386,1574590228.769141,192.168.1.5,192.168.1.4,4189463553,2232540183,24,0,411796
387,1574590228.769466,192.168.1.5,192.168.1.4,4025303245,1038766276,24,0,411772
388,1574590228.76963,192.168.1.5,192.168.1.4,587345121,4198716153,24,0,411748
389,1574590228.769788,192.168.1.5,192.168.1.4,458742076,3156380146,24,0,411724
390,1574590228.775712,192.168.1.5,192.168.1.4,557229181,2499686524,381,0,411343
391,1574590228.776344,192.168.1.5,192.168.1.4,557229562,2499686524,118,0,411225
392,1574590228.777,192.168.1.5,192.168.1.4,557229680,2499686524,115,0,411110
393,1574590228.77744,192.168.1.5,192.168.1.4,557229795,2499686524,107,0,411003
394,1574590228.777717,192.168.1.5,192.168.1.4,557229902,2499686524,158,0,410845
395,1574590228.778553,192.168.1.5,192.168.1.4,557230060,2499686524,110,0,410735
396,1574590228.77913,192.168.1.5,192.168.1.4,557230170,2499686524,109,0,410626
397,1574590228.779415,192.168.1.5,192.168.1.4,557230279,2499686524,109,0,410517
398,1574590228.780025,192.168.1.5,192.168.1.4,557230388,2499686524,109,0,410408
399,1574590228.801316,192.168.1.4,192.168.1.5,2499686524,557230497,617,1,411025
400,1574590228.804496,192.168.1.5,192.168.1.4,557230497,2499687141,53,0,410972
401,1574590228.808447,192.168.1.4,192.168.1.5,2499687141,557230550,2070,1,413042
402,1574590228.843782,192.168.1.4,192.168.1.5,2499689211,557230550,7240,1,420282
403,1574590228.844115,192.168.1.4,192.168.1.5,2499696451,557230550,7240,1,427522
404,1574590228.844241,192.168.1.4,192.168.1.5,2499703691,557230550,7240,1,434762
405,1574590228.844369,192.168.1.4,192.168.1.5,2499710931,557230550,2896,1,437658
406,1574590228.844484,192.168.1.4,192.168.1.5,2499713827,557230550,8433,1,446091
407,1574590228.854071,192.168.1.5,192.168.1.4,557230550,2499722260,61,0,446030
408,1574590228.854551,192.168.1.4,192.168.1.5,2499722260,557230611,12154,1,458184
409,1574590228.875794,192.168.1.4,192.168.1.5,2499734414,557230611,16406,1,474590
410,1574590228.875864,192.168.1.4,192.168.1.5,2499750820,557230611,4344,1,478934
411,1574590228.875998,192.168.1.4,192.168.1.5,2499755164,557230611,12062,1,490996
412,1574590228.876008,192.168.1.4,192.168.1.5,2499767226,557230611,498,1,491494
413,1574590228.887724,192.168.1.4,192.168.1.5,2499767724,557230611,16406,1,507900
414,1574590228.887826,192.168.1.4,192.168.1.5,2499784130,557230611,16406,1,524306
415,1574590228.887863,192.168.1.4,192.168.1.5,2499800536,557230611,656,1,524962
416,1574590228.901053,192.168.1.4,192.168.1.5,2499801192,557230611,16406,1,541368
417,1574590228.901159,192.168.1.4,192.168.1.5,2499817598,557230611,16406,1,557774
418,1574590228.901345,192.168.1.4,192.168.1.5,2499834004,557230611,1916,1,559690
419,1574590228.912492,192.168.1.4,192.168.1.5,2499835920,557230611,16406,1,576096
420,1574590228.912606,192.168.1.4,192.168.1.5,2499852326,557230611,16406,1,592502
421,1574590228.912901,192.168.1.4,192.168.1.5,2499868732,557230611,1286,1,593788
422,1574590228.954307,192.168.1.4,192.168.1.5,2499870018,557230611,16406,1,610194
423,1574590228.954347,192.168.1.4,192.168.1.5,2499886424,557230611,4104,1,614298
424,1574590229.062597,192.168.1.5,192.168.1.4,557230611,2499890528,109,0,614189
425,1574590229.097626,192.168.1.4,192.168.1.5,2499890528,557230720,2070,1,616259
426,1574590229.097915,192.168.1.4,192.168.1.5,2499892598,557230720,2070,1,618329
427,1574590229.138422,192.168.1.4,192.168.1.5,2499894668,557230720,1659,1,619988
428,1574590229.139607,192.168.1.5,192.168.1.4,557230720,2499896327,61,0,619927
429,1574590229.335393,192.168.1.4,192.168.1.5,719519139,1486344173,91,1,620018
430,1574590229.336274,192.168.1.5,192.168.1.4,1486344173,719519230,539,0,619479
431,1574590229.376587,192.168.1.4,192.168.1.5,719519230,1486344712,2070,1,621549
432,1574590229.418564,192.168.1.4,192.168.1.5,719521300,1486344712,1889,1,623438
433,1574590229.426785,192.168.1.5,192.168.1.4,1486344712,719523189,86,0,623352
434,1574590229.427917,192.168.1.5,192.168.1.4,1486344798,719523189,108,0,623244
435,1574590229.428288,192.168.1.5,192.168.1.4,1938427014,664011034,24,0,623220
436,1574590229.428681,192.168.1.5,192.168.1.4,2226765907,3356473124,24,0,623196
437,1574590229.431117,192.168.1.5,192.168.1.4,1486344906,719523189,266,0,622930
438,1574590229.431314,192.168.1.5,192.168.1.4,1486345172,719523189,108,0,622822
439,1574590229.43142,192.168.1.5,192.168.1.4,1486345280,719523189,110,0,622712
440,1574590229.459824,192.168.1.4,192.168.1.5,719523189,1486345390,617,1,623329
441,1574590229.460406,192.168.1.5,192.168.1.4,1486345390,719523806,53,0,623276
442,1574590229.465365,192.168.1.4,192.168.1.5,719523806,1486345443,1862,1,625138
443,1574590229.497704,192.168.1.4,192.168.1.5,719525668,1486345443,7240,1,632378
444,1574590229.497909,192.168.1.4,192.168.1.5,719532908,1486345443,7240,1,639618
445,1574590229.498162,192.168.1.4,192.168.1.5,719540148,1486345443,19138,1,658756
446,1574590229.504766,192.168.1.5,192.168.1.4,1486345443,719559286,61,0,658695
447,1574590229.505236,192.168.1.4,192.168.1.5,719559286,1486345504,9948,1,668643
448,1574590229.546406,192.168.1.4,192.168.1.5,719569234,1486345504,16406,1,685049
449,1574590229.546519,192.168.1.4,192.168.1.5,719585640,1486345504,4344,1,689393
450,1574590229.546767,192.168.1.4,192.168.1.5,719589984,1486345504,6316,1,695709
451,1574590230.86967,192.168.1.4,192.168.1.5,1936589700,2906672751,91,1,695800
452,1574590230.87007,192.168.1.4,192.168.1.5,1497133862,1310216446,91,1,695891
453,1574590230.870488,192.168.1.4,192.168.1.5,1936589791,2906672751,24,1,695915
454,1574590230.872097,192.168.1.4,192.168.1.5,3356473124,2226765931,91,1,696006
455,1574590230.872517,192.168.1.4,192.168.1.5,3356473215,2226765931,24,1,696030
456,1574590230.873654,192.168.1.4,192.168.1.5,1497133953,1310216446,24,1,696054
457,1574590231.214053,192.168.1.4,192.168.1.5,1654167547,169882845,91,1,696145
458,1574590231.214802,192.168.1.5,192.168.1.4,169882845,1654167638,539,0,695606
459,1574590231.26122,192.168.1.4,192.168.1.5,1654167638,169883384,2070,1,697676
460,1574590231.302504,192.168.1.4,192.168.1.5,1654169708,169883384,1756,1,699432
461,1574590231.306838,192.168.1.5,192.168.1.4,169883384,1654171464,86,0,699346
462,1574590231.307451,192.168.1.5,192.168.1.4,169883470,1654171464,108,0,699238
463,1574590231.308032,192.168.1.5,192.168.1.4,169883578,1654171464,266,0,698972
464,1574590231.394091,192.168.1.4,192.168.1.5,1654171464,169883844,2070,1,701042
465,1574590231.395525,192.168.1.5,192.168.1.4,169883844,1654173534,53,0,700989
466,1574590231.395899,192.168.1.4,192.168.1.5,1654173534,169883897,4998,1,705987
467,1574590231.400199,192.168.1.5,192.168.1.4,169883897,1654178532,61,0,705926
468,1574590231.686545,192.168.1.4,192.168.1.5,1783110383,1527370616,91,1,706017
469,1574590231.686853,192.168.1.4,192.168.1.5,1783110474,1527370616,24,1,706041
