index,time,src_ip,dst_ip,tcp_seq,tcp_ack,tcp_len,direction,cumul_sum
1,1574590327.336873,192.168.1.5,192.168.1.4,2050233683,3530027595,343,0,-343
2,1574590327.337584,192.168.1.4,192.168.1.5,3530027595,2050234026,99,1,-244
3,1574590327.33803,192.168.1.5,192.168.1.4,2050234026,3530027694,382,0,-626
4,1574590327.356434,192.168.1.4,192.168.1.5,3530027694,2050234408,2266,1,1640
5,1574590327.357348,192.168.1.5,192.168.1.4,2050234408,3530029960,74,0,1566
6,1574590327.35755,192.168.1.5,192.168.1.4,2050234482,3530029960,245,0,1321
7,1574590327.357807,192.168.1.4,192.168.1.5,3530029960,2050234727,79,1,1400
8,1574590327.357903,192.168.1.4,192.168.1.5,3530030039,2050234727,79,1,1479
9,1574590327.49835,192.168.1.5,192.168.1.4,3523218059,1645853120,343,0,1136
10,1574590327.499025,192.168.1.4,192.168.1.5,1645853120,3523218402,99,1,1235
11,1574590327.499294,192.168.1.5,192.168.1.4,3523218402,1645853219,382,0,853
12,1574590327.500578,192.168.1.5,192.168.1.4,836049120,2575167693,343,0,510
13,1574590327.512627,192.168.1.4,192.168.1.5,2575167693,836049463,99,1,609
14,1574590327.512995,192.168.1.5,192.168.1.4,836049463,2575167792,382,0,227
15,1574590327.524084,192.168.1.4,192.168.1.5,1645853219,3523218784,2266,1,2493
16,1574590327.525793,192.168.1.5,192.168.1.4,3523218784,1645855485,74,0,2419
17,1574590327.526043,192.168.1.5,192.168.1.4,3523218858,1645855485,235,0,2184
18,1574590327.526322,192.168.1.4,192.168.1.5,1645855485,3523219093,79,1,2263
19,1574590327.526407,192.168.1.4,192.168.1.5,1645855564,3523219093,79,1,2342
20,1574590327.532352,192.168.1.4,192.168.1.5,2575167792,836049845,2266,1,4608
21,1574590327.533458,192.168.1.5,192.168.1.4,836049845,2575170058,74,0,4534
22,1574590327.533646,192.168.1.5,192.168.1.4,836049919,2575170058,235,0,4299
23,1574590327.533961,192.168.1.4,192.168.1.5,2575170058,836050154,79,1,4378
24,1574590327.534088,192.168.1.4,192.168.1.5,2575170137,836050154,79,1,4457
25,1574590329.106957,192.168.1.5,192.168.1.4,786361281,2888554339,343,0,4114
26,1574590329.107629,192.168.1.4,192.168.1.5,2888554339,786361624,99,1,4213
27,1574590329.108403,192.168.1.5,192.168.1.4,786361624,2888554438,382,0,3831
28,1574590329.118084,192.168.1.4,192.168.1.5,2888554438,786362006,2266,1,6097
29,1574590329.118995,192.168.1.5,192.168.1.4,786362006,2888556704,74,0,6023
30,1574590329.119128,192.168.1.5,192.168.1.4,786362080,2888556704,237,0,5786
31,1574590329.119407,192.168.1.4,192.168.1.5,2888556704,786362317,79,1,5865
32,1574590329.120007,192.168.1.4,192.168.1.5,2888556783,786362317,79,1,5944
33,1574590329.771338,192.168.1.4,192.168.1.5,3530030118,2050234727,91,1,6035
34,1574590329.771855,192.168.1.5,192.168.1.4,2050234727,3530030209,539,0,5496
35,1574590329.813648,192.168.1.4,192.168.1.5,3530030209,2050235266,2070,1,7566
36,1574590329.85453,192.168.1.4,192.168.1.5,3530032279,2050235266,1018,1,8584
37,1574590329.861162,192.168.1.5,192.168.1.4,2050235266,3530033297,86,0,8498
38,1574590329.862003,192.168.1.5,192.168.1.4,2050235352,3530033297,108,0,8390
39,1574590329.862678,192.168.1.5,192.168.1.4,2050235460,3530033297,321,0,8069
40,1574590329.862851,192.168.1.5,192.168.1.4,2050235781,3530033297,54,0,8015
41,1574590329.894764,192.168.1.4,192.168.1.5,3530033297,2050235835,586,1,8601
42,1574590329.895469,192.168.1.5,192.168.1.4,2050235835,3530033883,53,0,8548
43,1574590329.90055,192.168.1.4,192.168.1.5,3530033883,2050235888,53,1,8601
44,1574590329.942335,192.168.1.4,192.168.1.5,3530033936,2050235888,1431,1,10032
45,1574590329.945483,192.168.1.5,192.168.1.4,2050235888,3530035367,61,0,9971
46,1574590330.170541,192.168.1.4,192.168.1.5,1645855643,3523219093,91,1,10062
47,1574590330.17146,192.168.1.5,192.168.1.4,3523219093,1645855734,539,0,9523
48,1574590330.214902,192.168.1.4,192.168.1.5,1645855734,3523219632,2070,1,11593
49,1574590330.258404,192.168.1.4,192.168.1.5,1645857804,3523219632,599,1,12192
50,1574590330.262154,192.168.1.5,192.168.1.4,3523219632,1645858403,86,0,12106
51,1574590330.262781,192.168.1.5,192.168.1.4,3523219718,1645858403,108,0,11998
52,1574590330.263416,192.168.1.5,192.168.1.4,3523219826,1645858403,369,0,11629
53,1574590330.296216,192.168.1.4,192.168.1.5,1645858403,3523220195,617,1,12246
54,1574590330.296768,192.168.1.5,192.168.1.4,3523220195,1645859020,53,0,12193
55,1574590330.306902,192.168.1.4,192.168.1.5,1645859020,3523220248,2070,1,14263
56,1574590330.336398,192.168.1.4,192.168.1.5,2575170216,836050154,91,1,14354
57,1574590330.336812,192.168.1.5,192.168.1.4,836050154,2575170307,598,0,13756
58,1574590330.350383,192.168.1.4,192.168.1.5,1645861090,3523220248,12985,1,26741
59,1574590330.351605,192.168.1.5,192.168.1.4,3523220248,1645874075,61,0,26680
60,1574590330.361316,192.168.1.5,192.168.1.4,2068756998,3762353076,343,0,26337
61,1574590330.361859,192.168.1.4,192.168.1.5,3762353076,2068757341,99,1,26436
62,1574590330.362286,192.168.1.5,192.168.1.4,2068757341,3762353175,382,0,26054
63,1574590330.365146,192.168.1.5,192.168.1.4,483584420,51930013,343,0,25711
64,1574590330.367115,192.168.1.5,192.168.1.4,3523220309,1645874075,149,0,25562
65,1574590330.368443,192.168.1.4,192.168.1.5,51930013,483584763,99,1,25661
66,1574590330.368807,192.168.1.5,192.168.1.4,483584763,51930112,382,0,25279
67,1574590330.370872,192.168.1.5,192.168.1.4,3523220458,1645874075,121,0,25158
68,1574590330.372309,192.168.1.4,192.168.1.5,2575170307,836050752,234,1,25392
69,1574590330.373991,192.168.1.5,192.168.1.4,836050752,2575170541,86,0,25306
70,1574590330.379183,192.168.1.5,192.168.1.4,1463712376,1256064801,343,0,24963
71,1574590330.383247,192.168.1.5,192.168.1.4,1818267740,4257535432,343,0,24620
72,1574590330.38374,192.168.1.4,192.168.1.5,1256064801,1463712719,99,1,24719
73,1574590330.384427,192.168.1.5,192.168.1.4,1463712719,1256064900,382,0,24337
74,1574590330.392593,192.168.1.4,192.168.1.5,4257535432,1818268083,99,1,24436
75,1574590330.392999,192.168.1.5,192.168.1.4,1818268083,4257535531,382,0,24054
76,1574590330.401304,192.168.1.4,192.168.1.5,51930112,483585145,2266,1,26320
77,1574590330.402737,192.168.1.5,192.168.1.4,483585145,51932378,74,0,26246
78,1574590330.402907,192.168.1.5,192.168.1.4,483585219,51932378,247,0,25999
79,1574590330.40673,192.168.1.4,192.168.1.5,1645874075,3523220579,2070,1,28069
80,1574590330.410493,192.168.1.4,192.168.1.5,3762353175,2068757723,2266,1,30335
81,1574590330.41181,192.168.1.5,192.168.1.4,2068757723,3762355441,74,0,30261
82,1574590330.412551,192.168.1.5,192.168.1.4,2068757797,3762355441,247,0,30014
83,1574590330.412634,192.168.1.4,192.168.1.5,3762355441,2068757797,79,1,30093
84,1574590330.412832,192.168.1.4,192.168.1.5,3762355520,2068758044,79,1,30172
85,1574590330.423088,192.168.1.4,192.168.1.5,51932378,483585466,79,1,30251
86,1574590330.425478,192.168.1.4,192.168.1.5,51932457,483585466,79,1,30330
87,1574590330.432197,192.168.1.4,192.168.1.5,1645876145,3523220579,13032,1,43362
88,1574590330.432364,192.168.1.4,192.168.1.5,1645889177,3523220579,3374,1,46736
89,1574590330.432405,192.168.1.4,192.168.1.5,1645892551,3523220579,10136,1,56872
90,1574590330.432601,192.168.1.4,192.168.1.5,1645902687,3523220579,7049,1,63921
91,1574590330.43477,192.168.1.4,192.168.1.5,1256064900,1463713101,2266,1,66187
92,1574590330.436097,192.168.1.5,192.168.1.4,1463713101,1256067166,74,0,66113
93,1574590330.436259,192.168.1.5,192.168.1.4,1463713175,1256067166,257,0,65856
94,1574590330.437935,192.168.1.4,192.168.1.5,4257535531,1818268465,2266,1,68122
95,1574590330.438224,192.168.1.4,192.168.1.5,1256067166,1463713432,79,1,68201
96,1574590330.438316,192.168.1.4,192.168.1.5,1256067245,1463713432,79,1,68280
97,1574590330.44364,192.168.1.5,192.168.1.4,1818268465,4257537797,74,0,68206
98,1574590330.443787,192.168.1.5,192.168.1.4,1818268539,4257537797,257,0,67949
99,1574590330.444105,192.168.1.4,192.168.1.5,4257537797,1818268539,79,1,68028
100,1574590330.444225,192.168.1.4,192.168.1.5,4257537876,1818268796,79,1,68107
101,1574590330.446492,192.168.1.5,192.168.1.4,3523220579,1645909736,61,0,68046
102,1574590330.447099,192.168.1.4,192.168.1.5,1645909736,3523220640,7256,1,75302
103,1574590333.085476,192.168.1.4,192.168.1.5,2888556862,786362317,91,1,75393
104,1574590333.085995,192.168.1.5,192.168.1.4,786362317,2888556953,539,0,74854
105,1574590333.126469,192.168.1.4,192.168.1.5,2888556953,786362856,2070,1,76924
106,1574590333.169338,192.168.1.4,192.168.1.5,2888559023,786362856,1755,1,78679
107,1574590333.173032,192.168.1.5,192.168.1.4,786362856,2888560778,86,0,78593
108,1574590333.185605,192.168.1.5,192.168.1.4,786362942,2888560778,108,0,78485
109,1574590333.186017,192.168.1.5,192.168.1.4,786363050,2888560778,279,0,78206
110,1574590333.2262,192.168.1.4,192.168.1.5,2888560778,786363329,2070,1,80276
111,1574590333.227306,192.168.1.5,192.168.1.4,786363329,2888562848,53,0,80223
112,1574590333.227674,192.168.1.4,192.168.1.5,2888562848,786363382,1405,1,81628
113,1574590333.228212,192.168.1.5,192.168.1.4,786363382,2888564253,61,0,81567
114,1574590333.73773,192.168.1.4,192.168.1.5,3762355599,2068758044,91,1,81658
115,1574590333.73817,192.168.1.5,192.168.1.4,2068758044,3762355690,539,0,81119
116,1574590333.781177,192.168.1.4,192.168.1.5,3762355690,2068758583,2070,1,83189
117,1574590333.822529,192.168.1.4,192.168.1.5,3762357760,2068758583,1889,1,85078
118,1574590333.827388,192.168.1.5,192.168.1.4,2068758583,3762359649,86,0,84992
119,1574590333.835653,192.168.1.5,192.168.1.4,2068758669,3762359649,108,0,84884
120,1574590333.835913,192.168.1.5,192.168.1.4,483585466,51932536,24,0,84860
121,1574590333.838486,192.168.1.5,192.168.1.4,2068758777,3762359649,268,0,84592
122,1574590333.838642,192.168.1.5,192.168.1.4,2068759045,3762359649,138,0,84454
123,1574590333.866596,192.168.1.4,192.168.1.5,3762359649,2068759183,586,1,85040
124,1574590333.867026,192.168.1.5,192.168.1.4,2068759183,3762360235,53,0,84987
125,1574590333.870239,192.168.1.4,192.168.1.5,3762360235,2068759236,53,1,85040
126,1574590333.910272,192.168.1.4,192.168.1.5,3762360288,2068759236,2034,1,87074
127,1574590333.927648,192.168.1.5,192.168.1.4,2068759236,3762362322,61,0,87013
128,1574590333.931444,192.168.1.5,192.168.1.4,2806170935,534330887,343,0,86670
129,1574590333.931907,192.168.1.4,192.168.1.5,534330887,2806171278,99,1,86769
130,1574590333.932316,192.168.1.5,192.168.1.4,2806171278,534330986,382,0,86387
131,1574590333.947132,192.168.1.4,192.168.1.5,534330986,2806171660,2266,1,88653
132,1574590333.948011,192.168.1.5,192.168.1.4,2806171660,534333252,74,0,88579
133,1574590333.948153,192.168.1.5,192.168.1.4,2806171734,534333252,241,0,88338
134,1574590333.948448,192.168.1.4,192.168.1.5,534333252,2806171975,79,1,88417
135,1574590333.948583,192.168.1.4,192.168.1.5,534333331,2806171975,79,1,88496
136,1574590333.957367,192.168.1.5,192.168.1.4,304538403,1821867380,343,0,88153
137,1574590333.957767,192.168.1.4,192.168.1.5,1821867380,304538746,99,1,88252
138,1574590333.958281,192.168.1.5,192.168.1.4,304538746,1821867479,382,0,87870
139,1574590333.961097,192.168.1.5,192.168.1.4,4058046675,2209949094,343,0,87527
140,1574590333.967963,192.168.1.5,192.168.1.4,1009947762,1849636286,343,0,87184
141,1574590333.968361,192.168.1.4,192.168.1.5,2209949094,4058047018,99,1,87283
142,1574590333.968895,192.168.1.5,192.168.1.4,4058047018,2209949193,382,0,86901
143,1574590333.969017,192.168.1.4,192.168.1.5,1849636286,1009948105,99,1,87000
144,1574590333.969374,192.168.1.5,192.168.1.4,1009948105,1849636385,382,0,86618
145,1574590333.977074,192.168.1.5,192.168.1.4,3407272485,2225175450,343,0,86275
146,1574590333.979815,192.168.1.5,192.168.1.4,3523220640,1645916992,117,0,86158
147,1574590333.986659,192.168.1.4,192.168.1.5,1821867479,304539128,2266,1,88424
148,1574590333.987493,192.168.1.4,192.168.1.5,2225175450,3407272828,99,1,88523
149,1574590333.988037,192.168.1.5,192.168.1.4,304539128,1821869745,74,0,88449
150,1574590333.988221,192.168.1.5,192.168.1.4,304539202,1821869745,245,0,88204
151,1574590333.989087,192.168.1.5,192.168.1.4,3407272828,2225175549,382,0,87822
152,1574590333.990952,192.168.1.5,192.168.1.4,782997236,769409437,343,0,87479
153,1574590334.00238,192.168.1.5,192.168.1.4,2318461989,106696282,343,0,87136
154,1574590334.003815,192.168.1.5,192.168.1.4,2518256828,2913725754,343,0,86793
155,1574590334.004323,192.168.1.4,192.168.1.5,769409437,782997579,99,1,86892
156,1574590334.00465,192.168.1.5,192.168.1.4,782997579,769409536,382,0,86510
157,1574590334.005197,192.168.1.5,192.168.1.4,304539202,1821869745,245,0,86265
158,1574590334.005677,192.168.1.5,192.168.1.4,4104106486,3649710576,343,0,85922
159,1574590334.006225,192.168.1.4,192.168.1.5,106696282,2318462332,99,1,86021
160,1574590334.006595,192.168.1.5,192.168.1.4,2318462332,106696381,382,0,85639
161,1574590334.006947,192.168.1.4,192.168.1.5,2913725754,2518257171,99,1,85738
162,1574590334.007337,192.168.1.5,192.168.1.4,2518257171,2913725853,382,0,85356
163,1574590334.021375,192.168.1.4,192.168.1.5,1645916992,3523220757,4118,1,89474
164,1574590334.02818,192.168.1.4,192.168.1.5,3649710576,4104106829,99,1,89573
165,1574590334.028736,192.168.1.4,192.168.1.5,1821869745,304539447,79,1,89652
166,1574590334.028752,192.168.1.4,192.168.1.5,1821869824,304539447,79,1,89731
167,1574590334.02919,192.168.1.5,192.168.1.4,4104106829,3649710675,382,0,89349
168,1574590334.043996,192.168.1.4,192.168.1.5,1645921110,3523220757,14480,1,103829
169,1574590334.044286,192.168.1.4,192.168.1.5,1645935590,3523220757,26966,1,130795
170,1574590334.04589,192.168.1.4,192.168.1.5,1645962556,3523220757,8530,1,139325
171,1574590334.04628,192.168.1.4,192.168.1.5,1645971086,3523220757,1440,1,140765
172,1574590334.047111,192.168.1.4,192.168.1.5,1645972526,3523220757,2858,1,143623
173,1574590334.056274,192.168.1.4,192.168.1.5,1645975384,3523220757,15620,1,159243
174,1574590334.056463,192.168.1.4,192.168.1.5,1645991004,3523220757,1440,1,160683
175,1574590334.061357,192.168.1.4,192.168.1.5,4257537955,1818268796,91,1,160774
176,1574590334.061386,192.168.1.4,192.168.1.5,51932536,483585490,91,1,160865
177,1574590334.061492,192.168.1.4,192.168.1.5,51932627,483585490,24,1,160889
178,1574590334.061962,192.168.1.4,192.168.1.5,1645992444,3523220757,8530,1,169419
179,1574590334.062767,192.168.1.5,192.168.1.4,1818268796,4257538046,539,0,168880
180,1574590334.067569,192.168.1.4,192.168.1.5,2209949193,4058047400,2266,1,171146
181,1574590334.068962,192.168.1.4,192.168.1.5,1849636385,1009948487,2266,1,173412
182,1574590334.070165,192.168.1.5,192.168.1.4,1009948487,1849638651,74,0,173338
183,1574590334.07038,192.168.1.5,192.168.1.4,1009948561,1849638651,245,0,173093
184,1574590334.07137,192.168.1.5,192.168.1.4,4058047400,2209951459,74,0,173019
185,1574590334.071608,192.168.1.5,192.168.1.4,4058047474,2209951459,245,0,172774
186,1574590334.07182,192.168.1.4,192.168.1.5,2209951459,4058047719,79,1,172853
187,1574590334.07193,192.168.1.4,192.168.1.5,2209951538,4058047719,79,1,172932
188,1574590334.072454,192.168.1.4,192.168.1.5,1849638651,1009948806,79,1,173011
189,1574590334.072551,192.168.1.4,192.168.1.5,1849638730,1009948806,79,1,173090
190,1574590334.073676,192.168.1.4,192.168.1.5,1646000974,3523220757,8472,1,181562
191,1574590334.075714,192.168.1.5,192.168.1.4,3523220757,1646009446,61,0,181501
192,1574590334.086193,192.168.1.4,192.168.1.5,106696381,2318462714,2266,1,183767
193,1574590334.087577,192.168.1.5,192.168.1.4,2318462714,106698647,74,0,183693
194,1574590334.087788,192.168.1.5,192.168.1.4,2318462788,106698647,257,0,183436
195,1574590334.09762,192.168.1.4,192.168.1.5,769409536,782997961,2266,1,185702
196,1574590334.098869,192.168.1.5,192.168.1.4,782997961,769411802,74,0,185628
197,1574590334.099021,192.168.1.5,192.168.1.4,782998035,769411802,257,0,185371
198,1574590334.102661,192.168.1.4,192.168.1.5,2225175549,3407273210,2266,1,187637
199,1574590334.103914,192.168.1.5,192.168.1.4,3407273210,2225177815,74,0,187563
200,1574590334.104116,192.168.1.5,192.168.1.4,3407273284,2225177815,237,0,187326
201,1574590334.106775,192.168.1.4,192.168.1.5,4257538046,1818269335,2070,1,189396
202,1574590334.107148,192.168.1.4,192.168.1.5,106698647,2318463045,79,1,189475
203,1574590334.10724,192.168.1.4,192.168.1.5,106698726,2318463045,79,1,189554
204,1574590334.10925,192.168.1.4,192.168.1.5,3649710675,4104107211,2266,1,191820
205,1574590334.10978,192.168.1.4,192.168.1.5,2225177815,3407273521,79,1,191899
206,1574590334.109918,192.168.1.4,192.168.1.5,2225177894,3407273521,79,1,191978
207,1574590334.110552,192.168.1.4,192.168.1.5,769411802,782998292,79,1,192057
208,1574590334.111092,192.168.1.4,192.168.1.5,769411881,782998292,79,1,192136
209,1574590334.111108,192.168.1.4,192.168.1.5,2913725853,2518257553,2266,1,194402
210,1574590334.112016,192.168.1.5,192.168.1.4,2518257553,2913728119,74,0,194328
211,1574590334.112188,192.168.1.5,192.168.1.4,2518257627,2913728119,257,0,194071
212,1574590334.112436,192.168.1.5,192.168.1.4,4104107211,3649712941,74,0,193997
213,1574590334.112481,192.168.1.4,192.168.1.5,2913728119,2518257884,79,1,194076
214,1574590334.11271,192.168.1.4,192.168.1.5,2913728198,2518257884,79,1,194155
215,1574590334.11304,192.168.1.5,192.168.1.4,4104107285,3649712941,257,0,193898
216,1574590334.113283,192.168.1.4,192.168.1.5,3649712941,4104107542,79,1,193977
217,1574590334.113397,192.168.1.4,192.168.1.5,3649713020,4104107542,79,1,194056
218,1574590334.150286,192.168.1.4,192.168.1.5,4257540116,1818269335,2723,1,196779
219,1574590334.153598,192.168.1.5,192.168.1.4,1818269335,4257542839,86,0,196693
220,1574590334.165572,192.168.1.5,192.168.1.4,1818269421,4257542839,108,0,196585
221,1574590334.165774,192.168.1.5,192.168.1.4,1463713432,1256067324,24,0,196561
222,1574590334.16598,192.168.1.5,192.168.1.4,782998292,769411960,24,0,196537
223,1574590334.166169,192.168.1.5,192.168.1.4,2318463045,106698805,24,0,196513
224,1574590334.166316,192.168.1.5,192.168.1.4,2518257884,2913728277,24,0,196489
225,1574590334.166471,192.168.1.5,192.168.1.4,4104107542,3649713099,24,0,196465
226,1574590334.168828,192.168.1.5,192.168.1.4,1818269529,4257542839,351,0,196114
227,1574590334.168999,192.168.1.5,192.168.1.4,1818269880,4257542839,161,0,195953
228,1574590334.169245,192.168.1.5,192.168.1.4,1818270041,4257542839,159,0,195794
229,1574590334.169483,192.168.1.5,192.168.1.4,1818270200,4257542839,158,0,195636
230,1574590334.16969,192.168.1.5,192.168.1.4,1818270358,4257542839,158,0,195478
231,1574590334.169908,192.168.1.5,192.168.1.4,1818270516,4257542839,160,0,195318
232,1574590334.191093,192.168.1.4,192.168.1.5,1256067324,1463713456,91,1,195409
233,1574590334.191119,192.168.1.4,192.168.1.5,1256067415,1463713456,24,1,195433
234,1574590334.195392,192.168.1.4,192.168.1.5,4257542839,1818270676,586,1,196019
235,1574590334.195982,192.168.1.5,192.168.1.4,1818270676,4257543425,53,0,195966
236,1574590334.208366,192.168.1.4,192.168.1.5,4257543425,1818270729,2070,1,198036
237,1574590334.250427,192.168.1.4,192.168.1.5,4257545495,1818270729,14480,1,212516
238,1574590334.250761,192.168.1.4,192.168.1.5,4257559975,1818270729,10904,1,223420
239,1574590334.256494,192.168.1.4,192.168.1.5,4257570879,1818270729,4118,1,227538
240,1574590334.261331,192.168.1.5,192.168.1.4,1818270729,4257574997,61,0,227477
241,1574590334.262414,192.168.1.4,192.168.1.5,4257574997,1818270790,16406,1,243883
242,1574590334.262613,192.168.1.4,192.168.1.5,4257591403,1818270790,10738,1,254621
243,1574590334.276243,192.168.1.5,192.168.1.4,4009902788,2039225625,343,0,254278
244,1574590334.276688,192.168.1.4,192.168.1.5,2039225625,4009903131,99,1,254377
245,1574590334.27724,192.168.1.5,192.168.1.4,4009903131,2039225724,382,0,253995
246,1574590334.278555,192.168.1.5,192.168.1.4,2229609164,3544547546,343,0,253652
247,1574590334.282038,192.168.1.5,192.168.1.4,2484710797,1290018480,343,0,253309
248,1574590334.282683,192.168.1.4,192.168.1.5,3544547546,2229609507,99,1,253408
249,1574590334.282958,192.168.1.5,192.168.1.4,2229609507,3544547645,382,0,253026
250,1574590334.286319,192.168.1.4,192.168.1.5,1290018480,2484711140,99,1,253125
251,1574590334.286651,192.168.1.5,192.168.1.4,2484711140,1290018579,382,0,252743
252,1574590334.291945,192.168.1.4,192.168.1.5,4257602141,1818270790,16406,1,269149
253,1574590334.292034,192.168.1.4,192.168.1.5,4257618547,1818270790,13032,1,282181
254,1574590334.293867,192.168.1.4,192.168.1.5,4257631579,1818270790,3872,1,286053
255,1574590334.305336,192.168.1.4,192.168.1.5,4257635451,1818270790,16406,1,302459
256,1574590334.305482,192.168.1.4,192.168.1.5,4257651857,1818270790,14480,1,316939
257,1574590334.305695,192.168.1.4,192.168.1.5,4257666337,1818270790,1926,1,318865
258,1574590334.305733,192.168.1.4,192.168.1.5,4257668263,1818270790,1190,1,320055
259,1574590334.306144,192.168.1.5,192.168.1.4,239464831,3554734142,343,0,319712
260,1574590334.307306,192.168.1.4,192.168.1.5,2039225724,4009903513,2266,1,321978
261,1574590334.308154,192.168.1.5,192.168.1.4,4009903513,2039227990,74,0,321904
262,1574590334.308297,192.168.1.5,192.168.1.4,4009903587,2039227990,255,0,321649
263,1574590334.309135,192.168.1.4,192.168.1.5,2039227990,4009903842,79,1,321728
264,1574590334.309157,192.168.1.4,192.168.1.5,2039228069,4009903842,79,1,321807
265,1574590334.309543,192.168.1.4,192.168.1.5,3554734142,239465174,99,1,321906
266,1574590334.309774,192.168.1.5,192.168.1.4,239465174,3554734241,382,0,321524
267,1574590334.313411,192.168.1.5,192.168.1.4,1815102079,2741023727,343,0,321181
268,1574590334.314909,192.168.1.4,192.168.1.5,4257669453,1818270790,16406,1,337587
269,1574590334.315035,192.168.1.4,192.168.1.5,4257685859,1818270790,14480,1,352067
270,1574590334.315142,192.168.1.4,192.168.1.5,4257700339,1818270790,3902,1,355969
271,1574590334.320852,192.168.1.4,192.168.1.5,2741023727,1815102422,99,1,356068
272,1574590334.321254,192.168.1.5,192.168.1.4,1815102422,2741023826,382,0,355686
273,1574590334.330848,192.168.1.4,192.168.1.5,3544547645,2229609889,2266,1,357952
274,1574590334.330996,192.168.1.4,192.168.1.5,1290018579,2484711522,2266,1,360218
275,1574590334.3319,192.168.1.5,192.168.1.4,2229609889,3544549911,74,0,360144
276,1574590334.332063,192.168.1.5,192.168.1.4,2229609963,3544549911,265,0,359879
277,1574590334.332286,192.168.1.4,192.168.1.5,3544549911,2229610228,79,1,359958
278,1574590334.332347,192.168.1.4,192.168.1.5,3544549990,2229610228,79,1,360037
279,1574590334.336541,192.168.1.4,192.168.1.5,3554734241,239465556,2266,1,362303
280,1574590334.337001,192.168.1.5,192.168.1.4,2484711522,1290020845,74,0,362229
281,1574590334.337273,192.168.1.5,192.168.1.4,2484711596,1290020845,265,0,361964
282,1574590334.337527,192.168.1.4,192.168.1.5,1290020845,2484711861,79,1,362043
283,1574590334.337633,192.168.1.4,192.168.1.5,1290020924,2484711861,79,1,362122
284,1574590334.338339,192.168.1.5,192.168.1.4,239465556,3554736507,74,0,362048
285,1574590334.338484,192.168.1.5,192.168.1.4,239465630,3554736507,265,0,361783
286,1574590334.342371,192.168.1.4,192.168.1.5,3554736507,239465895,79,1,361862
287,1574590334.342398,192.168.1.4,192.168.1.5,3554736586,239465895,79,1,361941
288,1574590334.343643,192.168.1.4,192.168.1.5,2741023826,1815102804,2266,1,364207
289,1574590334.344468,192.168.1.5,192.168.1.4,1815102804,2741026092,74,0,364133
290,1574590334.344589,192.168.1.5,192.168.1.4,1815102878,2741026092,265,0,363868
291,1574590334.344983,192.168.1.4,192.168.1.5,2741026092,1815103143,79,1,363947
292,1574590334.345003,192.168.1.4,192.168.1.5,2741026171,1815103143,79,1,364026
293,1574590334.356696,192.168.1.5,192.168.1.4,3578048451,2347327629,343,0,363683
294,1574590334.35708,192.168.1.4,192.168.1.5,2347327629,3578048794,99,1,363782
295,1574590334.357373,192.168.1.5,192.168.1.4,3578048794,2347327728,382,0,363400
296,1574590334.358461,192.168.1.4,192.168.1.5,4257704241,1818270790,16406,1,379806
297,1574590334.358551,192.168.1.4,192.168.1.5,4257720647,1818270790,7492,1,387298
298,1574590334.364929,192.168.1.5,192.168.1.4,2370386719,2733161782,343,0,386955
299,1574590334.36771,192.168.1.4,192.168.1.5,2347327728,3578049176,2266,1,389221
300,1574590334.368291,192.168.1.4,192.168.1.5,2733161782,2370387062,99,1,389320
301,1574590334.368827,192.168.1.5,192.168.1.4,3578049176,2347329994,74,0,389246
302,1574590334.368968,192.168.1.5,192.168.1.4,3578049250,2347329994,265,0,388981
303,1574590334.369171,192.168.1.4,192.168.1.5,2347329994,3578049515,79,1,389060
304,1574590334.369301,192.168.1.5,192.168.1.4,2370387062,2733161881,382,0,388678
305,1574590334.369355,192.168.1.4,192.168.1.5,2347330073,3578049515,79,1,388757
306,1574590334.380683,192.168.1.4,192.168.1.5,2733161881,2370387444,2266,1,391023
307,1574590334.381695,192.168.1.5,192.168.1.4,2370387444,2733164147,74,0,390949
308,1574590334.381862,192.168.1.5,192.168.1.4,2370387518,2733164147,265,0,390684
309,1574590334.382077,192.168.1.4,192.168.1.5,2733164147,2370387783,79,1,390763
310,1574590334.384403,192.168.1.4,192.168.1.5,2733164226,2370387783,79,1,390842
311,1574590334.580617,192.168.1.5,192.168.1.4,3739044518,667726353,343,0,390499
312,1574590334.58122,192.168.1.4,192.168.1.5,667726353,3739044861,99,1,390598
313,1574590334.5815,192.168.1.5,192.168.1.4,3739044861,667726452,382,0,390216
314,1574590334.593851,192.168.1.4,192.168.1.5,667726452,3739045243,2266,1,392482
315,1574590334.59532,192.168.1.5,192.168.1.4,3739045243,667728718,74,0,392408
316,1574590334.595488,192.168.1.5,192.168.1.4,3739045317,667728718,241,0,392167
317,1574590334.595693,192.168.1.4,192.168.1.5,667728718,3739045558,79,1,392246
318,1574590334.595755,192.168.1.4,192.168.1.5,667728797,3739045558,79,1,392325
319,1574590334.606987,192.168.1.5,192.168.1.4,1911956141,2758854864,343,0,391982
320,1574590334.607442,192.168.1.4,192.168.1.5,2758854864,1911956484,99,1,392081
321,1574590334.607712,192.168.1.5,192.168.1.4,1911956484,2758854963,382,0,391699
322,1574590334.609456,192.168.1.5,192.168.1.4,418126343,1592268574,343,0,391356
323,1574590334.611349,192.168.1.5,192.168.1.4,3111632956,1601332209,343,0,391013
324,1574590334.613411,192.168.1.5,192.168.1.4,1175107702,2345515240,343,0,390670
325,1574590334.613876,192.168.1.4,192.168.1.5,1592268574,418126686,99,1,390769
326,1574590334.61411,192.168.1.5,192.168.1.4,418126686,1592268673,382,0,390387
327,1574590334.618273,192.168.1.4,192.168.1.5,2345515240,1175108045,99,1,390486
328,1574590334.618654,192.168.1.5,192.168.1.4,1175108045,2345515339,382,0,390104
329,1574590334.618883,192.168.1.4,192.168.1.5,1601332209,3111633299,99,1,390203
330,1574590334.619193,192.168.1.5,192.168.1.4,3111633299,1601332308,382,0,389821
331,1574590334.631195,192.168.1.4,192.168.1.5,1601332308,3111633681,2266,1,392087
332,1574590334.63219,192.168.1.5,192.168.1.4,3111633681,1601334574,74,0,392013
333,1574590334.632311,192.168.1.5,192.168.1.4,3111633755,1601334574,241,0,391772
334,1574590334.63991,192.168.1.4,192.168.1.5,1592268673,418127068,2266,1,394038
335,1574590334.640905,192.168.1.5,192.168.1.4,418127068,1592270939,74,0,393964
336,1574590334.641051,192.168.1.5,192.168.1.4,418127142,1592270939,241,0,393723
337,1574590334.645329,192.168.1.5,192.168.1.4,3111633755,1601334574,241,0,393482
338,1574590334.647441,192.168.1.4,192.168.1.5,2758854963,1911956866,2266,1,395748
339,1574590334.647732,192.168.1.4,192.168.1.5,1592270939,418127383,79,1,395827
340,1574590334.64848,192.168.1.4,192.168.1.5,1592271018,418127383,79,1,395906
341,1574590334.648629,192.168.1.5,192.168.1.4,1911956866,2758857229,74,0,395832
342,1574590334.648736,192.168.1.5,192.168.1.4,1911956940,2758857229,241,0,395591
343,1574590334.648946,192.168.1.4,192.168.1.5,2758857229,1911957181,79,1,395670
344,1574590334.64903,192.168.1.4,192.168.1.5,2758857308,1911957181,79,1,395749
345,1574590334.651488,192.168.1.4,192.168.1.5,2345515339,1175108427,2266,1,398015
346,1574590334.651678,192.168.1.4,192.168.1.5,1601334574,3111633996,79,1,398094
347,1574590334.651778,192.168.1.4,192.168.1.5,1601334653,3111633996,79,1,398173
348,1574590334.652652,192.168.1.5,192.168.1.4,1175108427,2345517605,74,0,398099
349,1574590334.652789,192.168.1.5,192.168.1.4,1175108501,2345517605,241,0,397858
350,1574590334.653024,192.168.1.4,192.168.1.5,2345517605,1175108742,79,1,397937
351,1574590334.653133,192.168.1.4,192.168.1.5,2345517684,1175108742,79,1,398016
352,1574590339.100111,192.168.1.4,192.168.1.5,2575170541,836050838,24,1,398040
353,1574590339.780421,192.168.1.4,192.168.1.5,769411960,782998316,91,1,398131
354,1574590339.78144,192.168.1.4,192.168.1.5,769412051,782998316,24,1,398155
355,1574590340.989284,192.168.1.4,192.168.1.5,1849638809,1009948806,91,1,398246
356,1574590340.98953,192.168.1.4,192.168.1.5,1290021003,2484711861,91,1,398337
357,1574590340.990371,192.168.1.4,192.168.1.5,2225177973,3407273521,91,1,398428
358,1574590340.99096,192.168.1.5,192.168.1.4,2484711861,1290021094,539,0,397889
359,1574590340.991131,192.168.1.5,192.168.1.4,1009948806,1849638900,539,0,397350
360,1574590340.991354,192.168.1.4,192.168.1.5,1821869903,304539447,91,1,397441
361,1574590340.992255,192.168.1.5,192.168.1.4,3407273521,2225178064,539,0,396902
362,1574590340.992843,192.168.1.5,192.168.1.4,304539447,1821869994,539,0,396363
363,1574590340.993884,192.168.1.4,192.168.1.5,534333410,2806171975,91,1,396454
364,1574590340.994133,192.168.1.4,192.168.1.5,3649713099,4104107566,91,1,396545
365,1574590340.99553,192.168.1.4,192.168.1.5,3649713190,4104107566,24,1,396569
366,1574590340.996547,192.168.1.5,192.168.1.4,2806171975,534333501,539,0,396030
367,1574590341.047883,192.168.1.4,192.168.1.5,1290021094,2484712400,2070,1,398100
368,1574590341.048157,192.168.1.4,192.168.1.5,1849638900,1009949345,2070,1,400170
369,1574590341.048322,192.168.1.4,192.168.1.5,1821869994,304539986,2070,1,402240
370,1574590341.048518,192.168.1.4,192.168.1.5,2225178064,3407274060,2070,1,404310
371,1574590341.049675,192.168.1.4,192.168.1.5,534333501,2806172514,2070,1,406380
372,1574590341.090345,192.168.1.4,192.168.1.5,1849640970,1009949345,1888,1,408268
373,1574590341.090406,192.168.1.4,192.168.1.5,2225180134,3407274060,1756,1,410024
374,1574590341.090517,192.168.1.4,192.168.1.5,1290023164,2484712400,2739,1,412763
375,1574590341.090617,192.168.1.4,192.168.1.5,1821872064,304539986,1890,1,414653
376,1574590341.090743,192.168.1.4,192.168.1.5,534335571,2806172514,1756,1,416409
377,1574590341.097312,192.168.1.5,192.168.1.4,2484712400,1290025903,115,0,416294
378,1574590341.108906,192.168.1.5,192.168.1.4,1009949345,1849642858,86,0,416208
379,1574590341.110442,192.168.1.5,192.168.1.4,304539986,1821873954,86,0,416122
380,1574590341.112019,192.168.1.5,192.168.1.4,3407274060,2225181890,86,0,416036
381,1574590341.113347,192.168.1.5,192.168.1.4,2806172514,534337327,86,0,415950
382,1574590341.113778,192.168.1.5,192.168.1.4,304540072,1821873954,24,0,415926
383,1574590341.11411,192.168.1.4,192.168.1.5,1821873954,304540096,24,1,415950
384,1574590341.115017,192.168.1.5,192.168.1.4,2484712515,1290025903,115,0,415835
385,1574590341.11531,192.168.1.5,192.168.1.4,2229610228,3544550069,24,0,415811
386,1574590341.115506,192.168.1.5,192.168.1.4,239465895,3554736665,24,0,415787
387,1574590341.115676,192.168.1.5,192.168.1.4,1815103143,2741026250,24,0,415763
388,1574590341.115901,192.168.1.5,192.168.1.4,3578049515,2347330152,24,0,415739
389,1574590341.116045,192.168.1.5,192.168.1.4,2370387783,2733164305,24,0,415715
390,1574590341.117329,192.168.1.5,192.168.1.4,1009949431,1849642858,108,0,415607
391,1574590341.117691,192.168.1.5,192.168.1.4,4058047719,2209951617,24,0,415583
392,1574590341.119739,192.168.1.5,192.168.1.4,3407274146,2225181890,108,0,415475
393,1574590341.122265,192.168.1.5,192.168.1.4,2806172600,534337327,108,0,415367
394,1574590341.122751,192.168.1.5,192.168.1.4,3739045558,667728876,24,0,415343
395,1574590341.122987,192.168.1.5,192.168.1.4,1911957181,2758857387,24,0,415319
396,1574590341.123242,192.168.1.5,192.168.1.4,418127383,1592271097,24,0,415295
397,1574590341.123468,192.168.1.5,192.168.1.4,3111633996,1601334732,24,0,415271
398,1574590341.123698,192.168.1.5,192.168.1.4,1175108742,2345517763,24,0,415247
399,1574590341.131151,192.168.1.4,192.168.1.5,1290025903,2484712630,375,1,415622
400,1574590341.131942,192.168.1.5,192.168.1.4,2484712630,1290026278,60,0,415562
401,1574590341.132107,192.168.1.5,192.168.1.4,2484712690,1290026278,354,0,415208
402,1574590341.132213,192.168.1.5,192.168.1.4,2484713044,1290026278,177,0,415031
403,1574590341.132381,192.168.1.5,192.168.1.4,2484713221,1290026278,178,0,414853
404,1574590341.132491,192.168.1.5,192.168.1.4,2484713399,1290026278,178,0,414675
405,1574590341.132631,192.168.1.5,192.168.1.4,2484713577,1290026278,177,0,414498
406,1574590341.132773,192.168.1.5,192.168.1.4,2484713754,1290026278,177,0,414321
407,1574590341.134124,192.168.1.5,192.168.1.4,1009949539,1849642858,266,0,414055
408,1574590341.134372,192.168.1.5,192.168.1.4,1009949805,1849642858,110,0,413945
409,1574590341.134574,192.168.1.5,192.168.1.4,1009949915,1849642858,108,0,413837
410,1574590341.134762,192.168.1.5,192.168.1.4,3407274254,2225181890,266,0,413571
411,1574590341.141002,192.168.1.5,192.168.1.4,2806172708,534337327,381,0,413190
412,1574590341.141287,192.168.1.5,192.168.1.4,2806173089,534337327,118,0,413072
413,1574590341.141392,192.168.1.5,192.168.1.4,2806173207,534337327,115,0,412957
414,1574590341.141571,192.168.1.5,192.168.1.4,2806173322,534337327,107,0,412850
415,1574590341.141764,192.168.1.5,192.168.1.4,2806173429,534337327,158,0,412692
416,1574590341.141937,192.168.1.5,192.168.1.4,2806173587,534337327,110,0,412582
417,1574590341.142141,192.168.1.5,192.168.1.4,2806173697,534337327,109,0,412473
418,1574590341.142249,192.168.1.5,192.168.1.4,2806173806,534337327,109,0,412364
419,1574590341.142373,192.168.1.5,192.168.1.4,2806173915,534337327,109,0,412255
420,1574590341.145793,192.168.1.4,192.168.1.5,1849642858,1009950023,586,1,412841
421,1574590341.146069,192.168.1.5,192.168.1.4,1009950023,1849643444,53,0,412788
422,1574590341.146142,192.168.1.4,192.168.1.5,2225181890,3407274520,586,1,413374
423,1574590341.146322,192.168.1.5,192.168.1.4,3407274520,2225182476,53,0,413321
424,1574590341.151727,192.168.1.4,192.168.1.5,1849643444,1009950076,53,1,413374
425,1574590341.151839,192.168.1.4,192.168.1.5,1290026278,2484713931,60,1,413434
426,1574590341.15196,192.168.1.4,192.168.1.5,534337327,2806174024,586,1,414020
427,1574590341.155922,192.168.1.4,192.168.1.5,2225182476,3407274573,53,1,414073
428,1574590341.157863,192.168.1.5,192.168.1.4,2806174024,534337913,53,0,414020
429,1574590341.158492,192.168.1.4,192.168.1.5,534337913,2806174077,53,1,414073
430,1574590341.194628,192.168.1.4,192.168.1.5,1849643497,1009950076,13032,1,427105
431,1574590341.194989,192.168.1.4,192.168.1.5,1849656529,1009950076,2896,1,430001
432,1574590341.195097,192.168.1.4,192.168.1.5,1849659425,1009950076,5792,1,435793
433,1574590341.195145,192.168.1.4,192.168.1.5,1290026338,2484713931,4344,1,440137
434,1574590341.195332,192.168.1.4,192.168.1.5,1849665217,1009950076,2086,1,442223
435,1574590341.195413,192.168.1.4,192.168.1.5,1290030682,2484713931,4344,1,446567
436,1574590341.195616,192.168.1.4,192.168.1.5,1290035026,2484713931,5792,1,452359
437,1574590341.195937,192.168.1.4,192.168.1.5,1290040818,2484713931,1926,1,454285
438,1574590341.196029,192.168.1.4,192.168.1.5,1290042744,2484713931,8688,1,462973
439,1574590341.196175,192.168.1.4,192.168.1.5,1290051432,2484713931,1157,1,464130
440,1574590341.198372,192.168.1.4,192.168.1.5,2225182529,3407274573,6448,1,470578
441,1574590341.202588,192.168.1.4,192.168.1.5,534337966,2806174077,13032,1,483610
442,1574590341.202939,192.168.1.4,192.168.1.5,534350998,2806174077,2896,1,486506
443,1574590341.203143,192.168.1.4,192.168.1.5,534353894,2806174077,8688,1,495194
444,1574590341.203306,192.168.1.4,192.168.1.5,534362582,2806174077,5575,1,500769
445,1574590341.207038,192.168.1.4,192.168.1.5,1849667303,1009950076,5694,1,506463
446,1574590341.209677,192.168.1.4,192.168.1.5,1849672997,1009950076,4118,1,510581
447,1574590341.209717,192.168.1.4,192.168.1.5,1290052589,2484713931,2858,1,513439
448,1574590341.214131,192.168.1.4,192.168.1.5,1290055447,2484713931,5694,1,519133
449,1574590341.215997,192.168.1.4,192.168.1.5,1290061141,2484713931,2070,1,521203
450,1574590341.216185,192.168.1.4,192.168.1.5,1290063211,2484713931,2070,1,523273
451,1574590341.232394,192.168.1.4,192.168.1.5,1849677115,1009950076,11584,1,534857
452,1574590341.23256,192.168.1.4,192.168.1.5,1849688699,1009950076,4822,1,539679
453,1574590341.232621,192.168.1.4,192.168.1.5,1849693521,1009950076,11584,1,551263
454,1574590341.232738,192.168.1.4,192.168.1.5,1849705105,1009950076,4822,1,556085
455,1574590341.232855,192.168.1.4,192.168.1.5,1849709927,1009950076,26,1,556111
456,1574590341.234746,192.168.1.4,192.168.1.5,1849709953,1009950076,1440,1,557551
457,1574590341.236611,192.168.1.4,192.168.1.5,1849711393,1009950076,1440,1,558991
458,1574590341.239721,192.168.1.4,192.168.1.5,534368157,2806174077,7240,1,566231
459,1574590341.239877,192.168.1.4,192.168.1.5,534375397,2806174077,9166,1,575397
460,1574590341.239934,192.168.1.4,192.168.1.5,534384563,2806174077,1448,1,576845
461,1574590341.240087,192.168.1.4,192.168.1.5,534386011,2806174077,14958,1,591803
462,1574590341.240343,192.168.1.4,192.168.1.5,534400969,2806174077,498,1,592301
463,1574590341.240581,192.168.1.4,192.168.1.5,534401467,2806174077,810,1,593111
464,1574590341.241497,192.168.1.4,192.168.1.5,534402277,2806174077,2070,1,595181
465,1574590341.241718,192.168.1.4,192.168.1.5,534404347,2806174077,810,1,595991
466,1574590341.244395,192.168.1.4,192.168.1.5,534405157,2806174077,2070,1,598061
467,1574590341.244637,192.168.1.4,192.168.1.5,534407227,2806174077,810,1,598871
468,1574590341.248207,192.168.1.4,192.168.1.5,534408037,2806174077,2070,1,600941
469,1574590341.24846,192.168.1.4,192.168.1.5,534410107,2806174077,2070,1,603011
470,1574590341.252622,192.168.1.4,192.168.1.5,1290065281,2484713931,11584,1,614595
471,1574590341.254483,192.168.1.4,192.168.1.5,1290076865,2484713931,4822,1,619417
472,1574590341.254552,192.168.1.4,192.168.1.5,1290081687,2484713931,5792,1,625209
473,1574590341.254581,192.168.1.4,192.168.1.5,1290087479,2484713931,10614,1,635823
474,1574590341.254725,192.168.1.4,192.168.1.5,1290098093,2484713931,26,1,635849
475,1574590341.256276,192.168.1.4,192.168.1.5,1290098119,2484713931,2070,1,637919
476,1574590341.256321,192.168.1.4,192.168.1.5,1290100189,2484713931,810,1,638729
477,1574590341.256958,192.168.1.4,192.168.1.5,1290100999,2484713931,1440,1,640169
478,1574590341.259122,192.168.1.4,192.168.1.5,1290102439,2484713931,1440,1,641609
479,1574590341.263571,192.168.1.5,192.168.1.4,1009950076,1849712833,61,0,641548
480,1574590341.264018,192.168.1.4,192.168.1.5,1849712833,1009950137,3224,1,644772
481,1574590341.270418,192.168.1.5,192.168.1.4,3407274573,2225188977,61,0,644711
482,1574590341.271119,192.168.1.5,192.168.1.4,2806174077,534412177,61,0,644650
483,1574590341.271485,192.168.1.4,192.168.1.5,534412177,2806174138,16406,1,661056
484,1574590341.271763,192.168.1.4,192.168.1.5,534428583,2806174138,10738,1,671794
485,1574590341.289772,192.168.1.4,192.168.1.5,534439321,2806174138,16406,1,688200
486,1574590341.289906,192.168.1.4,192.168.1.5,534455727,2806174138,13032,1,701232
487,1574590341.290024,192.168.1.4,192.168.1.5,534468759,2806174138,3374,1,704606
488,1574590341.290131,192.168.1.4,192.168.1.5,534472133,2806174138,498,1,705104
489,1574590341.291203,192.168.1.4,192.168.1.5,1290103879,2484713931,11584,1,716688
490,1574590341.291448,192.168.1.4,192.168.1.5,1290115463,2484713931,4822,1,721510
491,1574590341.291489,192.168.1.4,192.168.1.5,1290120285,2484713931,16406,1,737916
492,1574590341.291672,192.168.1.4,192.168.1.5,1290136691,2484713931,498,1,738414
493,1574590341.291903,192.168.1.4,192.168.1.5,1290137189,2484713931,810,1,739224
494,1574590341.29436,192.168.1.4,192.168.1.5,1290137999,2484713931,2070,1,741294
495,1574590341.294419,192.168.1.4,192.168.1.5,1290140069,2484713931,810,1,742104
496,1574590341.295471,192.168.1.4,192.168.1.5,106698805,2318463069,91,1,742195
497,1574590341.295668,192.168.1.4,192.168.1.5,2039228148,4009903842,91,1,742286
498,1574590341.296114,192.168.1.4,192.168.1.5,106698896,2318463070,24,1,742310
499,1574590341.297076,192.168.1.5,192.168.1.4,4009903842,2039228239,539,0,741771
500,1574590341.29745,192.168.1.4,192.168.1.5,1290140879,2484713931,1440,1,743211
501,1574590341.297846,192.168.1.4,192.168.1.5,1290142319,2484713931,1440,1,744651
502,1574590341.316744,192.168.1.4,192.168.1.5,534472631,2806174138,7240,1,751891
503,1574590341.316942,192.168.1.4,192.168.1.5,534479871,2806174138,9166,1,761057
504,1574590341.316988,192.168.1.4,192.168.1.5,534489037,2806174138,13032,1,774089
505,1574590341.317004,192.168.1.4,192.168.1.5,534502069,2806174138,3374,1,777463
506,1574590341.317099,192.168.1.4,192.168.1.5,534505443,2806174138,498,1,777961
507,1574590341.321656,192.168.1.4,192.168.1.5,1290143759,2484713931,16406,1,794367
508,1574590341.321831,192.168.1.4,192.168.1.5,1290160165,2484713931,7240,1,801607
509,1574590341.322016,192.168.1.4,192.168.1.5,1290167405,2484713931,10452,1,812059
510,1574590341.324082,192.168.1.4,192.168.1.5,1290177857,2484713931,1440,1,813499
511,1574590341.325268,192.168.1.4,192.168.1.5,1290179297,2484713931,1440,1,814939
512,1574590341.358284,192.168.1.4,192.168.1.5,534505941,2806174138,1598,1,816537
513,1574590341.360798,192.168.1.4,192.168.1.5,2039228239,4009904381,1440,1,817977
514,1574590341.380388,192.168.1.4,192.168.1.5,534507539,2806174138,1440,1,819417
515,1574590341.383656,192.168.1.4,192.168.1.5,534508979,2806174138,2070,1,821487
516,1574590341.383716,192.168.1.4,192.168.1.5,534511049,2806174138,810,1,822297
517,1574590341.385945,192.168.1.4,192.168.1.5,534511859,2806174138,2070,1,824367
518,1574590341.386371,192.168.1.4,192.168.1.5,534513929,2806174138,2070,1,826437
519,1574590341.388993,192.168.1.4,192.168.1.5,1290180737,2484713931,2070,1,828507
520,1574590341.391898,192.168.1.4,192.168.1.5,1290182807,2484713931,13032,1,841539
521,1574590341.392199,192.168.1.4,192.168.1.5,1290195839,2484713931,3374,1,844913
522,1574590341.392247,192.168.1.4,192.168.1.5,1290199213,2484713931,16406,1,861319
523,1574590341.392501,192.168.1.4,192.168.1.5,1290215619,2484713931,810,1,862129
524,1574590341.392689,192.168.1.4,192.168.1.5,1290216429,2484713931,2070,1,864199
525,1574590341.39286,192.168.1.4,192.168.1.5,1290218499,2484713931,2070,1,866269
526,1574590341.394927,192.168.1.4,192.168.1.5,1290220569,2484713931,16406,1,882675
527,1574590341.395033,192.168.1.4,192.168.1.5,1290236975,2484713931,8688,1,891363
528,1574590341.395204,192.168.1.4,192.168.1.5,1290245663,2484713931,13032,1,904395
529,1574590341.395501,192.168.1.4,192.168.1.5,1290258695,2484713931,17376,1,921771
530,1574590341.395633,192.168.1.4,192.168.1.5,1290276071,2484713931,11584,1,933355
531,1574590341.395722,192.168.1.4,192.168.1.5,1290287655,2484713931,6796,1,940151
532,1574590341.396204,192.168.1.4,192.168.1.5,1290294451,2484713931,14480,1,954631
533,1574590341.396434,192.168.1.4,192.168.1.5,1290308931,2484713931,1926,1,956557
534,1574590341.396474,192.168.1.4,192.168.1.5,1290310857,2484713931,16406,1,972963
535,1574590341.396687,192.168.1.4,192.168.1.5,1290327263,2484713931,1140,1,974103
536,1574590341.396891,192.168.1.4,192.168.1.5,1290328403,2484713931,1598,1,975701
537,1574590341.39723,192.168.1.4,192.168.1.5,1290330001,2484713931,1440,1,977141
538,1574590341.397499,192.168.1.4,192.168.1.5,1290331441,2484713931,1440,1,978581
539,1574590341.398773,192.168.1.4,192.168.1.5,1290332881,2484713931,2858,1,981439
540,1574590341.399395,192.168.1.4,192.168.1.5,1290335739,2484713931,1440,1,982879
541,1574590341.399712,192.168.1.4,192.168.1.5,1290337179,2484713931,1440,1,984319
542,1574590341.402124,192.168.1.4,192.168.1.5,1290338619,2484713931,2858,1,987177
543,1574590341.40232,192.168.1.4,192.168.1.5,2039229679,4009904381,1879,1,989056
544,1574590341.409194,192.168.1.5,192.168.1.4,4009904381,2039231558,86,0,988970
545,1574590341.409757,192.168.1.4,192.168.1.5,1290341477,2484713931,2070,1,991040
546,1574590341.410062,192.168.1.4,192.168.1.5,1290343547,2484713931,2070,1,993110
547,1574590341.410246,192.168.1.4,192.168.1.5,1290345617,2484713931,2070,1,995180
548,1574590341.410271,192.168.1.4,192.168.1.5,1290347687,2484713931,2070,1,997250
549,1574590341.41031,192.168.1.4,192.168.1.5,1290349757,2484713931,1448,1,998698
550,1574590341.410545,192.168.1.4,192.168.1.5,1290351205,2484713931,622,1,999320
551,1574590341.410573,192.168.1.4,192.168.1.5,1290351827,2484713931,8216,1,1007536
552,1574590341.411546,192.168.1.4,192.168.1.5,1290360043,2484713931,4118,1,1011654
553,1574590341.428091,192.168.1.5,192.168.1.4,4009904467,2039231558,108,0,1011546
554,1574590341.429235,192.168.1.5,192.168.1.4,2484713931,1290364161,68,0,1011478
555,1574590341.429578,192.168.1.5,192.168.1.4,4009904575,2039231558,259,0,1011219
556,1574590341.429685,192.168.1.4,192.168.1.5,1290364161,2484713999,13032,1,1024251
557,1574590341.429843,192.168.1.4,192.168.1.5,1290377193,2484713999,3374,1,1027625
558,1574590341.430067,192.168.1.4,192.168.1.5,534515999,2806174138,5792,1,1033417
559,1574590341.430153,192.168.1.4,192.168.1.5,534521791,2806174138,1478,1,1034895
560,1574590341.430272,192.168.1.4,192.168.1.5,1290380567,2484713999,7240,1,1042135
561,1574590341.430434,192.168.1.4,192.168.1.5,1290387807,2484713999,9166,1,1051301
562,1574590341.430467,192.168.1.4,192.168.1.5,1290396973,2484713999,9952,1,1061253
563,1574590341.461403,192.168.1.4,192.168.1.5,1290406925,2484713999,16406,1,1077659
564,1574590341.461516,192.168.1.4,192.168.1.5,1290423331,2484713999,13032,1,1090691
565,1574590341.461707,192.168.1.4,192.168.1.5,1290436363,2484713999,3374,1,1094065
566,1574590341.46173,192.168.1.4,192.168.1.5,1290439737,2484713999,16406,1,1110471
567,1574590341.461892,192.168.1.4,192.168.1.5,1290456143,2484713999,8688,1,1119159
568,1574590341.462048,192.168.1.4,192.168.1.5,1290464831,2484713999,7665,1,1126824
569,1574590341.462073,192.168.1.4,192.168.1.5,1290472496,2484713999,1815,1,1128639
570,1574590341.473369,192.168.1.4,192.168.1.5,2039231558,4009904834,586,1,1129225
571,1574590341.474139,192.168.1.4,192.168.1.5,534523269,2806174138,10136,1,1139361
572,1574590341.474271,192.168.1.4,192.168.1.5,534533405,2806174138,6270,1,1145631
573,1574590341.474282,192.168.1.4,192.168.1.5,534539675,2806174138,1899,1,1147530
574,1574590341.4844,192.168.1.5,192.168.1.4,4009904834,2039232144,53,0,1147477
575,1574590341.49634,192.168.1.4,192.168.1.5,2039232144,4009904887,53,1,1147530
576,1574590341.502271,192.168.1.4,192.168.1.5,1290474311,2484713999,16406,1,1163936
577,1574590341.502387,192.168.1.4,192.168.1.5,1290490717,2484713999,14480,1,1178416
578,1574590341.502572,192.168.1.4,192.168.1.5,1290505197,2484713999,1926,1,1180342
579,1574590341.502625,192.168.1.4,192.168.1.5,1290507123,2484713999,15928,1,1196270
580,1574590341.502728,192.168.1.4,192.168.1.5,1290523051,2484713999,478,1,1196748
581,1574590341.502831,192.168.1.4,192.168.1.5,1290523529,2484713999,8378,1,1205126
582,1574590341.538337,192.168.1.4,192.168.1.5,2039232197,4009904887,1880,1,1207006
583,1574590341.551857,192.168.1.4,192.168.1.5,1290531907,2484713999,2070,1,1209076
584,1574590341.551913,192.168.1.4,192.168.1.5,1290533977,2484713999,2070,1,1211146
585,1574590341.570042,192.168.1.4,192.168.1.5,1290536047,2484713999,16406,1,1227552
586,1574590341.570282,192.168.1.4,192.168.1.5,1290552453,2484713999,15928,1,1243480
587,1574590341.570425,192.168.1.4,192.168.1.5,1290568381,2484713999,478,1,1243958
588,1574590341.570451,192.168.1.4,192.168.1.5,1290568859,2484713999,16406,1,1260364
589,1574590341.570657,192.168.1.4,192.168.1.5,1290585265,2484713999,16353,1,1276717
590,1574590341.570909,192.168.1.4,192.168.1.5,1290601618,2484713999,555,1,1277272
591,1574590341.570917,192.168.1.4,192.168.1.5,1290602173,2484713999,810,1,1278082
592,1574590341.571628,192.168.1.4,192.168.1.5,2039234077,4009904887,1440,1,1279522
593,1574590341.571797,192.168.1.4,192.168.1.5,1290602983,2484713999,2070,1,1281592
594,1574590341.571883,192.168.1.4,192.168.1.5,1290605053,2484713999,2070,1,1283662
595,1574590341.574973,192.168.1.4,192.168.1.5,2039235517,4009904887,1440,1,1285102
596,1574590341.576405,192.168.1.4,192.168.1.5,2039236957,4009904887,1440,1,1286542
597,1574590341.57751,192.168.1.4,192.168.1.5,2039238397,4009904887,2070,1,1288612
598,1574590341.57769,192.168.1.4,192.168.1.5,2039240467,4009904887,2070,1,1290682
599,1574590341.577773,192.168.1.4,192.168.1.5,2039242537,4009904887,2070,1,1292752
600,1574590341.577934,192.168.1.4,192.168.1.5,2039244607,4009904887,2070,1,1294822
601,1574590341.591134,192.168.1.4,192.168.1.5,1290607123,2484713999,16406,1,1311228
602,1574590341.59123,192.168.1.4,192.168.1.5,1290623529,2484713999,16406,1,1327634
603,1574590341.591392,192.168.1.4,192.168.1.5,1290639935,2484713999,16406,1,1344040
604,1574590341.591458,192.168.1.4,192.168.1.5,1290656341,2484713999,4344,1,1348384
605,1574590341.591634,192.168.1.4,192.168.1.5,1290660685,2484713999,12009,1,1360393
606,1574590341.591646,192.168.1.4,192.168.1.5,1290672694,2484713999,1815,1,1362208
607,1574590341.591709,192.168.1.4,192.168.1.5,1290674509,2484713999,2070,1,1364278
608,1574590341.592138,192.168.1.4,192.168.1.5,1290676579,2484713999,2070,1,1366348
609,1574590341.604954,192.168.1.4,192.168.1.5,1290678649,2484713999,16406,1,1382754
610,1574590341.605074,192.168.1.4,192.168.1.5,1290695055,2484713999,16406,1,1399160
611,1574590341.605622,192.168.1.4,192.168.1.5,1290711461,2484713999,16406,1,1415566
612,1574590341.605807,192.168.1.4,192.168.1.5,1290727867,2484713999,16353,1,1431919
613,1574590341.605847,192.168.1.4,192.168.1.5,1290744220,2484713999,713,1,1432632
614,1574590341.60603,192.168.1.4,192.168.1.5,1290744933,2484713999,2070,1,1434702
615,1574590341.606184,192.168.1.4,192.168.1.5,1290747003,2484713999,2070,1,1436772
616,1574590341.615078,192.168.1.4,192.168.1.5,1290749073,2484713999,16406,1,1453178
617,1574590341.61519,192.168.1.4,192.168.1.5,1290765479,2484713999,16406,1,1469584
618,1574590341.615723,192.168.1.4,192.168.1.5,1290781885,2484713999,16406,1,1485990
619,1574590341.615928,192.168.1.4,192.168.1.5,1290798291,2484713999,16353,1,1502343
620,1574590341.61634,192.168.1.4,192.168.1.5,1290814644,2484713999,1185,1,1503528
621,1574590341.616566,192.168.1.4,192.168.1.5,1290815829,2484713999,8688,1,1512216
622,1574590341.617387,192.168.1.4,192.168.1.5,1290824517,2484713999,2994,1,1515210
623,1574590341.617417,192.168.1.4,192.168.1.5,1290827511,2484713999,2858,1,1518068
624,1574590341.618064,192.168.1.4,192.168.1.5,2039246677,4009904887,11406,1,1529474
625,1574590341.618511,192.168.1.4,192.168.1.5,1290830369,2484713999,2858,1,1532332
626,1574590341.623905,192.168.1.4,192.168.1.5,1290833227,2484713999,7112,1,1539444
627,1574590341.624159,192.168.1.4,192.168.1.5,1290840339,2484713999,1440,1,1540884
628,1574590341.625069,192.168.1.4,192.168.1.5,1290841779,2484713999,5694,1,1546578
629,1574590341.625874,192.168.1.4,192.168.1.5,1290847473,2484713999,1440,1,1548018
630,1574590341.626203,192.168.1.4,192.168.1.5,1290848913,2484713999,1440,1,1549458
631,1574590341.630612,192.168.1.5,192.168.1.4,4009904887,2039258083,61,0,1549397
632,1574590341.670366,192.168.1.4,192.168.1.5,1290850353,2484713999,15620,1,1565017
633,1574590341.715209,192.168.1.4,192.168.1.5,2913728277,2518257908,91,1,1565108
634,1574590341.715232,192.168.1.4,192.168.1.5,2913728368,2518257908,24,1,1565132
635,1574590341.715253,192.168.1.4,192.168.1.5,1290865973,2484713999,16406,1,1581538
636,1574590341.715358,192.168.1.4,192.168.1.5,1290882379,2484713999,16406,1,1597944
637,1574590341.715417,192.168.1.4,192.168.1.5,1290898785,2484713999,1448,1,1599392
638,1574590341.715508,192.168.1.4,192.168.1.5,1290900233,2484713999,22548,1,1621940
639,1574590341.728147,192.168.1.4,192.168.1.5,1290922781,2484713999,16406,1,1638346
640,1574590341.72825,192.168.1.4,192.168.1.5,1290939187,2484713999,16406,1,1654752
641,1574590341.728409,192.168.1.4,192.168.1.5,1290955593,2484713999,16406,1,1671158
642,1574590341.728488,192.168.1.4,192.168.1.5,1290971999,2484713999,16353,1,1687511
643,1574590341.728655,192.168.1.4,192.168.1.5,1290988352,2484713999,1815,1,1689326
644,1574590341.728721,192.168.1.4,192.168.1.5,1290990167,2484713999,810,1,1690136
645,1574590341.729351,192.168.1.4,192.168.1.5,1290990977,2484713999,2070,1,1692206
646,1574590341.72939,192.168.1.4,192.168.1.5,1290993047,2484713999,2070,1,1694276
647,1574590341.75052,192.168.1.4,192.168.1.5,1290995117,2484713999,16406,1,1710682
648,1574590341.750609,192.168.1.4,192.168.1.5,1291011523,2484713999,16406,1,1727088
649,1574590341.75066,192.168.1.4,192.168.1.5,1291027929,2484713999,4344,1,1731432
650,1574590341.750768,192.168.1.4,192.168.1.5,1291032273,2484713999,21720,1,1753152
651,1574590341.750932,192.168.1.4,192.168.1.5,1291053993,2484713999,6695,1,1759847
652,1574590341.750957,192.168.1.4,192.168.1.5,1291060688,2484713999,1185,1,1761032
653,1574590341.750965,192.168.1.4,192.168.1.5,1291061873,2484713999,1598,1,1762630
654,1574590341.752085,192.168.1.4,192.168.1.5,1291063471,2484713999,2070,1,1764700
655,1574590341.752705,192.168.1.4,192.168.1.5,1291065541,2484713999,2070,1,1766770
656,1574590341.765472,192.168.1.4,192.168.1.5,1291067611,2484713999,16406,1,1783176
657,1574590341.765707,192.168.1.4,192.168.1.5,1291084017,2484713999,16406,1,1799582
658,1574590341.765998,192.168.1.4,192.168.1.5,1291100423,2484713999,16406,1,1815988
659,1574590341.766207,192.168.1.4,192.168.1.5,1291116829,2484713999,16353,1,1832341
660,1574590341.766264,192.168.1.4,192.168.1.5,1291133182,2484713999,1815,1,1834156
661,1574590341.766468,192.168.1.4,192.168.1.5,1291134997,2484713999,2070,1,1836226
662,1574590341.766681,192.168.1.4,192.168.1.5,1291137067,2484713999,2070,1,1838296
663,1574590341.774509,192.168.1.4,192.168.1.5,1291139137,2484713999,16406,1,1854702
664,1574590341.774613,192.168.1.4,192.168.1.5,1291155543,2484713999,16406,1,1871108
665,1574590341.774715,192.168.1.4,192.168.1.5,1291171949,2484713999,16406,1,1887514
666,1574590341.774816,192.168.1.4,192.168.1.5,1291188355,2484713999,13032,1,1900546
667,1574590341.774963,192.168.1.4,192.168.1.5,1291201387,2484713999,3321,1,1903867
668,1574590341.774985,192.168.1.4,192.168.1.5,1291204708,2484713999,1501,1,1905368
669,1574590341.775106,192.168.1.4,192.168.1.5,1291206209,2484713999,810,1,1906178
670,1574590341.775832,192.168.1.4,192.168.1.5,1291207019,2484713999,2070,1,1908248
671,1574590341.775984,192.168.1.4,192.168.1.5,1291209089,2484713999,810,1,1909058
672,1574590341.776592,192.168.1.4,192.168.1.5,1291209899,2484713999,2070,1,1911128
673,1574590341.776732,192.168.1.4,192.168.1.5,1291211969,2484713999,810,1,1911938
674,1574590341.7793,192.168.1.4,192.168.1.5,1291212779,2484713999,2070,1,1914008
675,1574590341.781065,192.168.1.4,192.168.1.5,1291214849,2484713999,2070,1,1916078
676,1574590341.808901,192.168.1.4,192.168.1.5,1291216919,2484713999,16406,1,1932484
677,1574590341.809223,192.168.1.4,192.168.1.5,1291233325,2484713999,16406,1,1948890
678,1574590341.809295,192.168.1.4,192.168.1.5,1291249731,2484713999,16406,1,1965296
679,1574590341.809356,192.168.1.4,192.168.1.5,1291266137,2484713999,7240,1,1972536
680,1574590341.809449,192.168.1.4,192.168.1.5,1291273377,2484713999,10478,1,1983014
681,1574590341.809652,192.168.1.4,192.168.1.5,1291283855,2484713999,1440,1,1984454
682,1574590341.809726,192.168.1.4,192.168.1.5,1291285295,2484713999,1440,1,1985894
683,1574590341.834962,192.168.1.4,192.168.1.5,1291286735,2484713999,16406,1,2002300
684,1574590341.835071,192.168.1.4,192.168.1.5,1291303141,2484713999,16406,1,2018706
685,1574590341.835222,192.168.1.4,192.168.1.5,1291319547,2484713999,13032,1,2031738
686,1574590341.83529,192.168.1.4,192.168.1.5,1291332579,2484713999,3374,1,2035112
687,1574590341.835395,192.168.1.4,192.168.1.5,1291335953,2484713999,13032,1,2048144
688,1574590341.835543,192.168.1.4,192.168.1.5,1291348985,2484713999,5136,1,2053280
689,1574590341.835555,192.168.1.4,192.168.1.5,1291354121,2484713999,810,1,2054090
690,1574590341.835733,192.168.1.4,192.168.1.5,1291354931,2484713999,1440,1,2055530
691,1574590341.836566,192.168.1.4,192.168.1.5,1291356371,2484713999,1440,1,2056970
692,1574590341.848196,192.168.1.5,192.168.1.4,2806174138,534541574,109,0,2056861
693,1574590341.85961,192.168.1.4,192.168.1.5,2209951617,4058047743,91,1,2056952
694,1574590341.859715,192.168.1.4,192.168.1.5,2209951708,4058047743,24,1,2056976
