index,time,src_ip,dst_ip,tcp_seq,tcp_ack,tcp_len,direction,cumul_sum
1,1574590466.915842,192.168.1.4,192.168.1.5,677781412,2790403646,91,1,91
2,1574590466.916035,192.168.1.4,192.168.1.5,677781503,2790403646,24,1,115
3,1574590470.464068,192.168.1.5,192.168.1.4,3643821800,897943292,343,0,-228
4,1574590470.46519,192.168.1.4,192.168.1.5,897943292,3643822143,99,1,-129
5,1574590470.465729,192.168.1.5,192.168.1.4,3643822143,897943391,382,0,-511
6,1574590470.476901,192.168.1.4,192.168.1.5,897943391,3643822525,2266,1,1755
7,1574590470.477984,192.168.1.5,192.168.1.4,3643822525,897945657,74,0,1681
8,1574590470.478152,192.168.1.5,192.168.1.4,3643822599,897945657,245,0,1436
9,1574590470.478413,192.168.1.4,192.168.1.5,897945657,3643822844,79,1,1515
10,1574590470.478492,192.168.1.4,192.168.1.5,897945736,3643822844,79,1,1594
11,1574590470.617622,192.168.1.5,192.168.1.4,2486170280,955588762,343,0,1251
12,1574590470.618136,192.168.1.4,192.168.1.5,955588762,2486170623,99,1,1350
13,1574590470.618483,192.168.1.5,192.168.1.4,2486170623,955588861,382,0,968
14,1574590470.620356,192.168.1.5,192.168.1.4,927003374,4263037641,343,0,625
15,1574590470.628456,192.168.1.4,192.168.1.5,955588861,2486171005,2266,1,2891
16,1574590470.629088,192.168.1.4,192.168.1.5,4263037641,927003717,99,1,2990
17,1574590470.629458,192.168.1.5,192.168.1.4,2486171005,955591127,74,0,2916
18,1574590470.629584,192.168.1.5,192.168.1.4,2486171079,955591127,235,0,2681
19,1574590470.629803,192.168.1.4,192.168.1.5,955591127,2486171314,79,1,2760
20,1574590470.629988,192.168.1.5,192.168.1.4,927003717,4263037740,382,0,2378
21,1574590470.630049,192.168.1.4,192.168.1.5,955591206,2486171314,79,1,2457
22,1574590470.640576,192.168.1.4,192.168.1.5,4263037740,927004099,2266,1,4723
23,1574590470.641434,192.168.1.5,192.168.1.4,927004099,4263040006,74,0,4649
24,1574590470.641585,192.168.1.5,192.168.1.4,927004173,4263040006,235,0,4414
25,1574590470.641928,192.168.1.4,192.168.1.5,4263040006,927004408,79,1,4493
26,1574590470.642046,192.168.1.4,192.168.1.5,4263040085,927004408,79,1,4572
27,1574590472.751876,192.168.1.5,192.168.1.4,1963277029,2156458153,343,0,4229
28,1574590472.752388,192.168.1.4,192.168.1.5,2156458153,1963277372,99,1,4328
29,1574590472.753017,192.168.1.5,192.168.1.4,1963277372,2156458252,382,0,3946
30,1574590472.773319,192.168.1.4,192.168.1.5,2156458252,1963277754,2266,1,6212
31,1574590472.774461,192.168.1.5,192.168.1.4,1963277754,2156460518,74,0,6138
32,1574590472.774603,192.168.1.5,192.168.1.4,1963277828,2156460518,237,0,5901
33,1574590472.774961,192.168.1.4,192.168.1.5,2156460518,1963278065,79,1,5980
34,1574590472.78291,192.168.1.4,192.168.1.5,2156460597,1963278065,79,1,6059
35,1574590473.273448,192.168.1.4,192.168.1.5,955591285,2486171314,91,1,6150
36,1574590473.273984,192.168.1.5,192.168.1.4,2486171314,955591376,539,0,5611
37,1574590473.313467,192.168.1.4,192.168.1.5,955591376,2486171853,2070,1,7681
38,1574590473.35441,192.168.1.4,192.168.1.5,955593446,2486171853,598,1,8279
39,1574590473.366998,192.168.1.5,192.168.1.4,2486171853,955594044,86,0,8193
40,1574590473.367771,192.168.1.5,192.168.1.4,2486171939,955594044,108,0,8085
41,1574590473.370266,192.168.1.5,192.168.1.4,2486172047,955594044,369,0,7716
42,1574590473.401552,192.168.1.4,192.168.1.5,955594044,2486172416,617,1,8333
43,1574590473.402003,192.168.1.5,192.168.1.4,2486172416,955594661,53,0,8280
44,1574590473.410914,192.168.1.4,192.168.1.5,955594661,2486172469,2070,1,10350
45,1574590473.454338,192.168.1.4,192.168.1.5,955596731,2486172469,13225,1,23575
46,1574590473.45653,192.168.1.5,192.168.1.4,2486172469,955609956,61,0,23514
47,1574590473.478,192.168.1.5,192.168.1.4,3914470420,3018495557,343,0,23171
48,1574590473.478422,192.168.1.4,192.168.1.5,3018495557,3914470763,99,1,23270
49,1574590473.478792,192.168.1.5,192.168.1.4,3914470763,3018495656,382,0,22888
50,1574590473.480783,192.168.1.5,192.168.1.4,3388945317,29924345,343,0,22545
51,1574590473.482479,192.168.1.5,192.168.1.4,2486172530,955609956,149,0,22396
52,1574590473.485572,192.168.1.5,192.168.1.4,2486172679,955609956,121,0,22275
53,1574590473.48633,192.168.1.4,192.168.1.5,29924345,3388945660,99,1,22374
54,1574590473.486608,192.168.1.5,192.168.1.4,3388945660,29924444,382,0,21992
55,1574590473.489088,192.168.1.5,192.168.1.4,104492517,850108359,343,0,21649
56,1574590473.491771,192.168.1.5,192.168.1.4,4157240811,1361332718,343,0,21306
57,1574590473.496305,192.168.1.4,192.168.1.5,3018495656,3914471145,2266,1,23572
58,1574590473.497,192.168.1.4,192.168.1.5,850108359,104492860,99,1,23671
59,1574590473.497411,192.168.1.5,192.168.1.4,3914471145,3018497922,74,0,23597
60,1574590473.497478,192.168.1.4,192.168.1.5,1361332718,4157241154,99,1,23696
61,1574590473.497593,192.168.1.5,192.168.1.4,3914471219,3018497922,247,0,23449
62,1574590473.49817,192.168.1.5,192.168.1.4,104492860,850108458,382,0,23067
63,1574590473.498398,192.168.1.5,192.168.1.4,4157241154,1361332817,382,0,22685
64,1574590473.509536,192.168.1.4,192.168.1.5,3018497922,3914471466,79,1,22764
65,1574590473.509557,192.168.1.4,192.168.1.5,3018498001,3914471466,79,1,22843
66,1574590473.513466,192.168.1.4,192.168.1.5,29924444,3388946042,2266,1,25109
67,1574590473.514381,192.168.1.5,192.168.1.4,3388946042,29926710,74,0,25035
68,1574590473.514535,192.168.1.5,192.168.1.4,3388946116,29926710,247,0,24788
69,1574590473.519566,192.168.1.4,192.168.1.5,29926710,3388946363,79,1,24867
70,1574590473.519588,192.168.1.4,192.168.1.5,29926789,3388946363,79,1,24946
71,1574590473.522958,192.168.1.4,192.168.1.5,1361332817,4157241536,2266,1,27212
72,1574590473.523305,192.168.1.4,192.168.1.5,850108458,104493242,2266,1,29478
73,1574590473.524439,192.168.1.4,192.168.1.5,955609956,2486172800,2070,1,31548
74,1574590473.524955,192.168.1.5,192.168.1.4,104493242,850110724,74,0,31474
75,1574590473.525104,192.168.1.5,192.168.1.4,104493316,850110724,257,0,31217
76,1574590473.525286,192.168.1.4,192.168.1.5,850110724,104493573,79,1,31296
77,1574590473.525348,192.168.1.4,192.168.1.5,850110803,104493573,79,1,31375
78,1574590473.526394,192.168.1.5,192.168.1.4,4157241536,1361335083,74,0,31301
79,1574590473.526513,192.168.1.5,192.168.1.4,4157241610,1361335083,257,0,31044
80,1574590473.526896,192.168.1.4,192.168.1.5,1361335083,4157241867,79,1,31123
81,1574590473.52692,192.168.1.4,192.168.1.5,1361335162,4157241867,79,1,31202
82,1574590473.542373,192.168.1.4,192.168.1.5,955612026,2486172800,16406,1,47608
83,1574590473.542468,192.168.1.4,192.168.1.5,955628432,2486172800,11584,1,59192
84,1574590473.542733,192.168.1.4,192.168.1.5,955640016,2486172800,7019,1,66211
85,1574590473.545755,192.168.1.5,192.168.1.4,2486172800,955647035,61,0,66150
86,1574590473.546769,192.168.1.4,192.168.1.5,955647035,2486172861,2070,1,68220
87,1574590473.590331,192.168.1.4,192.168.1.5,955649105,2486172861,3382,1,71602
88,1574590473.616544,192.168.1.4,192.168.1.5,4263040164,927004408,91,1,71693
89,1574590473.61704,192.168.1.5,192.168.1.4,927004408,4263040255,598,0,71095
90,1574590473.652956,192.168.1.4,192.168.1.5,4263040255,927005006,234,1,71329
91,1574590473.654084,192.168.1.5,192.168.1.4,927005006,4263040489,86,0,71243
92,1574590473.98231,192.168.1.4,192.168.1.5,897945815,3643822844,91,1,71334
93,1574590473.982934,192.168.1.5,192.168.1.4,3643822844,897945906,539,0,70795
94,1574590474.024594,192.168.1.4,192.168.1.5,897945906,3643823383,2070,1,72865
95,1574590474.066336,192.168.1.4,192.168.1.5,897947976,3643823383,1018,1,73883
96,1574590474.068767,192.168.1.5,192.168.1.4,3643823383,897948994,86,0,73797
97,1574590474.069151,192.168.1.5,192.168.1.4,3643823469,897948994,108,0,73689
98,1574590474.069671,192.168.1.5,192.168.1.4,3643823577,897948994,321,0,73368
99,1574590474.069857,192.168.1.5,192.168.1.4,3643823898,897948994,54,0,73314
100,1574590474.102192,192.168.1.4,192.168.1.5,897948994,3643823952,617,1,73931
101,1574590474.102492,192.168.1.5,192.168.1.4,3643823952,897949611,53,0,73878
102,1574590474.122076,192.168.1.4,192.168.1.5,897949611,3643824005,1280,1,75158
103,1574590474.123293,192.168.1.5,192.168.1.4,3643824005,897950891,61,0,75097
104,1574590476.585821,192.168.1.4,192.168.1.5,3018498080,3914471466,91,1,75188
105,1574590476.586107,192.168.1.4,192.168.1.5,2156460676,1963278065,91,1,75279
106,1574590476.586367,192.168.1.5,192.168.1.4,3914471466,3018498171,539,0,74740
107,1574590476.58661,192.168.1.5,192.168.1.4,1963278065,2156460767,539,0,74201
108,1574590476.625855,192.168.1.4,192.168.1.5,3018498171,3914472005,2070,1,76271
109,1574590476.626102,192.168.1.4,192.168.1.5,2156460767,1963278604,2070,1,78341
110,1574590476.666406,192.168.1.4,192.168.1.5,2156462837,1963278604,1757,1,80098
111,1574590476.666464,192.168.1.4,192.168.1.5,3018500241,3914472005,1889,1,81987
112,1574590476.670314,192.168.1.5,192.168.1.4,1963278604,2156464594,86,0,81901
113,1574590476.685914,192.168.1.5,192.168.1.4,3914472005,3018502130,86,0,81815
114,1574590476.686228,192.168.1.5,192.168.1.4,1963278690,2156464594,108,0,81707
115,1574590476.686424,192.168.1.5,192.168.1.4,3914472091,3018502130,108,0,81599
116,1574590476.686753,192.168.1.5,192.168.1.4,3388946363,29926868,24,0,81575
117,1574590476.688071,192.168.1.5,192.168.1.4,1963278798,2156464594,279,0,81296
118,1574590476.689208,192.168.1.5,192.168.1.4,3914472199,3018502130,268,0,81028
119,1574590476.68939,192.168.1.5,192.168.1.4,3914472467,3018502130,138,0,80890
120,1574590476.709748,192.168.1.4,192.168.1.5,2156464594,1963279077,586,1,81476
121,1574590476.710122,192.168.1.5,192.168.1.4,1963279077,2156465180,53,0,81423
122,1574590476.724671,192.168.1.4,192.168.1.5,2156465180,1963279130,390,1,81813
123,1574590476.724957,192.168.1.4,192.168.1.5,3018502130,3914472605,617,1,82430
124,1574590476.725829,192.168.1.5,192.168.1.4,3914472605,3018502747,53,0,82377
125,1574590476.733821,192.168.1.4,192.168.1.5,3018502747,3914472658,813,1,83190
126,1574590476.745433,192.168.1.5,192.168.1.4,3892421201,1861386434,343,0,82847
127,1574590476.745918,192.168.1.4,192.168.1.5,1861386434,3892421544,99,1,82946
128,1574590476.746214,192.168.1.5,192.168.1.4,3892421544,1861386533,382,0,82564
129,1574590476.763024,192.168.1.4,192.168.1.5,1861386533,3892421926,2266,1,84830
130,1574590476.764218,192.168.1.5,192.168.1.4,3892421926,1861388799,74,0,84756
131,1574590476.764359,192.168.1.5,192.168.1.4,3892422000,1861388799,241,0,84515
132,1574590476.76476,192.168.1.4,192.168.1.5,1861388799,3892422241,79,1,84594
133,1574590476.76631,192.168.1.4,192.168.1.5,1861388878,3892422241,79,1,84673
134,1574590476.766327,192.168.1.4,192.168.1.5,2156465570,1963279130,2521,1,87194
135,1574590476.767009,192.168.1.5,192.168.1.4,1963279130,2156468091,61,0,87133
136,1574590476.774352,192.168.1.4,192.168.1.5,3018503560,3914472658,1243,1,88376
137,1574590476.783208,192.168.1.5,192.168.1.4,3914472658,3018504803,61,0,88315
138,1574590476.799434,192.168.1.5,192.168.1.4,3076071595,3333344422,343,0,87972
139,1574590476.799938,192.168.1.4,192.168.1.5,3333344422,3076071938,99,1,88071
140,1574590476.800242,192.168.1.5,192.168.1.4,3076071938,3333344521,382,0,87689
141,1574590476.804369,192.168.1.5,192.168.1.4,860272167,1544826739,343,0,87346
142,1574590476.811143,192.168.1.4,192.168.1.5,1544826739,860272510,99,1,87445
143,1574590476.811574,192.168.1.5,192.168.1.4,860272510,1544826838,382,0,87063
144,1574590476.812261,192.168.1.5,192.168.1.4,1769021268,236401139,343,0,86720
145,1574590476.814564,192.168.1.4,192.168.1.5,236401139,1769021611,99,1,86819
146,1574590476.814951,192.168.1.5,192.168.1.4,1769021611,236401238,382,0,86437
147,1574590476.818264,192.168.1.5,192.168.1.4,3635012,1452587314,343,0,86094
148,1574590476.828062,192.168.1.4,192.168.1.5,3333344521,3076072320,2266,1,88360
149,1574590476.828751,192.168.1.4,192.168.1.5,1452587314,3635355,99,1,88459
150,1574590476.829625,192.168.1.5,192.168.1.4,3076072320,3333346787,74,0,88385
151,1574590476.829806,192.168.1.5,192.168.1.4,3076072394,3333346787,245,0,88140
152,1574590476.830093,192.168.1.5,192.168.1.4,3635355,1452587413,382,0,87758
153,1574590476.845622,192.168.1.5,192.168.1.4,920173013,2968001087,343,0,87415
154,1574590476.846888,192.168.1.5,192.168.1.4,1624451595,801433385,343,0,87072
155,1574590476.848228,192.168.1.5,192.168.1.4,2450150850,183433716,343,0,86729
156,1574590476.848778,192.168.1.4,192.168.1.5,2968001087,920173356,99,1,86828
157,1574590476.849092,192.168.1.5,192.168.1.4,920173356,2968001186,382,0,86446
158,1574590476.849186,192.168.1.5,192.168.1.4,3076072394,3333346787,245,0,86201
159,1574590476.854185,192.168.1.5,192.168.1.4,941758624,962168342,343,0,85858
160,1574590476.854641,192.168.1.5,192.168.1.4,2486172861,955652487,117,0,85741
161,1574590476.855567,192.168.1.4,192.168.1.5,183433716,2450151193,99,1,85840
162,1574590476.856028,192.168.1.5,192.168.1.4,2450151193,183433815,382,0,85458
163,1574590476.859477,192.168.1.4,192.168.1.5,801433385,1624451938,99,1,85557
164,1574590476.859827,192.168.1.5,192.168.1.4,1624451938,801433484,382,0,85175
165,1574590476.879603,192.168.1.4,192.168.1.5,962168342,941758967,99,1,85274
166,1574590476.879975,192.168.1.4,192.168.1.5,3333346787,3076072639,79,1,85353
167,1574590476.880152,192.168.1.4,192.168.1.5,3333346866,3076072639,79,1,85432
168,1574590476.880559,192.168.1.5,192.168.1.4,941758967,962168441,382,0,85050
169,1574590476.886678,192.168.1.4,192.168.1.5,236401238,1769021993,2266,1,87316
170,1574590476.88802,192.168.1.5,192.168.1.4,1769021993,236403504,74,0,87242
171,1574590476.8883,192.168.1.5,192.168.1.4,1769022067,236403504,245,0,86997
172,1574590476.898925,192.168.1.4,192.168.1.5,955652487,2486172978,4118,1,91115
173,1574590476.909029,192.168.1.4,192.168.1.5,1544826838,860272892,2266,1,93381
174,1574590476.910397,192.168.1.5,192.168.1.4,860272892,1544829104,74,0,93307
175,1574590476.910788,192.168.1.5,192.168.1.4,860272966,1544829104,245,0,93062
176,1574590476.912122,192.168.1.4,192.168.1.5,955656605,2486172978,7240,1,100302
177,1574590476.912389,192.168.1.4,192.168.1.5,955663845,2486172978,7240,1,107542
178,1574590476.912435,192.168.1.4,192.168.1.5,955671085,2486172978,1926,1,109468
179,1574590476.912803,192.168.1.4,192.168.1.5,955673011,2486172978,14480,1,123948
180,1574590476.912977,192.168.1.4,192.168.1.5,955687491,2486172978,1926,1,125874
181,1574590476.913347,192.168.1.4,192.168.1.5,955689417,2486172978,4380,1,130254
182,1574590476.913811,192.168.1.4,192.168.1.5,955693797,2486172978,2858,1,133112
183,1574590476.914209,192.168.1.4,192.168.1.5,1544829104,860273211,79,1,133191
184,1574590476.914286,192.168.1.4,192.168.1.5,1544829183,860273211,79,1,133270
185,1574590476.915288,192.168.1.4,192.168.1.5,955696655,2486172978,2858,1,136128
186,1574590476.915846,192.168.1.4,192.168.1.5,955699513,2486172978,1440,1,137568
187,1574590476.916037,192.168.1.4,192.168.1.5,955700953,2486172978,1440,1,139008
188,1574590476.916414,192.168.1.4,192.168.1.5,236403504,1769022312,79,1,139087
189,1574590476.916523,192.168.1.4,192.168.1.5,236403583,1769022312,79,1,139166
190,1574590476.929078,192.168.1.4,192.168.1.5,1452587413,3635737,2266,1,141432
191,1574590476.930471,192.168.1.5,192.168.1.4,3635737,1452589679,74,0,141358
192,1574590476.930631,192.168.1.5,192.168.1.4,3635811,1452589679,237,0,141121
193,1574590476.930954,192.168.1.4,192.168.1.5,1452589679,3635811,79,1,141200
194,1574590476.931085,192.168.1.4,192.168.1.5,1452589758,3636048,79,1,141279
195,1574590476.932076,192.168.1.4,192.168.1.5,955702393,2486172978,16406,1,157685
196,1574590476.932303,192.168.1.4,192.168.1.5,955718799,2486172978,16406,1,174091
197,1574590476.932342,192.168.1.4,192.168.1.5,955735205,2486172978,1286,1,175377
198,1574590476.932989,192.168.1.4,192.168.1.5,955736491,2486172978,2858,1,178235
199,1574590476.93483,192.168.1.4,192.168.1.5,955739349,2486172978,2858,1,181093
200,1574590476.935387,192.168.1.4,192.168.1.5,955742207,2486172978,1440,1,182533
201,1574590476.93667,192.168.1.4,192.168.1.5,955743647,2486172978,1592,1,184125
202,1574590476.937987,192.168.1.5,192.168.1.4,2486172978,955745239,61,0,184064
203,1574590476.94574,192.168.1.4,192.168.1.5,2968001186,920173738,2266,1,186330
204,1574590476.946988,192.168.1.5,192.168.1.4,920173738,2968003452,74,0,186256
205,1574590476.947356,192.168.1.5,192.168.1.4,920173812,2968003452,257,0,185999
206,1574590476.949154,192.168.1.4,192.168.1.5,183433815,2450151575,2266,1,188265
207,1574590476.950793,192.168.1.5,192.168.1.4,2450151575,183436081,74,0,188191
208,1574590476.950977,192.168.1.5,192.168.1.4,2450151649,183436081,257,0,187934
209,1574590476.951639,192.168.1.4,192.168.1.5,801433484,1624452320,2266,1,190200
210,1574590476.952657,192.168.1.4,192.168.1.5,962168441,941759349,2266,1,192466
211,1574590476.953027,192.168.1.4,192.168.1.5,2968003452,920174069,79,1,192545
212,1574590476.953584,192.168.1.4,192.168.1.5,2968003531,920174069,79,1,192624
213,1574590476.953599,192.168.1.4,192.168.1.5,183436081,2450151906,79,1,192703
214,1574590476.953611,192.168.1.4,192.168.1.5,183436160,2450151906,79,1,192782
215,1574590476.954117,192.168.1.5,192.168.1.4,1624452320,801435750,74,0,192708
216,1574590476.954617,192.168.1.4,192.168.1.5,801435750,1624452394,79,1,192787
217,1574590476.954749,192.168.1.4,192.168.1.5,801435829,1624452394,79,1,192866
218,1574590476.959043,192.168.1.5,192.168.1.4,1624452394,801435908,257,0,192609
219,1574590476.960057,192.168.1.5,192.168.1.4,941759349,962170707,74,0,192535
220,1574590476.960194,192.168.1.5,192.168.1.4,941759423,962170707,257,0,192278
221,1574590476.960614,192.168.1.4,192.168.1.5,962170707,941759680,79,1,192357
222,1574590476.960746,192.168.1.4,192.168.1.5,962170786,941759680,79,1,192436
223,1574590477.054555,192.168.1.5,192.168.1.4,1095227658,261524034,343,0,192093
224,1574590477.055898,192.168.1.4,192.168.1.5,261524034,1095228001,99,1,192192
225,1574590477.056295,192.168.1.5,192.168.1.4,1095228001,261524133,382,0,191810
226,1574590477.065664,192.168.1.4,192.168.1.5,29926868,3388946387,91,1,191901
227,1574590477.065692,192.168.1.4,192.168.1.5,29926959,3388946387,24,1,191925
228,1574590477.066637,192.168.1.4,192.168.1.5,850110882,104493573,91,1,192016
229,1574590477.069629,192.168.1.5,192.168.1.4,104493573,850110973,539,0,191477
230,1574590477.071979,192.168.1.4,192.168.1.5,261524133,1095228383,2266,1,193743
231,1574590477.073008,192.168.1.5,192.168.1.4,1095228383,261526399,74,0,193669
232,1574590477.07317,192.168.1.5,192.168.1.4,1095228457,261526399,255,0,193414
233,1574590477.073271,192.168.1.4,192.168.1.5,261526399,1095228457,79,1,193493
234,1574590477.073348,192.168.1.4,192.168.1.5,261526478,1095228712,79,1,193572
235,1574590477.111406,192.168.1.4,192.168.1.5,850110973,104494112,2070,1,195642
236,1574590477.15423,192.168.1.4,192.168.1.5,850113043,104494112,2722,1,198364
237,1574590477.162094,192.168.1.5,192.168.1.4,104494112,850115765,86,0,198278
238,1574590477.176867,192.168.1.5,192.168.1.4,104494198,850115765,108,0,198170
239,1574590477.177199,192.168.1.5,192.168.1.4,4157241867,1361335241,24,0,198146
240,1574590477.177319,192.168.1.5,192.168.1.4,920174069,2968003610,24,0,198122
241,1574590477.177451,192.168.1.5,192.168.1.4,1624452651,801435908,24,0,198098
242,1574590477.177811,192.168.1.5,192.168.1.4,2450151906,183436239,24,0,198074
243,1574590477.177939,192.168.1.5,192.168.1.4,941759680,962170865,24,0,198050
244,1574590477.179865,192.168.1.5,192.168.1.4,104494306,850115765,351,0,197699
245,1574590477.179999,192.168.1.5,192.168.1.4,104494657,850115765,161,0,197538
246,1574590477.180155,192.168.1.5,192.168.1.4,104494818,850115765,160,0,197378
247,1574590477.180355,192.168.1.5,192.168.1.4,104494978,850115765,159,0,197219
248,1574590477.180555,192.168.1.5,192.168.1.4,104495137,850115765,158,0,197061
249,1574590477.18071,192.168.1.5,192.168.1.4,104495295,850115765,158,0,196903
250,1574590477.195157,192.168.1.4,192.168.1.5,850115765,104495453,586,1,197489
251,1574590477.195479,192.168.1.5,192.168.1.4,104495453,850116351,53,0,197436
252,1574590477.221911,192.168.1.4,192.168.1.5,850116351,104495506,2070,1,199506
253,1574590477.259014,192.168.1.4,192.168.1.5,850118421,104495506,14480,1,213986
254,1574590477.259394,192.168.1.4,192.168.1.5,850132901,104495506,19421,1,233407
255,1574590477.261292,192.168.1.5,192.168.1.4,104495506,850152322,61,0,233346
256,1574590477.262025,192.168.1.4,192.168.1.5,850152322,104495567,7052,1,240398
257,1574590477.263932,192.168.1.5,192.168.1.4,2106410408,1572436696,343,0,240055
258,1574590477.264449,192.168.1.4,192.168.1.5,1572436696,2106410751,99,1,240154
259,1574590477.264699,192.168.1.5,192.168.1.4,2106410751,1572436795,382,0,239772
260,1574590477.27508,192.168.1.4,192.168.1.5,1572436795,2106411133,2266,1,242038
261,1574590477.276094,192.168.1.5,192.168.1.4,2106411133,1572439061,74,0,241964
262,1574590477.276206,192.168.1.5,192.168.1.4,2106411207,1572439061,265,0,241699
263,1574590477.276554,192.168.1.4,192.168.1.5,1572439061,2106411472,79,1,241778
264,1574590477.276576,192.168.1.4,192.168.1.5,1572439140,2106411472,79,1,241857
265,1574590477.284451,192.168.1.4,192.168.1.5,850159374,104495567,16406,1,258263
266,1574590477.28481,192.168.1.4,192.168.1.5,850175780,104495567,16406,1,274669
267,1574590477.284857,192.168.1.4,192.168.1.5,850192186,104495567,1698,1,276367
268,1574590477.295547,192.168.1.5,192.168.1.4,2858889719,615212304,343,0,276024
269,1574590477.29635,192.168.1.4,192.168.1.5,615212304,2858890062,99,1,276123
270,1574590477.296632,192.168.1.5,192.168.1.4,2858890062,615212403,382,0,275741
271,1574590477.305452,192.168.1.4,192.168.1.5,850193884,104495567,16406,1,292147
272,1574590477.305557,192.168.1.4,192.168.1.5,850210290,104495567,16406,1,308553
273,1574590477.312822,192.168.1.4,192.168.1.5,850226696,104495567,1916,1,310469
274,1574590477.317041,192.168.1.4,192.168.1.5,850228612,104495567,16406,1,326875
275,1574590477.31716,192.168.1.4,192.168.1.5,850245018,104495567,16406,1,343281
276,1574590477.317202,192.168.1.4,192.168.1.5,850261424,104495567,498,1,343779
277,1574590477.317577,192.168.1.4,192.168.1.5,615212403,2858890444,2266,1,346045
278,1574590477.318696,192.168.1.5,192.168.1.4,2858890444,615214669,74,0,345971
279,1574590477.318858,192.168.1.5,192.168.1.4,2858890518,615214669,265,0,345706
280,1574590477.319236,192.168.1.4,192.168.1.5,615214669,2858890783,79,1,345785
281,1574590477.319264,192.168.1.4,192.168.1.5,615214748,2858890783,79,1,345864
282,1574590477.32946,192.168.1.4,192.168.1.5,850261922,104495567,16406,1,362270
283,1574590477.329563,192.168.1.4,192.168.1.5,850278328,104495567,16406,1,378676
284,1574590477.329607,192.168.1.4,192.168.1.5,850294734,104495567,656,1,379332
285,1574590477.351589,192.168.1.5,192.168.1.4,2854909301,2838758015,343,0,378989
286,1574590477.35255,192.168.1.4,192.168.1.5,2838758015,2854909644,99,1,379088
287,1574590477.353091,192.168.1.5,192.168.1.4,2854909644,2838758114,382,0,378706
288,1574590477.355148,192.168.1.5,192.168.1.4,977387224,1148826372,343,0,378363
289,1574590477.358641,192.168.1.4,192.168.1.5,1148826372,977387567,99,1,378462
290,1574590477.358913,192.168.1.5,192.168.1.4,977387567,1148826471,382,0,378080
291,1574590477.366819,192.168.1.4,192.168.1.5,2838758114,2854910026,2266,1,380346
292,1574590477.367947,192.168.1.5,192.168.1.4,2854910026,2838760380,74,0,380272
293,1574590477.368174,192.168.1.5,192.168.1.4,2854910100,2838760380,265,0,380007
294,1574590477.371411,192.168.1.4,192.168.1.5,850295390,104495567,5697,1,385704
295,1574590477.371635,192.168.1.4,192.168.1.5,2838760380,2854910365,79,1,385783
296,1574590477.37165,192.168.1.4,192.168.1.5,2838760459,2854910365,79,1,385862
297,1574590477.377155,192.168.1.4,192.168.1.5,1148826471,977387949,2266,1,388128
298,1574590477.378145,192.168.1.5,192.168.1.4,977387949,1148828737,74,0,388054
299,1574590477.378333,192.168.1.5,192.168.1.4,977388023,1148828737,265,0,387789
300,1574590477.378584,192.168.1.4,192.168.1.5,1148828737,977388288,79,1,387868
301,1574590477.378694,192.168.1.4,192.168.1.5,1148828816,977388288,79,1,387947
302,1574590477.398394,192.168.1.4,192.168.1.5,1361335241,4157241891,91,1,388038
303,1574590477.398416,192.168.1.4,192.168.1.5,1361335332,4157241891,24,1,388062
304,1574590477.402315,192.168.1.5,192.168.1.4,2074186070,1247085767,343,0,387719
305,1574590477.40307,192.168.1.4,192.168.1.5,1247085767,2074186413,99,1,387818
306,1574590477.403354,192.168.1.5,192.168.1.4,2074186413,1247085866,382,0,387436
307,1574590477.412043,192.168.1.5,192.168.1.4,2252560182,1292498288,343,0,387093
308,1574590477.413101,192.168.1.4,192.168.1.5,1247085866,2074186795,2266,1,389359
309,1574590477.413885,192.168.1.4,192.168.1.5,1292498288,2252560525,99,1,389458
310,1574590477.41411,192.168.1.5,192.168.1.4,2074186795,1247088132,74,0,389384
311,1574590477.414232,192.168.1.5,192.168.1.4,2074186869,1247088132,241,0,389143
312,1574590477.414423,192.168.1.4,192.168.1.5,1247088132,2074187110,79,1,389222
313,1574590477.414525,192.168.1.5,192.168.1.4,2252560525,1292498387,382,0,388840
314,1574590477.414576,192.168.1.4,192.168.1.5,1247088211,2074187110,79,1,388919
315,1574590477.415068,192.168.1.5,192.168.1.4,1064566626,3022131906,343,0,388576
316,1574590477.417225,192.168.1.5,192.168.1.4,1489946992,2557167791,343,0,388233
317,1574590477.417926,192.168.1.4,192.168.1.5,3022131906,1064566969,99,1,388332
318,1574590477.418369,192.168.1.5,192.168.1.4,1064566969,3022132005,382,0,387950
319,1574590477.420875,192.168.1.5,192.168.1.4,1824916132,762988767,343,0,387607
320,1574590477.420945,192.168.1.4,192.168.1.5,2557167791,1489947335,99,1,387706
321,1574590477.42117,192.168.1.5,192.168.1.4,1489947335,2557167890,382,0,387324
322,1574590477.429751,192.168.1.5,192.168.1.4,42661839,1518904592,343,0,386981
323,1574590477.4357,192.168.1.4,192.168.1.5,762988767,1824916475,99,1,387080
324,1574590477.43608,192.168.1.5,192.168.1.4,1824916475,762988866,382,0,386698
325,1574590477.444234,192.168.1.5,192.168.1.4,697907038,2715093983,343,0,386355
326,1574590477.444715,192.168.1.4,192.168.1.5,1518904592,42662182,99,1,386454
327,1574590477.445045,192.168.1.5,192.168.1.4,42662182,1518904691,382,0,386072
328,1574590477.445284,192.168.1.4,192.168.1.5,2715093983,697907381,99,1,386171
329,1574590477.445515,192.168.1.5,192.168.1.4,697907381,2715094082,382,0,385789
330,1574590477.457963,192.168.1.4,192.168.1.5,3022132005,1064567351,2266,1,388055
331,1574590477.459001,192.168.1.5,192.168.1.4,1064567351,3022134271,74,0,387981
332,1574590477.459126,192.168.1.5,192.168.1.4,1064567425,3022134271,241,0,387740
333,1574590477.465713,192.168.1.4,192.168.1.5,2715094082,697907763,2266,1,390006
334,1574590477.466703,192.168.1.5,192.168.1.4,697907763,2715096348,74,0,389932
335,1574590477.466802,192.168.1.5,192.168.1.4,697907837,2715096348,265,0,389667
336,1574590477.471576,192.168.1.4,192.168.1.5,762988866,1824916857,2266,1,391933
337,1574590477.472476,192.168.1.4,192.168.1.5,1292498387,2252560907,2266,1,394199
338,1574590477.472634,192.168.1.5,192.168.1.4,1824916857,762991132,74,0,394125
339,1574590477.47277,192.168.1.5,192.168.1.4,1824916931,762991132,241,0,393884
340,1574590477.47346,192.168.1.5,192.168.1.4,2252560907,1292500653,74,0,393810
341,1574590477.473629,192.168.1.5,192.168.1.4,2252560981,1292500653,241,0,393569
342,1574590477.47492,192.168.1.4,192.168.1.5,2557167890,1489947717,2266,1,395835
343,1574590477.475153,192.168.1.4,192.168.1.5,1292500653,2252561222,79,1,395914
344,1574590477.475218,192.168.1.4,192.168.1.5,1292500732,2252561222,79,1,395993
345,1574590477.475795,192.168.1.5,192.168.1.4,1489947717,2557170156,74,0,395919
346,1574590477.475965,192.168.1.5,192.168.1.4,1489947791,2557170156,241,0,395678
347,1574590477.476028,192.168.1.4,192.168.1.5,3022134271,1064567666,79,1,395757
348,1574590477.476136,192.168.1.4,192.168.1.5,3022134350,1064567666,79,1,395836
349,1574590477.479776,192.168.1.4,192.168.1.5,2557170156,1489948032,79,1,395915
350,1574590477.479798,192.168.1.4,192.168.1.5,2557170235,1489948032,79,1,395994
351,1574590477.480429,192.168.1.4,192.168.1.5,762991132,1824917172,79,1,396073
352,1574590477.480454,192.168.1.4,192.168.1.5,762991211,1824917172,79,1,396152
353,1574590477.480966,192.168.1.4,192.168.1.5,1518904691,42662564,2266,1,398418
354,1574590477.481094,192.168.1.4,192.168.1.5,2715096348,697908102,79,1,398497
355,1574590477.481227,192.168.1.4,192.168.1.5,2715096427,697908102,79,1,398576
356,1574590477.482042,192.168.1.5,192.168.1.4,42662564,1518906957,74,0,398502
357,1574590477.482178,192.168.1.5,192.168.1.4,42662638,1518906957,265,0,398237
358,1574590477.482376,192.168.1.4,192.168.1.5,1518906957,42662638,79,1,398316
359,1574590477.482497,192.168.1.4,192.168.1.5,1518907036,42662903,79,1,398395
360,1574590482.060563,192.168.1.4,192.168.1.5,4263040489,927005092,24,1,398419
361,1574590483.92492,192.168.1.4,192.168.1.5,1861388957,3892422241,91,1,398510
362,1574590483.925652,192.168.1.5,192.168.1.4,3892422241,1861389048,539,0,397971
363,1574590483.925812,192.168.1.4,192.168.1.5,3333346945,3076072639,91,1,398062
364,1574590483.926508,192.168.1.5,192.168.1.4,3076072639,3333347036,539,0,397523
365,1574590483.966113,192.168.1.4,192.168.1.5,1861389048,3892422780,2070,1,399593
366,1574590483.9671,192.168.1.4,192.168.1.5,3333347036,3076073178,2070,1,401663
367,1574590484.006472,192.168.1.4,192.168.1.5,3333349106,3076073178,1890,1,403553
368,1574590484.006573,192.168.1.4,192.168.1.5,1861391118,3892422780,1756,1,405309
369,1574590484.011489,192.168.1.5,192.168.1.4,3076073178,3333350996,86,0,405223
370,1574590484.015447,192.168.1.5,192.168.1.4,3892422780,1861392874,86,0,405137
371,1574590484.015903,192.168.1.5,192.168.1.4,3076073264,3333350996,108,0,405029
372,1574590484.016138,192.168.1.5,192.168.1.4,860273211,1544829262,24,0,405005
373,1574590484.016326,192.168.1.5,192.168.1.4,1769022312,236403662,24,0,404981
374,1574590484.018039,192.168.1.5,192.168.1.4,3892422866,1861392874,108,0,404873
375,1574590484.018246,192.168.1.5,192.168.1.4,2074187110,1247088290,24,0,404849
376,1574590484.018446,192.168.1.5,192.168.1.4,2252561222,1292500811,24,0,404825
377,1574590484.018577,192.168.1.5,192.168.1.4,1064567666,3022134429,24,0,404801
378,1574590484.01872,192.168.1.5,192.168.1.4,1489948032,2557170314,24,0,404777
379,1574590484.018834,192.168.1.5,192.168.1.4,1824917172,762991290,24,0,404753
380,1574590484.021379,192.168.1.5,192.168.1.4,3076073372,3333350996,266,0,404487
381,1574590484.02156,192.168.1.5,192.168.1.4,3076073638,3333350996,110,0,404377
382,1574590484.021666,192.168.1.5,192.168.1.4,3076073748,3333350996,108,0,404269
383,1574590484.026648,192.168.1.5,192.168.1.4,3892422974,1861392874,381,0,403888
384,1574590484.027133,192.168.1.5,192.168.1.4,3892423355,1861392874,118,0,403770
385,1574590484.027746,192.168.1.5,192.168.1.4,3892423473,1861392874,115,0,403655
386,1574590484.027911,192.168.1.5,192.168.1.4,3892423588,1861392874,109,0,403546
387,1574590484.028067,192.168.1.5,192.168.1.4,3892423697,1861392874,109,0,403437
388,1574590484.028215,192.168.1.5,192.168.1.4,3892423806,1861392874,109,0,403328
389,1574590484.028362,192.168.1.5,192.168.1.4,3892423915,1861392874,107,0,403221
390,1574590484.028791,192.168.1.5,192.168.1.4,3892424022,1861392874,158,0,403063
391,1574590484.028957,192.168.1.5,192.168.1.4,3892424180,1861392874,110,0,402953
392,1574590484.053968,192.168.1.4,192.168.1.5,3333350996,3076073856,617,1,403570
393,1574590484.054207,192.168.1.4,192.168.1.5,1861392874,3892424290,617,1,404187
394,1574590484.055101,192.168.1.5,192.168.1.4,3076073856,3333351613,53,0,404134
395,1574590484.05537,192.168.1.5,192.168.1.4,3892424290,1861393491,53,0,404081
396,1574590484.06743,192.168.1.4,192.168.1.5,3333351613,3076073909,2070,1,406151
397,1574590484.067488,192.168.1.4,192.168.1.5,1861393491,3892424343,2070,1,408221
398,1574590484.099734,192.168.1.4,192.168.1.5,1861395561,3892424343,14480,1,422701
399,1574590484.100349,192.168.1.4,192.168.1.5,1861410041,3892424343,11584,1,434285
400,1574590484.100712,192.168.1.4,192.168.1.5,1861421625,3892424343,7773,1,442058
401,1574590484.100813,192.168.1.4,192.168.1.5,3333353683,3076073909,14480,1,456538
402,1574590484.101309,192.168.1.4,192.168.1.5,3333368163,3076073909,14480,1,471018
403,1574590484.102713,192.168.1.4,192.168.1.5,3333382643,3076073909,4450,1,475468
404,1574590484.114501,192.168.1.5,192.168.1.4,3892424343,1861429398,61,0,475407
405,1574590484.114788,192.168.1.5,192.168.1.4,3076073909,3333387093,61,0,475346
406,1574590484.114981,192.168.1.4,192.168.1.5,1861429398,3892424404,9948,1,485294
407,1574590484.115212,192.168.1.4,192.168.1.5,3333387093,3076073970,9948,1,495242
408,1574590484.158312,192.168.1.4,192.168.1.5,3333397041,3076073970,16406,1,511648
409,1574590484.158393,192.168.1.4,192.168.1.5,3333413447,3076073970,6326,1,517974
410,1574590484.158413,192.168.1.4,192.168.1.5,1861439346,3892424404,16406,1,534380
411,1574590484.158459,192.168.1.4,192.168.1.5,1861455752,3892424404,11998,1,546378
412,1574590484.162754,192.168.1.4,192.168.1.5,3333419773,3076073970,2070,1,548448
413,1574590484.162942,192.168.1.4,192.168.1.5,1861467750,3892424404,2070,1,550518
414,1574590484.163509,192.168.1.4,192.168.1.5,1861469820,3892424404,2070,1,552588
415,1574590484.163805,192.168.1.4,192.168.1.5,3333421843,3076073970,2070,1,554658
416,1574590484.164547,192.168.1.4,192.168.1.5,3333423913,3076073970,260,1,554918
417,1574590484.165286,192.168.1.4,192.168.1.5,1861471890,3892424404,16406,1,571324
418,1574590484.16567,192.168.1.4,192.168.1.5,1861488296,3892424404,16406,1,587730
419,1574590484.166005,192.168.1.4,192.168.1.5,1861504702,3892424404,656,1,588386
420,1574590484.166136,192.168.1.4,192.168.1.5,1861505358,3892424404,810,1,589196
421,1574590484.166161,192.168.1.4,192.168.1.5,1861506168,3892424404,2070,1,591266
422,1574590484.166332,192.168.1.4,192.168.1.5,1861508238,3892424404,2070,1,593336
423,1574590484.174777,192.168.1.4,192.168.1.5,1861510308,3892424404,16406,1,609742
424,1574590484.174872,192.168.1.4,192.168.1.5,1861526714,3892424404,16406,1,626148
425,1574590484.175027,192.168.1.4,192.168.1.5,1861543120,3892424404,26,1,626174
426,1574590484.17511,192.168.1.4,192.168.1.5,1861543146,3892424404,2070,1,628244
427,1574590484.175259,192.168.1.4,192.168.1.5,1861545216,3892424404,2070,1,630314
428,1574590484.175345,192.168.1.4,192.168.1.5,1861547286,3892424404,2070,1,632384
429,1574590484.175486,192.168.1.4,192.168.1.5,1861549356,3892424404,968,1,633352
430,1574590484.177853,192.168.1.4,192.168.1.5,1861550324,3892424404,2070,1,635422
431,1574590484.177891,192.168.1.4,192.168.1.5,1861552394,3892424404,810,1,636232
432,1574590484.178817,192.168.1.4,192.168.1.5,1861553204,3892424404,2070,1,638302
433,1574590484.179012,192.168.1.4,192.168.1.5,1861555274,3892424404,2070,1,640372
434,1574590484.179203,192.168.1.4,192.168.1.5,1861557344,3892424404,2070,1,642442
435,1574590484.179226,192.168.1.4,192.168.1.5,1861559414,3892424404,2070,1,644512
436,1574590484.179253,192.168.1.4,192.168.1.5,1861561484,3892424404,1756,1,646268
437,1574590484.179755,192.168.1.4,192.168.1.5,1861563240,3892424404,2070,1,648338
438,1574590484.179904,192.168.1.4,192.168.1.5,1861565310,3892424404,2070,1,650408
439,1574590484.222326,192.168.1.4,192.168.1.5,1861567380,3892424404,16406,1,666814
440,1574590484.222426,192.168.1.4,192.168.1.5,1861583786,3892424404,13401,1,680215
441,1574590484.31376,192.168.1.5,192.168.1.4,3892424404,1861597187,109,0,680106
442,1574590484.350968,192.168.1.4,192.168.1.5,1861597187,3892424513,2070,1,682176
443,1574590484.394332,192.168.1.4,192.168.1.5,1861599257,3892424513,3707,1,685883
444,1574590484.394974,192.168.1.5,192.168.1.4,3892424513,1861602964,61,0,685822
445,1574590484.80971,192.168.1.4,192.168.1.5,183436239,2450151930,91,1,685913
446,1574590484.809976,192.168.1.4,192.168.1.5,236403662,1769022336,91,1,686004
447,1574590484.810465,192.168.1.4,192.168.1.5,236403753,1769022336,24,1,686028
448,1574590484.812139,192.168.1.4,192.168.1.5,183436330,2450151931,24,1,686052
449,1574590485.372495,192.168.1.4,192.168.1.5,615214827,2858890783,91,1,686143
450,1574590485.372701,192.168.1.4,192.168.1.5,2838760538,2854910365,91,1,686234
451,1574590485.373588,192.168.1.5,192.168.1.4,2854910365,2838760629,539,0,685695
452,1574590485.373814,192.168.1.5,192.168.1.4,2858890783,615214918,539,0,685156
453,1574590485.418188,192.168.1.4,192.168.1.5,2838760629,2854910904,2070,1,687226
454,1574590485.420253,192.168.1.4,192.168.1.5,615214918,2858891322,2070,1,689296
455,1574590485.458525,192.168.1.4,192.168.1.5,2838762699,2854910904,2739,1,692035
456,1574590485.461829,192.168.1.5,192.168.1.4,2854910904,2838765438,115,0,691920
457,1574590485.462261,192.168.1.4,192.168.1.5,615216988,2858891322,2739,1,694659
458,1574590485.462333,192.168.1.5,192.168.1.4,2854911019,2838765438,115,0,694544
459,1574590485.464019,192.168.1.5,192.168.1.4,2858891322,615219727,115,0,694429
460,1574590485.464314,192.168.1.5,192.168.1.4,2106411472,1572439219,24,0,694405
461,1574590485.464503,192.168.1.5,192.168.1.4,977388288,1148828895,24,0,694381
462,1574590485.46466,192.168.1.5,192.168.1.4,42662903,1518907115,24,0,694357
463,1574590485.464833,192.168.1.5,192.168.1.4,697908102,2715096506,24,0,694333
464,1574590485.464966,192.168.1.5,192.168.1.4,2858891437,615219727,24,0,694309
465,1574590485.465301,192.168.1.4,192.168.1.5,615219727,2858891461,24,1,694333
466,1574590485.473983,192.168.1.5,192.168.1.4,2854911134,2838765438,354,0,693979
467,1574590485.474718,192.168.1.5,192.168.1.4,2854911488,2838765438,177,0,693802
468,1574590485.475183,192.168.1.5,192.168.1.4,2854911665,2838765438,177,0,693625
469,1574590485.475538,192.168.1.5,192.168.1.4,2854911842,2838765438,178,0,693447
470,1574590485.475785,192.168.1.5,192.168.1.4,2854912020,2838765438,178,0,693269
471,1574590485.476008,192.168.1.5,192.168.1.4,2854912198,2838765438,177,0,693092
472,1574590485.537407,192.168.1.4,192.168.1.5,2838765438,2854912375,375,1,693467
473,1574590485.54054,192.168.1.5,192.168.1.4,2854912375,2838765813,60,0,693407
474,1574590485.601199,192.168.1.4,192.168.1.5,2838765813,2854912435,2070,1,695477
475,1574590485.613893,192.168.1.4,192.168.1.5,2838767883,2854912435,14480,1,709957
476,1574590485.615023,192.168.1.4,192.168.1.5,2838782363,2854912435,14480,1,724437
477,1574590485.616054,192.168.1.4,192.168.1.5,2838796843,2854912435,5219,1,729656
478,1574590485.654558,192.168.1.4,192.168.1.5,2838802062,2854912435,9948,1,739604
479,1574590485.733326,192.168.1.4,192.168.1.5,2838812010,2854912435,1440,1,741044
480,1574590485.736051,192.168.1.4,192.168.1.5,2838813450,2854912435,2070,1,743114
481,1574590485.736096,192.168.1.4,192.168.1.5,2838815520,2854912435,2070,1,745184
482,1574590485.745329,192.168.1.4,192.168.1.5,2838817590,2854912435,16406,1,761590
483,1574590485.745482,192.168.1.4,192.168.1.5,2838833996,2854912435,16406,1,777996
484,1574590485.745817,192.168.1.4,192.168.1.5,2838850402,2854912435,1284,1,779280
485,1574590485.745941,192.168.1.4,192.168.1.5,2838851686,2854912435,2070,1,781350
486,1574590485.746321,192.168.1.4,192.168.1.5,2838853756,2854912435,2070,1,783420
487,1574590485.760701,192.168.1.4,192.168.1.5,2838855826,2854912435,16406,1,799826
488,1574590485.760937,192.168.1.4,192.168.1.5,2838872232,2854912435,16406,1,816232
489,1574590485.760979,192.168.1.4,192.168.1.5,2838888638,2854912435,3022,1,819254
490,1574590485.765035,192.168.1.4,192.168.1.5,2838891660,2854912435,2858,1,822112
491,1574590485.767779,192.168.1.5,192.168.1.4,2854912435,2838894518,65,0,822047
492,1574590485.767923,192.168.1.5,192.168.1.4,2854912500,2838894518,65,0,821982
493,1574590485.768149,192.168.1.5,192.168.1.4,2854912565,2838894518,220,0,821762
494,1574590485.768264,192.168.1.5,192.168.1.4,2854912785,2838894518,64,0,821698
495,1574590485.793948,192.168.1.4,192.168.1.5,2838894518,2854912849,1440,1,823138
496,1574590485.834396,192.168.1.4,192.168.1.5,2838895958,2854912849,1440,1,824578
497,1574590485.851,192.168.1.4,192.168.1.5,1452589837,3636048,91,1,824669
498,1574590485.851025,192.168.1.4,192.168.1.5,261526557,1095228712,91,1,824760
499,1574590485.851475,192.168.1.5,192.168.1.4,3636048,1452589928,539,0,824221
500,1574590485.851744,192.168.1.5,192.168.1.4,1095228712,261526648,539,0,823682
501,1574590485.878309,192.168.1.4,192.168.1.5,2838897398,2854912849,8688,1,832370
502,1574590485.878826,192.168.1.4,192.168.1.5,2838906086,2854912849,7718,1,840088
503,1574590485.879022,192.168.1.4,192.168.1.5,2838913804,2854912849,3490,1,843578
504,1574590485.922528,192.168.1.4,192.168.1.5,2838917294,2854912849,16406,1,859984
505,1574590485.922703,192.168.1.4,192.168.1.5,2838933700,2854912849,13416,1,873400
506,1574590485.927069,192.168.1.4,192.168.1.5,1452589928,3636587,2070,1,875470
507,1574590485.931103,192.168.1.5,192.168.1.4,2854912849,2838947116,65,0,875405
508,1574590485.931353,192.168.1.5,192.168.1.4,2854912914,2838947116,65,0,875340
509,1574590485.931532,192.168.1.5,192.168.1.4,2854912979,2838947116,64,0,875276
510,1574590485.932838,192.168.1.4,192.168.1.5,261526648,1095229251,2070,1,877346
511,1574590485.934398,192.168.1.5,192.168.1.4,2854913043,2838947116,220,0,877126
512,1574590485.970413,192.168.1.4,192.168.1.5,1452591998,3636587,810,1,877936
513,1574590485.974365,192.168.1.4,192.168.1.5,261528718,1095229251,1249,1,879185
514,1574590485.974721,192.168.1.4,192.168.1.5,2838947116,2854913263,2070,1,881255
515,1574590485.979833,192.168.1.5,192.168.1.4,1095229251,261529967,86,0,881169
516,1574590485.980629,192.168.1.5,192.168.1.4,1095229337,261529967,108,0,881061
517,1574590485.982552,192.168.1.4,192.168.1.5,2838949186,2854913263,16406,1,897467
518,1574590485.983076,192.168.1.4,192.168.1.5,2838965592,2854913263,16406,1,913873
519,1574590485.983234,192.168.1.4,192.168.1.5,2838981998,2854913263,16406,1,930279
520,1574590485.983574,192.168.1.4,192.168.1.5,2838998404,2854913263,15468,1,945747
521,1574590485.984476,192.168.1.4,192.168.1.5,2839013872,2854913263,1440,1,947187
522,1574590485.989375,192.168.1.5,192.168.1.4,1095229445,261529967,259,0,946928
523,1574590486.013,192.168.1.4,192.168.1.5,2839015312,2854913263,16406,1,963334
524,1574590486.013126,192.168.1.4,192.168.1.5,2839031718,2854913263,16406,1,979740
525,1574590486.013148,192.168.1.4,192.168.1.5,2839048124,2854913263,2704,1,982444
526,1574590486.018631,192.168.1.4,192.168.1.5,2839050828,2854913263,16406,1,998850
527,1574590486.018752,192.168.1.4,192.168.1.5,2839067234,2854913263,16406,1,1015256
528,1574590486.018773,192.168.1.4,192.168.1.5,2839083640,2854913263,180,1,1015436
529,1574590486.047589,192.168.1.4,192.168.1.5,261529967,1095229704,617,1,1016053
530,1574590486.048058,192.168.1.5,192.168.1.4,1095229704,261530584,53,0,1016000
531,1574590486.051147,192.168.1.4,192.168.1.5,2839083820,2854913263,16406,1,1032406
532,1574590486.051919,192.168.1.4,192.168.1.5,2839100226,2854913263,16406,1,1048812
533,1574590486.052042,192.168.1.4,192.168.1.5,2839116632,2854913263,1448,1,1050260
534,1574590486.052455,192.168.1.4,192.168.1.5,2839118080,2854913263,14958,1,1065218
535,1574590486.052585,192.168.1.4,192.168.1.5,2839133038,2854913263,16406,1,1081624
536,1574590486.053315,192.168.1.4,192.168.1.5,2839149444,2854913263,32812,1,1114436
537,1574590486.054531,192.168.1.4,192.168.1.5,2839182256,2854913263,16406,1,1130842
538,1574590486.054703,192.168.1.4,192.168.1.5,2839198662,2854913263,8388,1,1139230
539,1574590486.094784,192.168.1.4,192.168.1.5,2839207050,2854913263,16406,1,1155636
540,1574590486.094902,192.168.1.4,192.168.1.5,2839223456,2854913263,16252,1,1171888
541,1574590486.143453,192.168.1.4,192.168.1.5,261530584,1095229757,2070,1,1173958
542,1574590486.186445,192.168.1.4,192.168.1.5,261532654,1095229757,5504,1,1179462
543,1574590486.210709,192.168.1.4,192.168.1.5,2839239708,2854913263,16406,1,1195868
544,1574590486.210836,192.168.1.4,192.168.1.5,2839256114,2854913263,16406,1,1212274
545,1574590486.210882,192.168.1.4,192.168.1.5,2839272520,2854913263,8688,1,1220962
546,1574590486.210936,192.168.1.4,192.168.1.5,2839281208,2854913263,7718,1,1228680
547,1574590486.211235,192.168.1.4,192.168.1.5,2839288926,2854913263,16406,1,1245086
548,1574590486.211365,192.168.1.4,192.168.1.5,2839305332,2854913263,16406,1,1261492
549,1574590486.2119,192.168.1.4,192.168.1.5,261538158,1095229757,4276,1,1265768
550,1574590486.211972,192.168.1.4,192.168.1.5,2839321738,2854913263,8688,1,1274456
551,1574590486.212155,192.168.1.4,192.168.1.5,2839330426,2854913263,7718,1,1282174
552,1574590486.212217,192.168.1.4,192.168.1.5,2839338144,2854913263,16406,1,1298580
553,1574590486.212335,192.168.1.4,192.168.1.5,2839354550,2854913263,11584,1,1310164
554,1574590486.212505,192.168.1.4,192.168.1.5,2839366134,2854913263,4822,1,1314986
555,1574590486.212549,192.168.1.4,192.168.1.5,2839370956,2854913263,16406,1,1331392
556,1574590486.212635,192.168.1.4,192.168.1.5,2839387362,2854913263,11584,1,1342976
557,1574590486.212732,192.168.1.4,192.168.1.5,2839398946,2854913263,4822,1,1347798
558,1574590486.21283,192.168.1.4,192.168.1.5,2839403768,2854913263,15928,1,1363726
559,1574590486.212998,192.168.1.4,192.168.1.5,2839419696,2854913263,478,1,1364204
560,1574590486.213033,192.168.1.4,192.168.1.5,2839420174,2854913263,21720,1,1385924
561,1574590486.213383,192.168.1.4,192.168.1.5,2839441894,2854913263,8688,1,1394612
562,1574590486.213509,192.168.1.4,192.168.1.5,2839450582,2854913263,28960,1,1423572
563,1574590486.214568,192.168.1.4,192.168.1.5,2839479542,2854913263,15758,1,1439330
564,1574590486.214594,192.168.1.4,192.168.1.5,261542434,1095229757,1440,1,1440770
565,1574590486.214625,192.168.1.4,192.168.1.5,2839495300,2854913263,1448,1,1442218
566,1574590486.216605,192.168.1.4,192.168.1.5,2839496748,2854913263,1448,1,1443666
567,1574590486.216698,192.168.1.4,192.168.1.5,2839498196,2854913263,7366,1,1451032
568,1574590486.217008,192.168.1.5,192.168.1.4,2854913263,2839505562,68,0,1450964
569,1574590486.217254,192.168.1.4,192.168.1.5,261543874,1095229757,6166,1,1457130
570,1574590486.217617,192.168.1.4,192.168.1.5,2839505562,2854913331,16406,1,1473536
571,1574590486.217665,192.168.1.4,192.168.1.5,2839521968,2854913331,3176,1,1476712
572,1574590486.220486,192.168.1.5,192.168.1.4,2854913331,2839525144,64,0,1476648
573,1574590486.230731,192.168.1.5,192.168.1.4,2854913395,2839525144,179,0,1476469
574,1574590486.238397,192.168.1.4,192.168.1.5,1452592808,3636587,967,1,1477436
575,1574590486.243545,192.168.1.5,192.168.1.4,3636587,1452593775,86,0,1477350
576,1574590486.243888,192.168.1.5,192.168.1.4,3636673,1452593775,108,0,1477242
577,1574590486.245483,192.168.1.5,192.168.1.4,3636781,1452593775,266,0,1476976
578,1574590486.258643,192.168.1.4,192.168.1.5,261550040,1095229757,5222,1,1482198
579,1574590486.298572,192.168.1.4,192.168.1.5,2839525144,2854913574,16406,1,1498604
580,1574590486.298723,192.168.1.4,192.168.1.5,2839541550,2854913574,16406,1,1515010
581,1574590486.298787,192.168.1.4,192.168.1.5,2839557956,2854913574,15928,1,1530938
582,1574590486.298805,192.168.1.4,192.168.1.5,2839573884,2854913574,478,1,1531416
583,1574590486.299006,192.168.1.4,192.168.1.5,2839574362,2854913574,15928,1,1547344
584,1574590486.299284,192.168.1.4,192.168.1.5,2839590290,2854913574,10136,1,1557480
585,1574590486.300065,192.168.1.4,192.168.1.5,2839600426,2854913574,12766,1,1570246
586,1574590486.312379,192.168.1.4,192.168.1.5,1452593775,3637047,617,1,1570863
587,1574590486.31273,192.168.1.5,192.168.1.4,3637047,1452594392,53,0,1570810
588,1574590486.316094,192.168.1.4,192.168.1.5,1452594392,3637100,378,1,1571188
589,1574590486.33984,192.168.1.4,192.168.1.5,1544829262,860273235,91,1,1571279
590,1574590486.339865,192.168.1.4,192.168.1.5,1544829353,860273235,24,1,1571303
591,1574590486.340887,192.168.1.4,192.168.1.5,1572439219,2106411496,91,1,1571394
592,1574590486.340906,192.168.1.4,192.168.1.5,1572439310,2106411496,24,1,1571418
593,1574590486.341245,192.168.1.4,192.168.1.5,2968003610,920174093,91,1,1571509
594,1574590486.341258,192.168.1.4,192.168.1.5,2968003701,920174093,24,1,1571533
595,1574590486.352233,192.168.1.4,192.168.1.5,2839613192,2854913574,16406,1,1587939
596,1574590486.352313,192.168.1.4,192.168.1.5,2839629598,2854913574,4908,1,1592847
597,1574590486.352753,192.168.1.4,192.168.1.5,2839634506,2854913574,1440,1,1594287
598,1574590486.353919,192.168.1.4,192.168.1.5,2839635946,2854913574,5694,1,1599981
599,1574590486.354753,192.168.1.4,192.168.1.5,2839641640,2854913574,5694,1,1605675
600,1574590486.355576,192.168.1.4,192.168.1.5,2839647334,2854913574,4276,1,1609951
601,1574590486.35672,192.168.1.4,192.168.1.5,2839651610,2854913574,14222,1,1624173
602,1574590486.357114,192.168.1.4,192.168.1.5,2839665832,2854913574,5674,1,1629847
603,1574590486.358218,192.168.1.4,192.168.1.5,1452594770,3637100,2896,1,1632743
604,1574590486.35881,192.168.1.4,192.168.1.5,1452597666,3637100,1380,1,1634123
605,1574590486.361162,192.168.1.4,192.168.1.5,2839671506,2854913574,7112,1,1641235
606,1574590486.36406,192.168.1.4,192.168.1.5,1452599046,3637100,1869,1,1643104
607,1574590486.364813,192.168.1.4,192.168.1.5,2839678618,2854913574,4276,1,1647380
608,1574590486.366903,192.168.1.4,192.168.1.5,2839682894,2854913574,1440,1,1648820
609,1574590486.366939,192.168.1.4,192.168.1.5,2839684334,2854913574,16406,1,1665226
610,1574590486.36706,192.168.1.4,192.168.1.5,2839700740,2854913574,13458,1,1678684
611,1574590486.367851,192.168.1.4,192.168.1.5,2839714198,2854913574,2816,1,1681500
612,1574590486.372051,192.168.1.4,192.168.1.5,2839717014,2854913574,5694,1,1687194
613,1574590486.373653,192.168.1.4,192.168.1.5,2839722708,2854913574,12802,1,1699996
614,1574590486.374124,192.168.1.4,192.168.1.5,2839735510,2854913574,8512,1,1708508
615,1574590486.374214,192.168.1.4,192.168.1.5,2839744022,2854913574,2858,1,1711366
616,1574590486.376128,192.168.1.4,192.168.1.5,2839746880,2854913574,16406,1,1727772
617,1574590486.376747,192.168.1.4,192.168.1.5,2839763286,2854913574,9162,1,1736934
618,1574590486.377425,192.168.1.4,192.168.1.5,2839772448,2854913574,2858,1,1739792
619,1574590486.377466,192.168.1.4,192.168.1.5,2839775306,2854913574,7112,1,1746904
620,1574590486.378123,192.168.1.4,192.168.1.5,2839782418,2854913574,1442,1,1748346
621,1574590486.378351,192.168.1.4,192.168.1.5,2839783860,2854913574,7110,1,1755456
622,1574590486.378897,192.168.1.4,192.168.1.5,2839790970,2854913574,2858,1,1758314
623,1574590486.379203,192.168.1.5,192.168.1.4,3637100,1452600915,61,0,1758253
624,1574590486.381914,192.168.1.4,192.168.1.5,2839793828,2854913574,16406,1,1774659
625,1574590486.382007,192.168.1.4,192.168.1.5,2839810234,2854913574,16406,1,1791065
626,1574590486.382186,192.168.1.4,192.168.1.5,2839826640,2854913574,16406,1,1807471
627,1574590486.382267,192.168.1.4,192.168.1.5,2839843046,2854913574,16406,1,1823877
628,1574590486.382644,192.168.1.4,192.168.1.5,2839859452,2854913574,7240,1,1831117
629,1574590486.382741,192.168.1.4,192.168.1.5,2839866692,2854913574,9166,1,1840283
630,1574590486.38277,192.168.1.4,192.168.1.5,2839875858,2854913574,14632,1,1854915
631,1574590486.38287,192.168.1.4,192.168.1.5,2839890490,2854913574,10136,1,1865051
632,1574590486.382951,192.168.1.4,192.168.1.5,2839900626,2854913574,6270,1,1871321
633,1574590486.382962,192.168.1.4,192.168.1.5,2839906896,2854913574,548,1,1871869
634,1574590486.383319,192.168.1.4,192.168.1.5,2839907444,2854913574,2858,1,1874727
635,1574590486.383799,192.168.1.4,192.168.1.5,2839910302,2854913574,1440,1,1876167
636,1574590486.384383,192.168.1.4,192.168.1.5,2839911742,2854913574,1440,1,1877607
637,1574590486.404316,192.168.1.4,192.168.1.5,2839913182,2854913574,16406,1,1894013
638,1574590486.404566,192.168.1.4,192.168.1.5,2839929588,2854913574,16406,1,1910419
639,1574590486.404665,192.168.1.4,192.168.1.5,2839945994,2854913574,16406,1,1926825
640,1574590486.404885,192.168.1.4,192.168.1.5,2839962400,2854913574,16406,1,1943231
641,1574590486.404921,192.168.1.4,192.168.1.5,2839978806,2854913574,1132,1,1944363
642,1574590486.407012,192.168.1.4,192.168.1.5,2839979938,2854913574,2858,1,1947221
643,1574590486.407059,192.168.1.4,192.168.1.5,2839982796,2854913574,2858,1,1950079
644,1574590486.407662,192.168.1.4,192.168.1.5,2839985654,2854913574,11366,1,1961445
645,1574590486.409502,192.168.1.4,192.168.1.5,2839997020,2854913574,15620,1,1977065
646,1574590486.412127,192.168.1.4,192.168.1.5,2840012640,2854913574,9948,1,1987013
647,1574590486.41502,192.168.1.4,192.168.1.5,2840022588,2854913574,7112,1,1994125
648,1574590486.415851,192.168.1.4,192.168.1.5,2840029700,2854913574,1440,1,1995565
649,1574590486.416718,192.168.1.4,192.168.1.5,2840031140,2854913574,2858,1,1998423
650,1574590486.418026,192.168.1.4,192.168.1.5,2840033998,2854913574,2858,1,2001281
651,1574590486.418907,192.168.1.4,192.168.1.5,2840036856,2854913574,2858,1,2004139
652,1574590486.419884,192.168.1.4,192.168.1.5,2840039714,2854913574,2858,1,2006997
653,1574590486.424295,192.168.1.4,192.168.1.5,2840042572,2854913574,8530,1,2015527
654,1574590486.426243,192.168.1.4,192.168.1.5,2840051102,2854913574,5694,1,2021221
655,1574590486.430271,192.168.1.4,192.168.1.5,2840056796,2854913574,9948,1,2031169
656,1574590486.431626,192.168.1.4,192.168.1.5,2840066744,2854913574,1440,1,2032609
657,1574590486.432595,192.168.1.4,192.168.1.5,2840068184,2854913574,2858,1,2035467
658,1574590486.43326,192.168.1.4,192.168.1.5,2840071042,2854913574,1440,1,2036907
659,1574590486.433278,192.168.1.4,192.168.1.5,2840072482,2854913574,2858,1,2039765
660,1574590486.433902,192.168.1.4,192.168.1.5,2840075340,2854913574,2858,1,2042623
661,1574590486.434729,192.168.1.4,192.168.1.5,2840078198,2854913574,1440,1,2044063
662,1574590486.437105,192.168.1.4,192.168.1.5,2840079638,2854913574,2858,1,2046921
663,1574590486.437536,192.168.1.4,192.168.1.5,2840082496,2854913574,1440,1,2048361
664,1574590486.438295,192.168.1.4,192.168.1.5,2840083936,2854913574,2858,1,2051219
665,1574590486.438887,192.168.1.4,192.168.1.5,2840086794,2854913574,1440,1,2052659
666,1574590486.439188,192.168.1.4,192.168.1.5,2840088234,2854913574,1440,1,2054099
667,1574590486.482368,192.168.1.4,192.168.1.5,2840089674,2854913574,16406,1,2070505
668,1574590486.482479,192.168.1.4,192.168.1.5,2840106080,2854913574,16406,1,2086911
669,1574590486.482521,192.168.1.4,192.168.1.5,2840122486,2854913574,2196,1,2089107
670,1574590486.48499,192.168.1.5,192.168.1.4,2854913574,2840124682,68,0,2089039
671,1574590486.545967,192.168.1.5,192.168.1.4,2854913642,2840124682,192,0,2088847
672,1574590486.564506,192.168.1.4,192.168.1.5,261555262,1095229757,1164,1,2090011
673,1574590486.5653,192.168.1.5,192.168.1.4,1095229757,261556426,61,0,2089950
674,1574590486.569745,192.168.1.5,192.168.1.4,2854913834,2840124682,193,0,2089757
675,1574590486.585071,192.168.1.4,192.168.1.5,2840124682,2854914027,1561,1,2091318
676,1574590486.609069,192.168.1.4,192.168.1.5,2840126243,2854914027,16406,1,2107724
677,1574590486.609163,192.168.1.4,192.168.1.5,2840142649,2854914027,16406,1,2124130
678,1574590486.609231,192.168.1.4,192.168.1.5,2840159055,2854914027,16406,1,2140536
679,1574590486.609266,192.168.1.4,192.168.1.5,2840175461,2854914027,1448,1,2141984
680,1574590486.609295,192.168.1.4,192.168.1.5,2840176909,2854914027,16090,1,2158074
681,1574590486.640085,192.168.1.4,192.168.1.5,2840192999,2854914027,16406,1,2174480
682,1574590486.640188,192.168.1.4,192.168.1.5,2840209405,2854914027,16406,1,2190886
683,1574590486.640257,192.168.1.4,192.168.1.5,2840225811,2854914027,16406,1,2207292
684,1574590486.640295,192.168.1.4,192.168.1.5,2840242217,2854914027,16353,1,2223645
685,1574590486.640452,192.168.1.4,192.168.1.5,2840258570,2854914027,397,1,2224042
686,1574590486.663972,192.168.1.4,192.168.1.5,2840258967,2854914027,16406,1,2240448
687,1574590486.664088,192.168.1.4,192.168.1.5,2840275373,2854914027,16406,1,2256854
688,1574590486.66417,192.168.1.4,192.168.1.5,2840291779,2854914027,16406,1,2273260
689,1574590486.664408,192.168.1.4,192.168.1.5,2840308185,2854914027,16353,1,2289613
690,1574590486.665036,192.168.1.4,192.168.1.5,2840324538,2854914027,555,1,2290168
691,1574590486.688391,192.168.1.4,192.168.1.5,2840325093,2854914027,16406,1,2306574
692,1574590486.688493,192.168.1.4,192.168.1.5,2840341499,2854914027,16406,1,2322980
693,1574590486.688612,192.168.1.4,192.168.1.5,2840357905,2854914027,16406,1,2339386
694,1574590486.688708,192.168.1.4,192.168.1.5,2840374311,2854914027,16353,1,2355739
695,1574590486.688794,192.168.1.4,192.168.1.5,2840390664,2854914027,397,1,2356136
696,1574590486.713299,192.168.1.4,192.168.1.5,2840391061,2854914027,16406,1,2372542
697,1574590486.713393,192.168.1.4,192.168.1.5,2840407467,2854914027,16406,1,2388948
698,1574590486.713547,192.168.1.4,192.168.1.5,2840423873,2854914027,14480,1,2403428
699,1574590486.713659,192.168.1.4,192.168.1.5,2840438353,2854914027,1926,1,2405354
700,1574590486.713799,192.168.1.4,192.168.1.5,2840440279,2854914027,5792,1,2411146
701,1574590486.713954,192.168.1.4,192.168.1.5,2840446071,2854914027,10561,1,2421707
702,1574590486.713964,192.168.1.4,192.168.1.5,2840456632,2854914027,555,1,2422262
703,1574590486.715967,192.168.1.5,192.168.1.4,2854914027,2840457187,68,0,2422194
704,1574590486.716591,192.168.1.4,192.168.1.5,2840457187,2854914095,2858,1,2425052
705,1574590486.740175,192.168.1.4,192.168.1.5,2840460045,2854914095,16406,1,2441458
706,1574590486.740244,192.168.1.4,192.168.1.5,2840476451,2854914095,16406,1,2457864
707,1574590486.740329,192.168.1.4,192.168.1.5,2840492857,2854914095,16406,1,2474270
708,1574590486.740406,192.168.1.4,192.168.1.5,2840509263,2854914095,5792,1,2480062
709,1574590486.740599,192.168.1.4,192.168.1.5,2840515055,2854914095,11746,1,2491808
710,1574590486.76698,192.168.1.4,192.168.1.5,2840526801,2854914095,16406,1,2508214
711,1574590486.767097,192.168.1.4,192.168.1.5,2840543207,2854914095,16406,1,2524620
712,1574590486.767151,192.168.1.4,192.168.1.5,2840559613,2854914095,16406,1,2541026
713,1574590486.767199,192.168.1.4,192.168.1.5,2840576019,2854914095,8688,1,2549714
714,1574590486.767521,192.168.1.4,192.168.1.5,2840584707,2854914095,7665,1,2557379
715,1574590486.767559,192.168.1.4,192.168.1.5,2840592372,2854914095,397,1,2557776
716,1574590486.793771,192.168.1.4,192.168.1.5,2840592769,2854914095,16406,1,2574182
717,1574590486.793873,192.168.1.4,192.168.1.5,2840609175,2854914095,16406,1,2590588
718,1574590486.793947,192.168.1.4,192.168.1.5,2840625581,2854914095,10136,1,2600724
719,1574590486.794115,192.168.1.4,192.168.1.5,2840635717,2854914095,6270,1,2606994
720,1574590486.794273,192.168.1.4,192.168.1.5,2840641987,2854914095,13032,1,2620026
721,1574590486.794377,192.168.1.4,192.168.1.5,2840655019,2854914095,5136,1,2625162
722,1574590486.838377,192.168.1.4,192.168.1.5,2840660155,2854914095,16406,1,2641568
723,1574590486.838476,192.168.1.4,192.168.1.5,2840676561,2854914095,4853,1,2646421
724,1574590486.880352,192.168.1.4,192.168.1.5,962170865,941759704,91,1,2646512
725,1574590486.880377,192.168.1.4,192.168.1.5,962170956,941759704,24,1,2646536
726,1574590486.885814,192.168.1.5,192.168.1.4,927005092,4263040513,24,0,2646512
727,1574590486.888467,192.168.1.5,192.168.1.4,1936198629,319041110,343,0,2646169
728,1574590486.888817,192.168.1.4,192.168.1.5,319041110,1936198972,99,1,2646268
729,1574590486.889411,192.168.1.5,192.168.1.4,1936198972,319041209,382,0,2645886
730,1574590486.899209,192.168.1.4,192.168.1.5,319041209,1936199354,2266,1,2648152
731,1574590486.900547,192.168.1.5,192.168.1.4,1936199354,319043475,74,0,2648078
732,1574590486.900728,192.168.1.5,192.168.1.4,1936199428,319043475,255,0,2647823
733,1574590486.900837,192.168.1.4,192.168.1.5,319043475,1936199428,79,1,2647902
734,1574590486.902625,192.168.1.4,192.168.1.5,319043554,1936199683,79,1,2647981
735,1574590487.175124,192.168.1.5,192.168.1.4,385385783,2681383611,343,0,2647638
736,1574590487.175671,192.168.1.4,192.168.1.5,2681383611,385386126,99,1,2647737
737,1574590487.176086,192.168.1.5,192.168.1.4,385386126,2681383710,382,0,2647355
738,1574590487.19265,192.168.1.4,192.168.1.5,2681383710,385386508,2266,1,2649621
739,1574590487.193672,192.168.1.5,192.168.1.4,385386508,2681385976,74,0,2649547
740,1574590487.194011,192.168.1.4,192.168.1.5,2681385976,385386582,79,1,2649626
741,1574590487.194134,192.168.1.4,192.168.1.5,2681386055,385386582,79,1,2649705
742,1574590487.194625,192.168.1.5,192.168.1.4,385386582,2681386134,251,0,2649454
743,1574590487.29642,192.168.1.4,192.168.1.5,801435908,1624452675,91,1,2649545
744,1574590487.296449,192.168.1.4,192.168.1.5,801435999,1624452675,24,1,2649569
745,1574590487.571569,192.168.1.4,192.168.1.5,1247088290,2074187134,91,1,2649660
746,1574590487.571612,192.168.1.4,192.168.1.5,1247088381,2074187134,24,1,2649684
