index,time,src_ip,dst_ip,tcp_seq,tcp_ack,tcp_len,direction,cumul_sum
1,1574590494.196465,192.168.1.4,192.168.1.5,1292500811,2252561246,91,1,91
2,1574590494.196608,192.168.1.4,192.168.1.5,1292500902,2252561246,24,1,115
3,1574590494.197891,192.168.1.4,192.168.1.5,3022134429,1064567690,91,1,206
4,1574590494.198033,192.168.1.4,192.168.1.5,3022134520,1064567690,24,1,230
5,1574590496.744045,192.168.1.4,192.168.1.5,319043633,1936199707,91,1,321
6,1574590496.744173,192.168.1.4,192.168.1.5,319043724,1936199707,24,1,345
7,1574590496.745241,192.168.1.4,192.168.1.5,2557170314,1489948056,91,1,436
8,1574590496.745444,192.168.1.4,192.168.1.5,2557170405,1489948056,24,1,460
9,1574590497.011756,192.168.1.4,192.168.1.5,1518907115,42662927,91,1,551
10,1574590497.012018,192.168.1.4,192.168.1.5,1518907206,42662927,24,1,575
11,1574590497.176983,192.168.1.5,192.168.1.4,1099706659,4293669158,343,0,232
12,1574590497.177742,192.168.1.4,192.168.1.5,4293669158,1099707002,99,1,331
13,1574590497.178196,192.168.1.5,192.168.1.4,1099707002,4293669257,382,0,-51
14,1574590497.189477,192.168.1.4,192.168.1.5,4293669257,1099707384,2266,1,2215
15,1574590497.190425,192.168.1.5,192.168.1.4,1099707384,4293671523,74,0,2141
16,1574590497.190553,192.168.1.5,192.168.1.4,1099707458,4293671523,237,0,1904
17,1574590497.190839,192.168.1.4,192.168.1.5,4293671523,1099707695,79,1,1983
18,1574590497.192437,192.168.1.4,192.168.1.5,4293671602,1099707695,79,1,2062
19,1574590497.341479,192.168.1.4,192.168.1.5,762991290,1824917196,91,1,2153
20,1574590497.341561,192.168.1.4,192.168.1.5,762991381,1824917196,24,1,2177
21,1574590497.663884,192.168.1.4,192.168.1.5,2715096506,697908126,91,1,2268
22,1574590497.664767,192.168.1.4,192.168.1.5,2715096597,697908126,24,1,2292
23,1574590497.948294,192.168.1.4,192.168.1.5,2681386134,385386857,91,1,2383
24,1574590497.948324,192.168.1.4,192.168.1.5,2681386225,385386857,24,1,2407
25,1574590498.649297,192.168.1.5,192.168.1.4,2840922244,963016069,343,0,2064
26,1574590498.649845,192.168.1.4,192.168.1.5,963016069,2840922587,99,1,2163
27,1574590498.650224,192.168.1.5,192.168.1.4,2840922587,963016168,382,0,1781
28,1574590498.660643,192.168.1.4,192.168.1.5,963016168,2840922969,2266,1,4047
29,1574590498.661638,192.168.1.5,192.168.1.4,2840922969,963018434,74,0,3973
30,1574590498.661754,192.168.1.5,192.168.1.4,2840923043,963018434,245,0,3728
31,1574590498.662012,192.168.1.4,192.168.1.5,963018434,2840923043,79,1,3807
32,1574590498.662152,192.168.1.4,192.168.1.5,963018513,2840923288,79,1,3886
33,1574590498.808162,192.168.1.5,192.168.1.4,3612954224,63504040,343,0,3543
34,1574590498.808765,192.168.1.4,192.168.1.5,63504040,3612954567,99,1,3642
35,1574590498.809146,192.168.1.5,192.168.1.4,3612954567,63504139,382,0,3260
36,1574590498.811102,192.168.1.5,192.168.1.4,498163509,911793603,343,0,2917
37,1574590498.814703,192.168.1.4,192.168.1.5,911793603,498163852,99,1,3016
38,1574590498.814984,192.168.1.5,192.168.1.4,498163852,911793702,382,0,2634
39,1574590498.822594,192.168.1.4,192.168.1.5,63504139,3612954949,2266,1,4900
40,1574590498.824492,192.168.1.5,192.168.1.4,3612954949,63506405,74,0,4826
41,1574590498.824591,192.168.1.5,192.168.1.4,3612955023,63506405,235,0,4591
42,1574590498.826267,192.168.1.4,192.168.1.5,63506405,3612955258,79,1,4670
43,1574590498.82629,192.168.1.4,192.168.1.5,63506484,3612955258,79,1,4749
44,1574590498.829839,192.168.1.4,192.168.1.5,911793702,498164234,2266,1,7015
45,1574590498.830715,192.168.1.5,192.168.1.4,498164234,911795968,74,0,6941
46,1574590498.830834,192.168.1.5,192.168.1.4,498164308,911795968,235,0,6706
47,1574590498.831104,192.168.1.4,192.168.1.5,911795968,498164308,79,1,6785
48,1574590498.831161,192.168.1.4,192.168.1.5,911796047,498164543,79,1,6864
49,1574590500.700352,192.168.1.4,192.168.1.5,4293671681,1099707695,91,1,6955
50,1574590500.702053,192.168.1.5,192.168.1.4,1099707695,4293671772,539,0,6416
51,1574590500.757177,192.168.1.4,192.168.1.5,4293671772,1099708234,2070,1,8486
52,1574590500.798579,192.168.1.4,192.168.1.5,4293673842,1099708234,1756,1,10242
53,1574590500.811443,192.168.1.5,192.168.1.4,1099708234,4293675598,86,0,10156
54,1574590500.812035,192.168.1.5,192.168.1.4,1099708320,4293675598,108,0,10048
55,1574590500.812656,192.168.1.5,192.168.1.4,1099708428,4293675598,279,0,9769
56,1574590500.852824,192.168.1.4,192.168.1.5,4293675598,1099708707,2070,1,11839
57,1574590500.854944,192.168.1.5,192.168.1.4,1099708707,4293677668,53,0,11786
58,1574590500.85573,192.168.1.4,192.168.1.5,4293677668,1099708760,1405,1,13191
59,1574590500.858138,192.168.1.5,192.168.1.4,1099708760,4293679073,61,0,13130
60,1574590503.128212,192.168.1.4,192.168.1.5,963018592,2840923288,91,1,13221
61,1574590503.128929,192.168.1.5,192.168.1.4,2840923288,963018683,539,0,12682
62,1574590503.181399,192.168.1.4,192.168.1.5,963018683,2840923827,2070,1,14752
63,1574590503.222552,192.168.1.4,192.168.1.5,963020753,2840923827,1018,1,15770
64,1574590503.227692,192.168.1.5,192.168.1.4,2840923827,963021771,86,0,15684
65,1574590503.229921,192.168.1.5,192.168.1.4,2840923913,963021771,108,0,15576
66,1574590503.230461,192.168.1.5,192.168.1.4,2840924021,963021771,321,0,15255
67,1574590503.230715,192.168.1.5,192.168.1.4,2840924342,963021771,54,0,15201
68,1574590503.26852,192.168.1.4,192.168.1.5,963021771,2840924396,617,1,15818
69,1574590503.272993,192.168.1.5,192.168.1.4,2840924396,963022388,53,0,15765
70,1574590503.278168,192.168.1.4,192.168.1.5,963022388,2840924449,1265,1,17030
71,1574590503.279558,192.168.1.5,192.168.1.4,2840924449,963023653,61,0,16969
72,1574590503.374158,192.168.1.4,192.168.1.5,911796126,498164543,91,1,17060
73,1574590503.374795,192.168.1.5,192.168.1.4,498164543,911796217,539,0,16521
74,1574590503.416294,192.168.1.4,192.168.1.5,911796217,498165082,2070,1,18591
75,1574590503.458514,192.168.1.4,192.168.1.5,911798287,498165082,599,1,19190
76,1574590503.462274,192.168.1.5,192.168.1.4,498165082,911798886,86,0,19104
77,1574590503.462857,192.168.1.5,192.168.1.4,498165168,911798886,108,0,18996
78,1574590503.463766,192.168.1.5,192.168.1.4,498165276,911798886,369,0,18627
79,1574590503.495649,192.168.1.4,192.168.1.5,911798886,498165645,617,1,19244
80,1574590503.496274,192.168.1.5,192.168.1.4,498165645,911799503,53,0,19191
81,1574590503.575796,192.168.1.4,192.168.1.5,911799503,498165698,2070,1,21261
82,1574590503.618593,192.168.1.4,192.168.1.5,911801573,498165698,12826,1,34087
83,1574590503.623122,192.168.1.5,192.168.1.4,498165698,911814399,61,0,34026
84,1574590503.637884,192.168.1.5,192.168.1.4,3748035124,4119365001,343,0,33683
85,1574590503.638566,192.168.1.4,192.168.1.5,4119365001,3748035467,99,1,33782
86,1574590503.63887,192.168.1.5,192.168.1.4,3748035467,4119365100,382,0,33400
87,1574590503.641975,192.168.1.5,192.168.1.4,1898464690,2707695863,343,0,33057
88,1574590503.644731,192.168.1.5,192.168.1.4,498165759,911814399,149,0,32908
89,1574590503.646266,192.168.1.4,192.168.1.5,2707695863,1898465033,99,1,33007
90,1574590503.646627,192.168.1.5,192.168.1.4,1898465033,2707695962,382,0,32625
91,1574590503.64828,192.168.1.5,192.168.1.4,498165908,911814399,121,0,32504
92,1574590503.6515,192.168.1.4,192.168.1.5,63506563,3612955258,91,1,32595
93,1574590503.652019,192.168.1.5,192.168.1.4,4036911730,3254925856,343,0,32252
94,1574590503.653197,192.168.1.5,192.168.1.4,3612955258,63506654,598,0,31654
95,1574590503.656578,192.168.1.5,192.168.1.4,3350308429,1967328403,343,0,31311
96,1574590503.65703,192.168.1.4,192.168.1.5,3254925856,4036912073,99,1,31410
97,1574590503.657577,192.168.1.5,192.168.1.4,4036912073,3254925955,382,0,31028
98,1574590503.674181,192.168.1.4,192.168.1.5,4119365100,3748035849,2266,1,33294
99,1574590503.674984,192.168.1.4,192.168.1.5,1967328403,3350308772,99,1,33393
100,1574590503.6756,192.168.1.5,192.168.1.4,3748035849,4119367366,74,0,33319
101,1574590503.675776,192.168.1.5,192.168.1.4,3748035923,4119367366,247,0,33072
102,1574590503.676476,192.168.1.5,192.168.1.4,3350308772,1967328502,382,0,32690
103,1574590503.687004,192.168.1.4,192.168.1.5,2707695962,1898465415,2266,1,34956
104,1574590503.687716,192.168.1.4,192.168.1.5,911814399,498166029,2070,1,37026
105,1574590503.689141,192.168.1.5,192.168.1.4,1898465415,2707698228,74,0,36952
106,1574590503.689368,192.168.1.5,192.168.1.4,1898465489,2707698228,247,0,36705
107,1574590503.696183,192.168.1.4,192.168.1.5,63506654,3612955856,234,1,36939
108,1574590503.696403,192.168.1.4,192.168.1.5,4119367366,3748036170,79,1,37018
109,1574590503.69657,192.168.1.4,192.168.1.5,4119367445,3748036170,79,1,37097
110,1574590503.698955,192.168.1.5,192.168.1.4,3612955856,63506888,86,0,37011
111,1574590503.703423,192.168.1.4,192.168.1.5,3254925955,4036912455,2266,1,39277
112,1574590503.703818,192.168.1.4,192.168.1.5,2707698228,1898465736,79,1,39356
113,1574590503.704811,192.168.1.5,192.168.1.4,4036912455,3254928221,74,0,39282
114,1574590503.704899,192.168.1.4,192.168.1.5,2707698307,1898465736,79,1,39361
115,1574590503.705623,192.168.1.5,192.168.1.4,4036912529,3254928221,257,0,39104
116,1574590503.709847,192.168.1.4,192.168.1.5,3254928221,4036912786,79,1,39183
117,1574590503.70988,192.168.1.4,192.168.1.5,3254928300,4036912786,79,1,39262
118,1574590503.711468,192.168.1.4,192.168.1.5,1967328502,3350309154,2266,1,41528
119,1574590503.712627,192.168.1.5,192.168.1.4,3350309154,1967330768,74,0,41454
120,1574590503.712776,192.168.1.5,192.168.1.4,3350309228,1967330768,257,0,41197
121,1574590503.713196,192.168.1.4,192.168.1.5,1967330768,3350309485,79,1,41276
122,1574590503.713217,192.168.1.4,192.168.1.5,1967330847,3350309485,79,1,41355
123,1574590503.729501,192.168.1.4,192.168.1.5,911816469,498166029,16406,1,57761
124,1574590503.729586,192.168.1.4,192.168.1.5,911832875,498166029,10136,1,67897
125,1574590503.729812,192.168.1.4,192.168.1.5,911843011,498166029,6891,1,74788
126,1574590503.732783,192.168.1.5,192.168.1.4,498166029,911849902,61,0,74727
127,1574590503.733565,192.168.1.4,192.168.1.5,911849902,498166090,7078,1,81805
128,1574590505.741216,192.168.1.4,192.168.1.5,4119367524,3748036170,91,1,81896
129,1574590505.741784,192.168.1.5,192.168.1.4,3748036170,4119367615,539,0,81357
130,1574590505.786587,192.168.1.4,192.168.1.5,2707698386,1898465736,91,1,81448
131,1574590505.78739,192.168.1.5,192.168.1.4,1898465736,2707698477,539,0,80909
132,1574590505.80238,192.168.1.4,192.168.1.5,4119367615,3748036709,2070,1,82979
133,1574590505.829579,192.168.1.4,192.168.1.5,2707698477,1898466275,2070,1,85049
134,1574590505.846248,192.168.1.4,192.168.1.5,4119369685,3748036709,1888,1,86937
135,1574590505.84923,192.168.1.5,192.168.1.4,3748036709,4119371573,86,0,86851
136,1574590505.849661,192.168.1.5,192.168.1.4,3748036795,4119371573,108,0,86743
137,1574590505.849915,192.168.1.5,192.168.1.4,1898466275,2707700547,24,0,86719
138,1574590505.850217,192.168.1.4,192.168.1.5,2707700547,1898466299,1889,1,88608
139,1574590505.85031,192.168.1.4,192.168.1.5,2707702436,1898466299,24,1,88632
140,1574590505.863589,192.168.1.5,192.168.1.4,3748036903,4119371573,268,0,88364
141,1574590505.863755,192.168.1.5,192.168.1.4,3748037171,4119371573,138,0,88226
142,1574590505.881974,192.168.1.4,192.168.1.5,4119371573,3748037309,617,1,88843
143,1574590505.882316,192.168.1.5,192.168.1.4,3748037309,4119372190,53,0,88790
144,1574590505.906689,192.168.1.4,192.168.1.5,4119372190,3748037362,461,1,89251
145,1574590505.920716,192.168.1.5,192.168.1.4,1109010505,1695565389,343,0,88908
146,1574590505.921144,192.168.1.4,192.168.1.5,1695565389,1109010848,99,1,89007
147,1574590505.921509,192.168.1.5,192.168.1.4,1109010848,1695565488,382,0,88625
148,1574590505.930845,192.168.1.4,192.168.1.5,1695565488,1109011230,2266,1,90891
149,1574590505.931908,192.168.1.5,192.168.1.4,1109011230,1695567754,74,0,90817
150,1574590505.932044,192.168.1.5,192.168.1.4,1109011304,1695567754,241,0,90576
151,1574590505.932301,192.168.1.4,192.168.1.5,1695567754,1109011545,79,1,90655
152,1574590505.942212,192.168.1.4,192.168.1.5,1695567833,1109011545,79,1,90734
153,1574590505.950742,192.168.1.4,192.168.1.5,4119372651,3748037362,1595,1,92329
154,1574590505.953148,192.168.1.4,192.168.1.5,1967330926,3350309485,91,1,92420
155,1574590505.953166,192.168.1.4,192.168.1.5,3254928379,4036912786,91,1,92511
156,1574590505.954458,192.168.1.5,192.168.1.4,3748037362,4119374246,61,0,92450
157,1574590505.958256,192.168.1.5,192.168.1.4,3350309485,1967331017,539,0,91911
158,1574590505.970278,192.168.1.5,192.168.1.4,4036912786,3254928470,539,0,91372
159,1574590505.983567,192.168.1.5,192.168.1.4,3373662913,3923561658,343,0,91029
160,1574590505.983987,192.168.1.4,192.168.1.5,3923561658,3373663256,99,1,91128
161,1574590505.984269,192.168.1.5,192.168.1.4,3373663256,3923561757,382,0,90746
162,1574590505.986668,192.168.1.5,192.168.1.4,3137744426,3734507532,343,0,90403
163,1574590505.990626,192.168.1.4,192.168.1.5,3734507532,3137744769,99,1,90502
164,1574590505.99091,192.168.1.5,192.168.1.4,3137744769,3734507631,382,0,90120
165,1574590505.992415,192.168.1.5,192.168.1.4,3491309364,1366237335,343,0,89777
166,1574590505.994988,192.168.1.5,192.168.1.4,3923528335,1232534441,343,0,89434
167,1574590505.999148,192.168.1.4,192.168.1.5,1967331017,3350310024,2070,1,91504
168,1574590505.999666,192.168.1.4,192.168.1.5,1366237335,3491309707,99,1,91603
169,1574590505.999889,192.168.1.4,192.168.1.5,1232534441,3923528678,99,1,91702
170,1574590506.000045,192.168.1.5,192.168.1.4,3491309707,1366237434,382,0,91320
171,1574590506.000271,192.168.1.5,192.168.1.4,3923528678,1232534540,382,0,90938
172,1574590506.00158,192.168.1.5,192.168.1.4,498166090,911856980,117,0,90821
173,1574590506.010427,192.168.1.4,192.168.1.5,3254928470,4036913325,2070,1,92891
174,1574590506.011655,192.168.1.4,192.168.1.5,3923561757,3373663638,2266,1,95157
175,1574590506.012516,192.168.1.5,192.168.1.4,3373663638,3923564023,74,0,95083
176,1574590506.012629,192.168.1.5,192.168.1.4,3373663712,3923564023,245,0,94838
177,1574590506.012813,192.168.1.4,192.168.1.5,3923564023,3373663957,79,1,94917
178,1574590506.014354,192.168.1.4,192.168.1.5,3923564102,3373663957,79,1,94996
179,1574590506.014801,192.168.1.5,192.168.1.4,1466573833,2543052509,343,0,94653
180,1574590506.01774,192.168.1.4,192.168.1.5,3734507631,3137745151,2266,1,96919
181,1574590506.018616,192.168.1.5,192.168.1.4,3137745151,3734509897,74,0,96845
182,1574590506.018736,192.168.1.5,192.168.1.4,3137745225,3734509897,245,0,96600
183,1574590506.020733,192.168.1.5,192.168.1.4,2436423624,1409425177,343,0,96257
184,1574590506.022461,192.168.1.5,192.168.1.4,2918467280,598944263,343,0,95914
185,1574590506.022929,192.168.1.4,192.168.1.5,2543052509,1466574176,99,1,96013
186,1574590506.023174,192.168.1.5,192.168.1.4,1466574176,2543052608,382,0,95631
187,1574590506.024355,192.168.1.4,192.168.1.5,1409425177,2436423967,99,1,95730
188,1574590506.024591,192.168.1.5,192.168.1.4,2436423967,1409425276,382,0,95348
189,1574590506.024758,192.168.1.5,192.168.1.4,3181668933,713328379,343,0,95005
190,1574590506.029876,192.168.1.4,192.168.1.5,1366237434,3491310089,2266,1,97271
191,1574590506.03002,192.168.1.4,192.168.1.5,598944263,2918467623,99,1,97370
192,1574590506.030835,192.168.1.5,192.168.1.4,3491310089,1366239700,74,0,97296
193,1574590506.030957,192.168.1.5,192.168.1.4,3491310163,1366239700,245,0,97051
194,1574590506.03116,192.168.1.5,192.168.1.4,2918467623,598944362,382,0,96669
195,1574590506.03459,192.168.1.4,192.168.1.5,713328379,3181669276,99,1,96768
196,1574590506.034858,192.168.1.5,192.168.1.4,3181669276,713328478,382,0,96386
197,1574590506.041322,192.168.1.5,192.168.1.4,3137745225,3734509897,245,0,96141
198,1574590506.041416,192.168.1.4,192.168.1.5,1232534540,3923529060,2266,1,98407
199,1574590506.042629,192.168.1.4,192.168.1.5,1967333087,3350310024,2724,1,101131
200,1574590506.04293,192.168.1.4,192.168.1.5,911856980,498166207,2958,1,104089
201,1574590506.043644,192.168.1.4,192.168.1.5,911859938,498166207,2858,1,106947
202,1574590506.043964,192.168.1.5,192.168.1.4,3923529060,1232536806,74,0,106873
203,1574590506.044172,192.168.1.5,192.168.1.4,3923529134,1232536806,237,0,106636
204,1574590506.045819,192.168.1.4,192.168.1.5,911862796,498166207,5694,1,112330
205,1574590506.045873,192.168.1.4,192.168.1.5,3734509897,3137745470,79,1,112409
206,1574590506.046014,192.168.1.4,192.168.1.5,3734509976,3137745470,79,1,112488
207,1574590506.046304,192.168.1.4,192.168.1.5,911868490,498166207,2858,1,115346
208,1574590506.048381,192.168.1.4,192.168.1.5,911871348,498166207,2858,1,118204
209,1574590506.049023,192.168.1.5,192.168.1.4,3491310163,1366239700,245,0,117959
210,1574590506.049334,192.168.1.4,192.168.1.5,911874206,498166207,2858,1,120817
211,1574590506.053459,192.168.1.4,192.168.1.5,911877064,498166207,2858,1,123675
212,1574590506.05431,192.168.1.4,192.168.1.5,3254930540,4036913325,2722,1,126397
213,1574590506.05446,192.168.1.4,192.168.1.5,911879922,498166207,2858,1,129255
214,1574590506.05607,192.168.1.4,192.168.1.5,911882780,498166207,2858,1,132113
215,1574590506.056132,192.168.1.4,192.168.1.5,1366239700,3491310408,79,1,132192
216,1574590506.056142,192.168.1.4,192.168.1.5,1366239779,3491310408,79,1,132271
217,1574590506.057461,192.168.1.4,192.168.1.5,1232536806,3923529371,79,1,132350
218,1574590506.057482,192.168.1.4,192.168.1.5,1232536885,3923529371,79,1,132429
219,1574590506.058588,192.168.1.5,192.168.1.4,3350310024,1967335811,86,0,132343
220,1574590506.058762,192.168.1.4,192.168.1.5,911885638,498166207,5694,1,138037
221,1574590506.063244,192.168.1.4,192.168.1.5,911891332,498166207,7240,1,145277
222,1574590506.063597,192.168.1.4,192.168.1.5,911898572,498166207,1290,1,146567
223,1574590506.06507,192.168.1.5,192.168.1.4,4036913325,3254933262,86,0,146481
224,1574590506.066021,192.168.1.4,192.168.1.5,911899862,498166207,4276,1,150757
225,1574590506.066391,192.168.1.4,192.168.1.5,911904138,498166207,1440,1,152197
226,1574590506.066827,192.168.1.4,192.168.1.5,911905578,498166207,1440,1,153637
227,1574590506.076915,192.168.1.5,192.168.1.4,3350310110,1967335811,108,0,153529
228,1574590506.077369,192.168.1.5,192.168.1.4,4036913411,3254933262,24,0,153505
229,1574590506.077821,192.168.1.4,192.168.1.5,3254933262,4036913435,24,1,153529
230,1574590506.085838,192.168.1.4,192.168.1.5,598944362,2918468005,2266,1,155795
231,1574590506.086757,192.168.1.5,192.168.1.4,2918468005,598946628,74,0,155721
232,1574590506.086948,192.168.1.5,192.168.1.4,2918468079,598946628,257,0,155464
233,1574590506.08741,192.168.1.4,192.168.1.5,2543052608,1466574558,2266,1,157730
234,1574590506.088192,192.168.1.5,192.168.1.4,1466574558,2543054874,74,0,157656
235,1574590506.088344,192.168.1.5,192.168.1.4,1466574632,2543054874,257,0,157399
236,1574590506.088402,192.168.1.5,192.168.1.4,1466574889,2543054874,24,0,157375
237,1574590506.089638,192.168.1.4,192.168.1.5,911907018,498166207,10136,1,167511
238,1574590506.089799,192.168.1.4,192.168.1.5,911917154,498166207,6270,1,173781
239,1574590506.08983,192.168.1.4,192.168.1.5,911923424,498166207,4344,1,178125
240,1574590506.089879,192.168.1.4,192.168.1.5,911927768,498166207,12062,1,190187
241,1574590506.08998,192.168.1.4,192.168.1.5,911939830,498166207,1448,1,191635
242,1574590506.090037,192.168.1.4,192.168.1.5,911941278,498166207,4092,1,195727
243,1574590506.090375,192.168.1.4,192.168.1.5,911945370,498166207,2858,1,198585
244,1574590506.090852,192.168.1.4,192.168.1.5,1967335811,3350310218,586,1,199171
245,1574590506.091044,192.168.1.4,192.168.1.5,2543054874,1466574913,79,1,199250
246,1574590506.091115,192.168.1.4,192.168.1.5,2543054953,1466574913,79,1,199329
247,1574590506.091722,192.168.1.4,192.168.1.5,911948228,498166207,1479,1,200808
248,1574590506.09328,192.168.1.4,192.168.1.5,1409425276,2436424349,2266,1,203074
249,1574590506.094105,192.168.1.5,192.168.1.4,2436424349,1409427542,74,0,203000
250,1574590506.094275,192.168.1.5,192.168.1.4,2436424423,1409427542,257,0,202743
251,1574590506.094333,192.168.1.5,192.168.1.4,2436424680,1409427542,24,0,202719
252,1574590506.094973,192.168.1.4,192.168.1.5,713328478,3181669658,2266,1,204985
253,1574590506.095242,192.168.1.4,192.168.1.5,598946628,2918468336,79,1,205064
254,1574590506.095309,192.168.1.4,192.168.1.5,598946707,2918468336,79,1,205143
255,1574590506.09588,192.168.1.5,192.168.1.4,3181669658,713330744,74,0,205069
256,1574590506.096052,192.168.1.5,192.168.1.4,3181669732,713330744,257,0,204812
257,1574590506.096433,192.168.1.4,192.168.1.5,713330744,3181669989,79,1,204891
258,1574590506.096518,192.168.1.4,192.168.1.5,713330823,3181669989,79,1,204970
259,1574590506.097783,192.168.1.4,192.168.1.5,1409427542,2436424704,79,1,205049
260,1574590506.098862,192.168.1.5,192.168.1.4,3350310218,1967336397,53,0,204996
261,1574590506.098954,192.168.1.4,192.168.1.5,1409427621,2436424704,79,1,205075
262,1574590506.102466,192.168.1.5,192.168.1.4,3350310271,1967336397,351,0,204724
263,1574590506.102629,192.168.1.5,192.168.1.4,3350310622,1967336397,161,0,204563
264,1574590506.103136,192.168.1.5,192.168.1.4,3350310783,1967336397,158,0,204405
265,1574590506.103266,192.168.1.5,192.168.1.4,3350310941,1967336397,158,0,204247
266,1574590506.103416,192.168.1.5,192.168.1.4,3350311099,1967336397,160,0,204087
267,1574590506.103548,192.168.1.5,192.168.1.4,3350311259,1967336397,159,0,203928
268,1574590506.104523,192.168.1.5,192.168.1.4,498166207,911949707,61,0,203867
269,1574590506.112753,192.168.1.4,192.168.1.5,1967336397,3350311418,53,1,203920
270,1574590506.154312,192.168.1.4,192.168.1.5,1967336450,3350311418,13032,1,216952
271,1574590506.15438,192.168.1.4,192.168.1.5,1967349482,3350311418,2896,1,219848
272,1574590506.154483,192.168.1.4,192.168.1.5,1967352378,3350311418,4382,1,224230
273,1574590506.155229,192.168.1.4,192.168.1.5,1967356760,3350311418,2858,1,227088
274,1574590506.157674,192.168.1.4,192.168.1.5,1967359618,3350311418,2858,1,229946
275,1574590506.158025,192.168.1.5,192.168.1.4,3350311418,1967362476,61,0,229885
276,1574590506.159694,192.168.1.5,192.168.1.4,886775092,2867742883,343,0,229542
277,1574590506.160117,192.168.1.4,192.168.1.5,2867742883,886775435,99,1,229641
278,1574590506.160416,192.168.1.5,192.168.1.4,886775435,2867742982,382,0,229259
279,1574590506.170139,192.168.1.4,192.168.1.5,2867742982,886775817,2266,1,231525
280,1574590506.170265,192.168.1.4,192.168.1.5,1967362476,3350311479,2070,1,233595
281,1574590506.171477,192.168.1.5,192.168.1.4,886775817,2867745248,74,0,233521
282,1574590506.171609,192.168.1.5,192.168.1.4,886775891,2867745248,255,0,233266
283,1574590506.171808,192.168.1.4,192.168.1.5,2867745248,886776146,79,1,233345
284,1574590506.172271,192.168.1.4,192.168.1.5,2867745327,886776146,79,1,233424
285,1574590506.199398,192.168.1.4,192.168.1.5,1967364546,3350311479,16406,1,249830
286,1574590506.199523,192.168.1.4,192.168.1.5,1967380952,3350311479,13032,1,262862
287,1574590506.199651,192.168.1.4,192.168.1.5,1967393984,3350311479,1448,1,264310
288,1574590506.199697,192.168.1.4,192.168.1.5,1967395432,3350311479,4000,1,268310
289,1574590506.211375,192.168.1.5,192.168.1.4,295745427,228943903,343,0,267967
290,1574590506.2117,192.168.1.4,192.168.1.5,228943903,295745770,99,1,268066
291,1574590506.212303,192.168.1.5,192.168.1.4,295745770,228944002,382,0,267684
292,1574590506.219378,192.168.1.4,192.168.1.5,1967399432,3350311479,16406,1,284090
293,1574590506.219583,192.168.1.4,192.168.1.5,1967415838,3350311479,15928,1,300018
294,1574590506.220231,192.168.1.4,192.168.1.5,1967431766,3350311479,2394,1,302412
295,1574590506.226007,192.168.1.4,192.168.1.5,228944002,295746152,2266,1,304678
296,1574590506.226967,192.168.1.5,192.168.1.4,295746152,228946268,74,0,304604
297,1574590506.227083,192.168.1.5,192.168.1.4,295746226,228946268,265,0,304339
298,1574590506.227282,192.168.1.4,192.168.1.5,228946268,295746491,79,1,304418
299,1574590506.227347,192.168.1.4,192.168.1.5,228946347,295746491,79,1,304497
300,1574590506.229516,192.168.1.4,192.168.1.5,1967434160,3350311479,16406,1,320903
301,1574590506.229601,192.168.1.4,192.168.1.5,1967450566,3350311479,16406,1,337309
302,1574590506.232289,192.168.1.4,192.168.1.5,1967466972,3350311479,1286,1,338595
303,1574590506.232961,192.168.1.5,192.168.1.4,2110449077,1039999956,343,0,338252
304,1574590506.233579,192.168.1.4,192.168.1.5,1039999956,2110449420,99,1,338351
305,1574590506.233849,192.168.1.5,192.168.1.4,2110449420,1040000055,382,0,337969
306,1574590506.241668,192.168.1.5,192.168.1.4,2723704215,109967732,343,0,337626
307,1574590506.24206,192.168.1.4,192.168.1.5,1967468258,3350311479,10136,1,347762
308,1574590506.242256,192.168.1.4,192.168.1.5,1967478394,3350311479,6270,1,354032
309,1574590506.242303,192.168.1.4,192.168.1.5,1967484664,3350311479,16406,1,370438
310,1574590506.242416,192.168.1.4,192.168.1.5,1967501070,3350311479,3492,1,373930
311,1574590506.246694,192.168.1.4,192.168.1.5,1040000055,2110449802,2266,1,376196
312,1574590506.24777,192.168.1.5,192.168.1.4,2110449802,1040002321,74,0,376122
313,1574590506.247832,192.168.1.4,192.168.1.5,109967732,2723704558,99,1,376221
314,1574590506.247959,192.168.1.5,192.168.1.4,2110449876,1040002321,265,0,375956
315,1574590506.24802,192.168.1.4,192.168.1.5,1040002321,2110449876,79,1,376035
316,1574590506.248134,192.168.1.4,192.168.1.5,1040002400,2110450141,79,1,376114
317,1574590506.248492,192.168.1.5,192.168.1.4,2723704558,109967831,382,0,375732
318,1574590506.257902,192.168.1.4,192.168.1.5,109967831,2723704940,2266,1,377998
319,1574590506.258913,192.168.1.5,192.168.1.4,2723704940,109970097,74,0,377924
320,1574590506.259061,192.168.1.5,192.168.1.4,2723705014,109970097,265,0,377659
321,1574590506.25924,192.168.1.4,192.168.1.5,109970097,2723705279,79,1,377738
322,1574590506.259312,192.168.1.4,192.168.1.5,109970176,2723705279,79,1,377817
323,1574590506.282259,192.168.1.4,192.168.1.5,1967504562,3350311479,16406,1,394223
324,1574590506.282318,192.168.1.4,192.168.1.5,1967520968,3350311479,187,1,394410
325,1574590506.289881,192.168.1.5,192.168.1.4,3188802947,1812737442,343,0,394067
326,1574590506.290424,192.168.1.4,192.168.1.5,1812737442,3188803290,99,1,394166
327,1574590506.290767,192.168.1.5,192.168.1.4,3188803290,1812737541,382,0,393784
328,1574590506.291325,192.168.1.5,192.168.1.4,4066475076,661663997,343,0,393441
329,1574590506.295256,192.168.1.4,192.168.1.5,661663997,4066475419,99,1,393540
330,1574590506.295645,192.168.1.5,192.168.1.4,4066475419,661664096,382,0,393158
331,1574590506.303401,192.168.1.5,192.168.1.4,1141725337,4068784688,343,0,392815
332,1574590506.306586,192.168.1.4,192.168.1.5,4068784688,1141725680,99,1,392914
333,1574590506.306857,192.168.1.5,192.168.1.4,1141725680,4068784787,382,0,392532
334,1574590506.314416,192.168.1.4,192.168.1.5,661664096,4066475801,2266,1,394798
335,1574590506.315385,192.168.1.5,192.168.1.4,4066475801,661666362,74,0,394724
336,1574590506.315495,192.168.1.5,192.168.1.4,4066475875,661666362,265,0,394459
337,1574590506.316881,192.168.1.4,192.168.1.5,1812737541,3188803672,2266,1,396725
338,1574590506.317847,192.168.1.5,192.168.1.4,3188803672,1812739807,74,0,396651
339,1574590506.317954,192.168.1.5,192.168.1.4,3188803746,1812739807,265,0,396386
340,1574590506.322267,192.168.1.4,192.168.1.5,1812739807,3188804011,79,1,396465
341,1574590506.322296,192.168.1.4,192.168.1.5,1812739886,3188804011,79,1,396544
342,1574590506.323242,192.168.1.4,192.168.1.5,661666362,4066476140,79,1,396623
343,1574590506.323267,192.168.1.4,192.168.1.5,661666441,4066476140,79,1,396702
344,1574590506.327778,192.168.1.4,192.168.1.5,4068784787,1141726062,2266,1,398968
345,1574590506.328753,192.168.1.5,192.168.1.4,1141726062,4068787053,74,0,398894
346,1574590506.328873,192.168.1.5,192.168.1.4,1141726136,4068787053,265,0,398629
347,1574590506.329138,192.168.1.4,192.168.1.5,4068787053,1141726401,79,1,398708
348,1574590506.329152,192.168.1.4,192.168.1.5,4068787132,1141726401,79,1,398787
349,1574590506.555496,192.168.1.5,192.168.1.4,3433468883,290297213,343,0,398444
350,1574590506.55606,192.168.1.4,192.168.1.5,290297213,3433469226,99,1,398543
351,1574590506.556481,192.168.1.5,192.168.1.4,3433469226,290297312,382,0,398161
352,1574590506.559211,192.168.1.5,192.168.1.4,1533533378,1187957451,343,0,397818
353,1574590506.561772,192.168.1.5,192.168.1.4,139503945,3280934394,343,0,397475
354,1574590506.56622,192.168.1.4,192.168.1.5,1187957451,1533533721,99,1,397574
355,1574590506.566489,192.168.1.5,192.168.1.4,1533533721,1187957550,382,0,397192
356,1574590506.567781,192.168.1.5,192.168.1.4,86501157,3493317148,343,0,396849
357,1574590506.570154,192.168.1.4,192.168.1.5,3280934394,139504288,99,1,396948
358,1574590506.570457,192.168.1.5,192.168.1.4,139504288,3280934493,382,0,396566
359,1574590506.570661,192.168.1.5,192.168.1.4,2452600662,3392621146,343,0,396223
360,1574590506.574528,192.168.1.4,192.168.1.5,3392621146,2452601005,99,1,396322
361,1574590506.57504,192.168.1.5,192.168.1.4,2452601005,3392621245,382,0,395940
362,1574590506.575654,192.168.1.4,192.168.1.5,3493317148,86501500,99,1,396039
363,1574590506.576091,192.168.1.5,192.168.1.4,86501500,3493317247,382,0,395657
364,1574590506.588704,192.168.1.4,192.168.1.5,1187957550,1533534103,2266,1,397923
365,1574590506.589687,192.168.1.5,192.168.1.4,1533534103,1187959816,74,0,397849
366,1574590506.589802,192.168.1.5,192.168.1.4,1533534177,1187959816,241,0,397608
367,1574590506.596977,192.168.1.4,192.168.1.5,3280934493,139504670,2266,1,399874
368,1574590506.597973,192.168.1.5,192.168.1.4,139504670,3280936759,74,0,399800
369,1574590506.598158,192.168.1.5,192.168.1.4,139504744,3280936759,241,0,399559
370,1574590506.604417,192.168.1.4,192.168.1.5,3392621245,2452601387,2266,1,401825
371,1574590506.605023,192.168.1.4,192.168.1.5,290297312,3433469608,2266,1,404091
372,1574590506.606067,192.168.1.5,192.168.1.4,3433469608,290299578,74,0,404017
373,1574590506.606183,192.168.1.5,192.168.1.4,3433469682,290299578,241,0,403776
374,1574590506.606433,192.168.1.4,192.168.1.5,290299578,3433469923,79,1,403855
375,1574590506.606507,192.168.1.4,192.168.1.5,290299657,3433469923,79,1,403934
376,1574590506.607095,192.168.1.5,192.168.1.4,2452601387,3392623511,74,0,403860
377,1574590506.60721,192.168.1.5,192.168.1.4,2452601461,3392623511,241,0,403619
378,1574590506.61207,192.168.1.5,192.168.1.4,1533534177,1187959816,241,0,403378
379,1574590506.612121,192.168.1.4,192.168.1.5,3493317247,86501882,2266,1,405644
380,1574590506.612303,192.168.1.4,192.168.1.5,1187959816,1533534418,79,1,405723
381,1574590506.612374,192.168.1.4,192.168.1.5,1187959895,1533534418,79,1,405802
382,1574590506.613282,192.168.1.4,192.168.1.5,3280936759,139504985,79,1,405881
383,1574590506.6133,192.168.1.4,192.168.1.5,3280936838,139504985,79,1,405960
384,1574590506.61383,192.168.1.5,192.168.1.4,86501882,3493319513,74,0,405886
385,1574590506.613932,192.168.1.5,192.168.1.4,86501956,3493319513,241,0,405645
386,1574590506.614159,192.168.1.4,192.168.1.5,3392623511,2452601702,79,1,405724
387,1574590506.614179,192.168.1.4,192.168.1.5,3392623590,2452601702,79,1,405803
388,1574590506.614882,192.168.1.4,192.168.1.5,3493319513,86502197,79,1,405882
389,1574590506.614903,192.168.1.4,192.168.1.5,3493319592,86502197,79,1,405961
390,1574590509.027317,192.168.1.4,192.168.1.5,1695567912,1109011545,91,1,406052
391,1574590509.02826,192.168.1.5,192.168.1.4,1109011545,1695568003,539,0,405513
392,1574590509.071634,192.168.1.4,192.168.1.5,1695568003,1109012084,2070,1,407583
393,1574590509.114447,192.168.1.4,192.168.1.5,1695570073,1109012084,1756,1,409339
394,1574590509.122028,192.168.1.5,192.168.1.4,1109012084,1695571829,86,0,409253
395,1574590509.122662,192.168.1.5,192.168.1.4,1109012170,1695571829,108,0,409145
396,1574590509.122973,192.168.1.5,192.168.1.4,3433469923,290299736,24,0,409121
397,1574590509.123131,192.168.1.5,192.168.1.4,1533534418,1187959974,24,0,409097
398,1574590509.123275,192.168.1.5,192.168.1.4,139504985,3280936917,24,0,409073
399,1574590509.123416,192.168.1.5,192.168.1.4,86502197,3493319671,24,0,409049
400,1574590509.123557,192.168.1.5,192.168.1.4,2452601702,3392623669,24,0,409025
401,1574590509.126511,192.168.1.5,192.168.1.4,1109012278,1695571829,381,0,408644
402,1574590509.127321,192.168.1.5,192.168.1.4,1109012659,1695571829,118,0,408526
403,1574590509.127522,192.168.1.5,192.168.1.4,1109012777,1695571829,115,0,408411
404,1574590509.127742,192.168.1.5,192.168.1.4,1109012892,1695571829,107,0,408304
405,1574590509.128,192.168.1.5,192.168.1.4,1109012999,1695571829,158,0,408146
406,1574590509.128368,192.168.1.5,192.168.1.4,1109013157,1695571829,110,0,408036
407,1574590509.128573,192.168.1.5,192.168.1.4,1109013267,1695571829,109,0,407927
408,1574590509.129257,192.168.1.5,192.168.1.4,1109013376,1695571829,109,0,407818
409,1574590509.129538,192.168.1.5,192.168.1.4,1109013485,1695571829,109,0,407709
410,1574590509.196284,192.168.1.4,192.168.1.5,1695571829,1109013594,2070,1,409779
411,1574590509.198207,192.168.1.5,192.168.1.4,1109013594,1695573899,53,0,409726
412,1574590509.198943,192.168.1.4,192.168.1.5,1695573899,1109013647,11584,1,421310
413,1574590509.199237,192.168.1.4,192.168.1.5,1695585483,1109013647,2896,1,424206
414,1574590509.199459,192.168.1.4,192.168.1.5,1695588379,1109013647,8586,1,432792
415,1574590509.242374,192.168.1.4,192.168.1.5,1695596965,1109013647,12784,1,445576
416,1574590509.251173,192.168.1.5,192.168.1.4,1109013647,1695609749,61,0,445515
417,1574590509.256474,192.168.1.4,192.168.1.5,1695609749,1109013708,2070,1,447585
418,1574590509.26512,192.168.1.4,192.168.1.5,1695611819,1109013708,16406,1,463991
419,1574590509.265415,192.168.1.4,192.168.1.5,1695628225,1109013708,16406,1,480397
420,1574590509.265797,192.168.1.4,192.168.1.5,1695644631,1109013708,656,1,481053
421,1574590509.292339,192.168.1.4,192.168.1.5,1695645287,1109013708,14480,1,495533
422,1574590509.292525,192.168.1.4,192.168.1.5,1695659767,1109013708,1926,1,497459
423,1574590509.292561,192.168.1.4,192.168.1.5,1695661693,1109013708,16406,1,513865
424,1574590509.292595,192.168.1.4,192.168.1.5,1695678099,1109013708,1916,1,515781
425,1574590509.310468,192.168.1.4,192.168.1.5,1695680015,1109013708,16406,1,532187
426,1574590509.310837,192.168.1.4,192.168.1.5,1695696421,1109013708,16406,1,548593
427,1574590509.310925,192.168.1.4,192.168.1.5,1695712827,1109013708,1128,1,549721
428,1574590509.313704,192.168.1.4,192.168.1.5,1695713955,1109013708,16406,1,566127
429,1574590509.313824,192.168.1.4,192.168.1.5,1695730361,1109013708,16406,1,582533
430,1574590509.313924,192.168.1.4,192.168.1.5,1695746767,1109013708,814,1,583347
431,1574590509.354351,192.168.1.4,192.168.1.5,1695747581,1109013708,16406,1,599753
432,1574590509.354471,192.168.1.4,192.168.1.5,1695763987,1109013708,11825,1,611578
433,1574590509.404478,192.168.1.4,192.168.1.5,1232536964,3923529371,91,1,611669
434,1574590509.404896,192.168.1.5,192.168.1.4,3923529371,1232537055,539,0,611130
435,1574590509.446179,192.168.1.4,192.168.1.5,1232537055,3923529910,2070,1,613200
436,1574590509.485011,192.168.1.5,192.168.1.4,1109013708,1695775812,109,0,613091
437,1574590509.490258,192.168.1.4,192.168.1.5,1232539125,3923529910,1756,1,614847
438,1574590509.50284,192.168.1.5,192.168.1.4,3923529910,1232540881,86,0,614761
439,1574590509.503177,192.168.1.5,192.168.1.4,3923529996,1232540881,108,0,614653
440,1574590509.504106,192.168.1.5,192.168.1.4,3923530104,1232540881,266,0,614387
441,1574590509.594716,192.168.1.4,192.168.1.5,1695775812,1109013817,2070,1,616457
442,1574590509.5949,192.168.1.4,192.168.1.5,1695777882,1109013817,2070,1,618527
443,1574590509.638256,192.168.1.4,192.168.1.5,1695779952,1109013817,1659,1,620186
444,1574590509.639194,192.168.1.5,192.168.1.4,1109013817,1695781611,61,0,620125
445,1574590509.658415,192.168.1.4,192.168.1.5,1232540881,3923530370,2070,1,622195
446,1574590509.659667,192.168.1.5,192.168.1.4,3923530370,1232542951,53,0,622142
447,1574590509.66,192.168.1.4,192.168.1.5,1232542951,3923530423,4998,1,627140
448,1574590509.660833,192.168.1.5,192.168.1.4,3923530423,1232547949,61,0,627079
449,1574590510.212639,192.168.1.4,192.168.1.5,598946786,2918468336,91,1,627170
450,1574590510.213281,192.168.1.5,192.168.1.4,2918468336,598946877,609,0,626561
451,1574590510.250613,192.168.1.4,192.168.1.5,598946877,2918468945,234,1,626795
452,1574590510.253362,192.168.1.5,192.168.1.4,2918468945,598947111,86,0,626709
453,1574590510.287992,192.168.1.4,192.168.1.5,598947111,2918469031,586,1,627295
454,1574590510.475526,192.168.1.4,192.168.1.5,2543055032,1466574913,91,1,627386
455,1574590510.475889,192.168.1.4,192.168.1.5,3734510055,3137745470,91,1,627477
456,1574590510.475912,192.168.1.4,192.168.1.5,1040002479,2110450141,91,1,627568
457,1574590510.476043,192.168.1.4,192.168.1.5,713330902,3181669989,91,1,627659
458,1574590510.476231,192.168.1.4,192.168.1.5,1812739965,3188804011,91,1,627750
459,1574590510.476415,192.168.1.4,192.168.1.5,2867745406,886776146,91,1,627841
460,1574590510.476551,192.168.1.4,192.168.1.5,228946426,295746491,91,1,627932
461,1574590510.476738,192.168.1.4,192.168.1.5,3923564181,3373663957,91,1,628023
462,1574590510.477182,192.168.1.4,192.168.1.5,2543055123,1466574913,24,1,628047
463,1574590510.479872,192.168.1.5,192.168.1.4,2110450141,1040002570,539,0,627508
464,1574590510.480013,192.168.1.5,192.168.1.4,3137745470,3734510146,539,0,626969
465,1574590510.48015,192.168.1.5,192.168.1.4,295746491,228946517,539,0,626430
466,1574590510.480288,192.168.1.5,192.168.1.4,3181669989,713330993,609,0,625821
467,1574590510.481872,192.168.1.5,192.168.1.4,3373663957,3923564272,539,0,625282
468,1574590510.481989,192.168.1.5,192.168.1.4,3188804011,1812740056,539,0,624743
469,1574590510.482095,192.168.1.5,192.168.1.4,886776146,2867745497,539,0,624204
470,1574590510.516667,192.168.1.4,192.168.1.5,713330993,3181670598,234,1,624438
471,1574590510.51856,192.168.1.4,192.168.1.5,1040002570,2110450680,2070,1,626508
472,1574590510.51952,192.168.1.5,192.168.1.4,3181670598,713331227,86,0,626422
473,1574590510.520807,192.168.1.4,192.168.1.5,228946517,295747030,2070,1,628492
474,1574590510.522943,192.168.1.4,192.168.1.5,1812740056,3188804550,2070,1,630562
475,1574590510.524601,192.168.1.4,192.168.1.5,3734510146,3137746009,1440,1,632002
476,1574590510.525917,192.168.1.4,192.168.1.5,2867745497,886776685,2070,1,634072
477,1574590510.527653,192.168.1.4,192.168.1.5,3923564272,3373664496,2070,1,636142
478,1574590510.553368,192.168.1.4,192.168.1.5,713331227,3181670684,586,1,636728
479,1574590510.56245,192.168.1.4,192.168.1.5,228948587,295747030,2739,1,639467
480,1574590510.562498,192.168.1.4,192.168.1.5,1040004640,2110450680,2739,1,642206
481,1574590510.56521,192.168.1.5,192.168.1.4,2110450680,1040007379,115,0,642091
482,1574590510.566113,192.168.1.4,192.168.1.5,1812742126,3188804550,2739,1,644830
483,1574590510.566153,192.168.1.4,192.168.1.5,3734511586,3137746009,2519,1,647349
484,1574590510.566184,192.168.1.4,192.168.1.5,2867747567,886776685,1249,1,648598
485,1574590510.56738,192.168.1.5,192.168.1.4,295747030,228951326,115,0,648483
486,1574590510.570187,192.168.1.4,192.168.1.5,3923566342,3373664496,1890,1,650373
487,1574590510.570757,192.168.1.5,192.168.1.4,3188804550,1812744865,115,0,650258
488,1574590510.572753,192.168.1.5,192.168.1.4,295747145,228951326,24,0,650234
489,1574590510.572972,192.168.1.5,192.168.1.4,2110450795,1040007379,115,0,650119
490,1574590510.573264,192.168.1.5,192.168.1.4,2723705279,109970255,24,0,650095
491,1574590510.573443,192.168.1.5,192.168.1.4,4066476140,661666520,24,0,650071
492,1574590510.57359,192.168.1.5,192.168.1.4,3188804665,1812744865,24,0,650047
493,1574590510.573872,192.168.1.4,192.168.1.5,228951326,295747169,24,1,650071
494,1574590510.574667,192.168.1.4,192.168.1.5,1812744865,3188804689,24,1,650095
495,1574590510.576913,192.168.1.5,192.168.1.4,3137746009,3734514105,86,0,650009
496,1574590510.578191,192.168.1.5,192.168.1.4,3373664496,3923568232,86,0,649923
497,1574590510.579143,192.168.1.5,192.168.1.4,886776685,2867748816,86,0,649837
498,1574590510.583597,192.168.1.5,192.168.1.4,2110450910,1040007379,354,0,649483
499,1574590510.583754,192.168.1.5,192.168.1.4,2110451264,1040007379,177,0,649306
500,1574590510.583856,192.168.1.5,192.168.1.4,2110451441,1040007379,177,0,649129
501,1574590510.584045,192.168.1.5,192.168.1.4,2110451618,1040007379,178,0,648951
502,1574590510.584207,192.168.1.5,192.168.1.4,2110451796,1040007379,178,0,648773
503,1574590510.584417,192.168.1.5,192.168.1.4,2110451974,1040007379,177,0,648596
504,1574590510.584625,192.168.1.5,192.168.1.4,3373664582,3923568232,24,0,648572
505,1574590510.584926,192.168.1.5,192.168.1.4,3137746095,3734514105,108,0,648464
506,1574590510.585008,192.168.1.4,192.168.1.5,3923568232,3373664606,24,1,648488
507,1574590510.585502,192.168.1.5,192.168.1.4,3491310408,1366239858,24,0,648464
508,1574590510.587798,192.168.1.5,192.168.1.4,886776771,2867748816,108,0,648356
509,1574590510.589715,192.168.1.5,192.168.1.4,3137746203,3734514105,266,0,648090
510,1574590510.589914,192.168.1.5,192.168.1.4,3137746469,3734514105,110,0,647980
511,1574590510.590021,192.168.1.5,192.168.1.4,3137746579,3734514105,108,0,647872
512,1574590510.590231,192.168.1.5,192.168.1.4,886776879,2867748816,259,0,647613
513,1574590510.598189,192.168.1.4,192.168.1.5,1040007379,2110452151,375,1,647988
514,1574590510.598567,192.168.1.5,192.168.1.4,2110452151,1040007754,60,0,647928
515,1574590510.605278,192.168.1.4,192.168.1.5,1040007754,2110452211,60,1,647988
516,1574590510.61116,192.168.1.4,192.168.1.5,3734514105,3137746687,586,1,648574
517,1574590510.611512,192.168.1.5,192.168.1.4,3137746687,3734514691,53,0,648521
518,1574590510.615757,192.168.1.4,192.168.1.5,2867748816,886777138,586,1,649107
519,1574590510.616116,192.168.1.5,192.168.1.4,886777138,2867749402,53,0,649054
520,1574590510.617972,192.168.1.4,192.168.1.5,3734514691,3137746740,53,1,649107
521,1574590510.625323,192.168.1.4,192.168.1.5,2867749402,886777191,53,1,649160
522,1574590510.646212,192.168.1.4,192.168.1.5,1040007814,2110452211,13032,1,662192
523,1574590510.646535,192.168.1.4,192.168.1.5,1040020846,2110452211,11584,1,673776
524,1574590510.646669,192.168.1.4,192.168.1.5,1040032430,2110452211,3040,1,676816
525,1574590510.656634,192.168.1.4,192.168.1.5,1040035470,2110452211,2070,1,678886
526,1574590510.662285,192.168.1.4,192.168.1.5,1040037540,2110452211,2070,1,680956
527,1574590510.662317,192.168.1.4,192.168.1.5,3734514744,3137746740,11584,1,692540
528,1574590510.662362,192.168.1.4,192.168.1.5,3734526328,3137746740,1448,1,693988
529,1574590510.662482,192.168.1.4,192.168.1.5,3734527776,3137746740,5792,1,699780
530,1574590510.662595,192.168.1.4,192.168.1.5,3734533568,3137746740,2896,1,702676
531,1574590510.662682,192.168.1.4,192.168.1.5,3734536464,3137746740,14480,1,717156
532,1574590510.663815,192.168.1.4,192.168.1.5,3734550944,3137746740,1223,1,718379
533,1574590510.663853,192.168.1.4,192.168.1.5,3734552167,3137746740,2070,1,720449
534,1574590510.666437,192.168.1.4,192.168.1.5,2867749455,886777191,13032,1,733481
535,1574590510.666627,192.168.1.4,192.168.1.5,2867762487,886777191,8688,1,742169
536,1574590510.666717,192.168.1.4,192.168.1.5,2867771175,886777191,4012,1,746181
537,1574590510.680324,192.168.1.4,192.168.1.5,1040039610,2110452211,15928,1,762109
538,1574590510.680484,192.168.1.4,192.168.1.5,1040055538,2110452211,478,1,762587
539,1574590510.680498,192.168.1.4,192.168.1.5,1040056016,2110452211,16406,1,778993
540,1574590510.680715,192.168.1.4,192.168.1.5,1040072422,2110452211,656,1,779649
541,1574590510.680721,192.168.1.4,192.168.1.5,1040073078,2110452211,2070,1,781719
542,1574590510.682232,192.168.1.4,192.168.1.5,1040075148,2110452211,2070,1,783789
543,1574590510.683065,192.168.1.4,192.168.1.5,3734554237,3137746740,8688,1,792477
544,1574590510.683188,192.168.1.4,192.168.1.5,3734562925,3137746740,7718,1,800195
545,1574590510.683218,192.168.1.4,192.168.1.5,3734570643,3137746740,13032,1,813227
546,1574590510.683286,192.168.1.4,192.168.1.5,3734583675,3137746740,3374,1,816601
547,1574590510.683602,192.168.1.4,192.168.1.5,3734587049,3137746740,255,1,816856
548,1574590510.698352,192.168.1.4,192.168.1.5,1040077218,2110452211,16406,1,833262
549,1574590510.698452,192.168.1.4,192.168.1.5,1040093624,2110452211,16406,1,849668
550,1574590510.698674,192.168.1.4,192.168.1.5,1040110030,2110452211,656,1,850324
551,1574590510.698683,192.168.1.4,192.168.1.5,1040110686,2110452211,2070,1,852394
552,1574590510.702241,192.168.1.4,192.168.1.5,1040112756,2110452211,2070,1,854464
553,1574590510.712169,192.168.1.4,192.168.1.5,1040114826,2110452211,16406,1,870870
554,1574590510.712285,192.168.1.4,192.168.1.5,1040131232,2110452211,16406,1,887276
555,1574590510.712442,192.168.1.4,192.168.1.5,1040147638,2110452211,26,1,887302
556,1574590510.712678,192.168.1.4,192.168.1.5,1040147664,2110452211,1598,1,888900
557,1574590510.712877,192.168.1.4,192.168.1.5,1040149262,2110452211,2070,1,890970
558,1574590510.713383,192.168.1.4,192.168.1.5,1040151332,2110452211,810,1,891780
559,1574590510.713499,192.168.1.4,192.168.1.5,1040152142,2110452211,1440,1,893220
560,1574590510.717748,192.168.1.4,192.168.1.5,1040153582,2110452211,2070,1,895290
561,1574590510.717796,192.168.1.4,192.168.1.5,1040155652,2110452211,2070,1,897360
562,1574590510.725347,192.168.1.5,192.168.1.4,886777191,2867775187,61,0,897299
563,1574590510.730172,192.168.1.4,192.168.1.5,1040157722,2110452211,16406,1,913705
564,1574590510.730257,192.168.1.4,192.168.1.5,1040174128,2110452211,16406,1,930111
565,1574590510.73029,192.168.1.4,192.168.1.5,1040190534,2110452211,26,1,930137
566,1574590510.730295,192.168.1.4,192.168.1.5,1040190560,2110452211,2070,1,932207
567,1574590510.730411,192.168.1.4,192.168.1.5,1040192630,2110452211,2070,1,934277
568,1574590510.733268,192.168.1.5,192.168.1.4,3137746740,3734587304,61,0,934216
569,1574590510.734203,192.168.1.5,192.168.1.4,2110452211,1040194700,68,0,934148
570,1574590510.73455,192.168.1.4,192.168.1.5,1040194700,2110452279,8688,1,942836
571,1574590510.750915,192.168.1.4,192.168.1.5,1040203388,2110452279,16406,1,959242
572,1574590510.751006,192.168.1.4,192.168.1.5,1040219794,2110452279,16406,1,975648
573,1574590510.75104,192.168.1.4,192.168.1.5,1040236200,2110452279,970,1,976618
574,1574590510.751967,192.168.1.4,192.168.1.5,4068787211,1141726401,91,1,976709
575,1574590510.756831,192.168.1.5,192.168.1.4,1141726401,4068787302,566,0,976143
576,1574590510.762045,192.168.1.4,192.168.1.5,1040237170,2110452279,16406,1,992549
577,1574590510.762147,192.168.1.4,192.168.1.5,1040253576,2110452279,16406,1,1008955
578,1574590510.762164,192.168.1.4,192.168.1.5,1040269982,2110452279,498,1,1009453
579,1574590510.777096,192.168.1.4,192.168.1.5,1040270480,2110452279,16406,1,1025859
580,1574590510.777203,192.168.1.4,192.168.1.5,1040286886,2110452279,16406,1,1042265
581,1574590510.777224,192.168.1.4,192.168.1.5,1040303292,2110452279,26,1,1042291
582,1574590510.796241,192.168.1.4,192.168.1.5,661666520,4066476164,91,1,1042382
583,1574590510.79653,192.168.1.4,192.168.1.5,661666611,4066476164,24,1,1042406
584,1574590510.818435,192.168.1.4,192.168.1.5,1040303318,2110452279,16406,1,1058812
585,1574590510.818495,192.168.1.4,192.168.1.5,1040319724,2110452279,1600,1,1060412
586,1574590510.824407,192.168.1.4,192.168.1.5,4068787302,1141726967,178,1,1060590
587,1574590510.825415,192.168.1.5,192.168.1.4,1141726967,4068787480,73,0,1060517
588,1574590510.829821,192.168.1.4,192.168.1.5,1366239858,3491310432,91,1,1060608
589,1574590510.830624,192.168.1.4,192.168.1.5,109970255,2723705303,91,1,1060699
590,1574590510.830876,192.168.1.4,192.168.1.5,109970346,2723705303,24,1,1060723
591,1574590510.8317,192.168.1.4,192.168.1.5,1366239949,3491310433,24,1,1060747
592,1574590510.832313,192.168.1.4,192.168.1.5,1409427700,2436424704,91,1,1060838
593,1574590510.832483,192.168.1.4,192.168.1.5,1409427791,2436424704,24,1,1060862
594,1574590510.849237,192.168.1.4,192.168.1.5,1040321324,2110452279,2070,1,1062932
595,1574590510.849317,192.168.1.4,192.168.1.5,1040323394,2110452279,2070,1,1065002
596,1574590510.857542,192.168.1.4,192.168.1.5,1040325464,2110452279,16406,1,1081408
597,1574590510.85761,192.168.1.4,192.168.1.5,1040341870,2110452279,1448,1,1082856
598,1574590510.85766,192.168.1.4,192.168.1.5,1040343318,2110452279,14958,1,1097814
599,1574590510.857823,192.168.1.4,192.168.1.5,1040358276,2110452279,498,1,1098312
600,1574590510.857831,192.168.1.4,192.168.1.5,1040358774,2110452279,2070,1,1100382
601,1574590510.857904,192.168.1.4,192.168.1.5,1040360844,2110452279,1448,1,1101830
602,1574590510.859401,192.168.1.4,192.168.1.5,1040362292,2110452279,622,1,1102452
603,1574590510.864136,192.168.1.4,192.168.1.5,1040362914,2110452279,16406,1,1118858
604,1574590510.86424,192.168.1.4,192.168.1.5,1040379320,2110452279,16406,1,1135264
605,1574590510.864373,192.168.1.4,192.168.1.5,1040395726,2110452279,498,1,1135762
606,1574590510.864437,192.168.1.4,192.168.1.5,1040396224,2110452279,2070,1,1137832
607,1574590510.864599,192.168.1.4,192.168.1.5,1040398294,2110452279,1284,1,1139116
608,1574590510.866435,192.168.1.4,192.168.1.5,1040399578,2110452279,2070,1,1141186
609,1574590510.866606,192.168.1.4,192.168.1.5,1040401648,2110452279,2070,1,1143256
610,1574590510.874703,192.168.1.4,192.168.1.5,1040403718,2110452279,16406,1,1159662
611,1574590510.874898,192.168.1.4,192.168.1.5,1040420124,2110452279,16406,1,1176068
612,1574590510.875151,192.168.1.4,192.168.1.5,1040436530,2110452279,656,1,1176724
613,1574590510.875234,192.168.1.4,192.168.1.5,1040437186,2110452279,2070,1,1178794
614,1574590510.875429,192.168.1.4,192.168.1.5,1040439256,2110452279,2070,1,1180864
615,1574590510.886085,192.168.1.4,192.168.1.5,1040441326,2110452279,16406,1,1197270
616,1574590510.886203,192.168.1.4,192.168.1.5,1040457732,2110452279,16406,1,1213676
617,1574590510.886222,192.168.1.4,192.168.1.5,1040474138,2110452279,26,1,1213702
618,1574590510.886358,192.168.1.4,192.168.1.5,1040474164,2110452279,2070,1,1215772
619,1574590510.886486,192.168.1.4,192.168.1.5,1040476234,2110452279,2070,1,1217842
620,1574590510.893948,192.168.1.4,192.168.1.5,4068787480,1141727040,91,1,1217933
621,1574590510.896805,192.168.1.4,192.168.1.5,1040478304,2110452279,16406,1,1234339
622,1574590510.896925,192.168.1.4,192.168.1.5,1040494710,2110452279,16406,1,1250745
623,1574590510.896942,192.168.1.4,192.168.1.5,1040511116,2110452279,26,1,1250771
624,1574590510.89726,192.168.1.4,192.168.1.5,1040511142,2110452279,2070,1,1252841
625,1574590510.897286,192.168.1.4,192.168.1.5,1040513212,2110452279,180,1,1253021
626,1574590510.898967,192.168.1.4,192.168.1.5,1040513392,2110452279,2070,1,1255091
627,1574590510.899175,192.168.1.4,192.168.1.5,1040515462,2110452279,2070,1,1257161
628,1574590510.900902,192.168.1.4,192.168.1.5,1040517532,2110452279,16406,1,1273567
629,1574590510.901151,192.168.1.4,192.168.1.5,1040533938,2110452279,16406,1,1289973
630,1574590510.901183,192.168.1.4,192.168.1.5,1040550344,2110452279,338,1,1290311
631,1574590510.901189,192.168.1.4,192.168.1.5,1040550682,2110452279,2070,1,1292381
632,1574590510.901294,192.168.1.4,192.168.1.5,1040552752,2110452279,2070,1,1294451
633,1574590510.901585,192.168.1.4,192.168.1.5,1040554822,2110452279,13032,1,1307483
634,1574590510.901703,192.168.1.4,192.168.1.5,1040567854,2110452279,3374,1,1310857
635,1574590510.901722,192.168.1.4,192.168.1.5,1040571228,2110452279,16406,1,1327263
636,1574590510.90204,192.168.1.4,192.168.1.5,1040587634,2110452279,2070,1,1329333
637,1574590510.902252,192.168.1.4,192.168.1.5,1040589704,2110452279,2070,1,1331403
638,1574590510.908129,192.168.1.4,192.168.1.5,1040591774,2110452279,16406,1,1347809
639,1574590510.908183,192.168.1.4,192.168.1.5,1040608180,2110452279,16406,1,1364215
640,1574590510.908308,192.168.1.4,192.168.1.5,1040624586,2110452279,1136,1,1365351
641,1574590510.908791,192.168.1.4,192.168.1.5,1040625722,2110452279,2070,1,1367421
642,1574590510.909008,192.168.1.4,192.168.1.5,1040627792,2110452279,810,1,1368231
643,1574590510.909585,192.168.1.4,192.168.1.5,1040628602,2110452279,2858,1,1371089
644,1574590510.910761,192.168.1.4,192.168.1.5,1040631460,2110452279,2858,1,1373947
645,1574590510.912189,192.168.1.4,192.168.1.5,1040634318,2110452279,2858,1,1376805
646,1574590510.913114,192.168.1.4,192.168.1.5,1040637176,2110452279,2858,1,1379663
647,1574590510.914728,192.168.1.4,192.168.1.5,1040640034,2110452279,1440,1,1381103
648,1574590510.916281,192.168.1.4,192.168.1.5,1040641474,2110452279,4276,1,1385379
649,1574590510.918922,192.168.1.4,192.168.1.5,1040645750,2110452279,4276,1,1389655
650,1574590510.919186,192.168.1.4,192.168.1.5,1040650026,2110452279,1440,1,1391095
651,1574590510.922611,192.168.1.4,192.168.1.5,1040651466,2110452279,2858,1,1393953
652,1574590510.923214,192.168.1.4,192.168.1.5,1040654324,2110452279,7112,1,1401065
653,1574590510.929222,192.168.1.5,192.168.1.4,220789466,3750783685,343,0,1400722
654,1574590510.929589,192.168.1.4,192.168.1.5,3750783685,220789809,99,1,1400821
655,1574590510.930065,192.168.1.5,192.168.1.4,220789809,3750783784,382,0,1400439
656,1574590510.945811,192.168.1.4,192.168.1.5,3750783784,220790191,2266,1,1402705
657,1574590510.946728,192.168.1.5,192.168.1.4,220790191,3750786050,74,0,1402631
658,1574590510.946862,192.168.1.5,192.168.1.4,220790265,3750786050,255,0,1402376
659,1574590510.947167,192.168.1.4,192.168.1.5,3750786050,220790520,79,1,1402455
660,1574590510.947247,192.168.1.4,192.168.1.5,3750786129,220790520,79,1,1402534
661,1574590510.993219,192.168.1.4,192.168.1.5,1040661436,2110452279,16406,1,1418940
662,1574590510.993251,192.168.1.4,192.168.1.5,1040677842,2110452279,654,1,1419594
663,1574590510.994843,192.168.1.4,192.168.1.5,1040678496,2110452279,2858,1,1422452
664,1574590510.99561,192.168.1.4,192.168.1.5,1040681354,2110452279,5694,1,1428146
665,1574590510.99639,192.168.1.4,192.168.1.5,1040687048,2110452279,2858,1,1431004
666,1574590510.997324,192.168.1.4,192.168.1.5,1040689906,2110452279,2858,1,1433862
667,1574590510.999101,192.168.1.4,192.168.1.5,1040692764,2110452279,11366,1,1445228
668,1574590510.999978,192.168.1.4,192.168.1.5,1040704130,2110452279,2858,1,1448086
669,1574590511.002323,192.168.1.4,192.168.1.5,1040706988,2110452279,16406,1,1464492
670,1574590511.002569,192.168.1.4,192.168.1.5,1040723394,2110452279,654,1,1465146
671,1574590511.003139,192.168.1.4,192.168.1.5,1040724048,2110452279,2858,1,1468004
672,1574590511.005681,192.168.1.4,192.168.1.5,1040726906,2110452279,4276,1,1472280
673,1574590511.006627,192.168.1.4,192.168.1.5,1040731182,2110452279,7112,1,1479392
674,1574590511.007431,192.168.1.4,192.168.1.5,1040738294,2110452279,2858,1,1482250
675,1574590511.009267,192.168.1.4,192.168.1.5,1040741152,2110452279,5694,1,1487944
676,1574590511.010209,192.168.1.4,192.168.1.5,1040746846,2110452279,14202,1,1502146
677,1574590511.010886,192.168.1.4,192.168.1.5,1040761048,2110452279,2858,1,1505004
678,1574590511.018231,192.168.1.4,192.168.1.5,1040763906,2110452279,16406,1,1521410
679,1574590511.018312,192.168.1.4,192.168.1.5,1040780312,2110452279,16406,1,1537816
680,1574590511.018637,192.168.1.4,192.168.1.5,1040796718,2110452279,11584,1,1549400
681,1574590511.019334,192.168.1.4,192.168.1.5,1040808302,2110452279,6740,1,1556140
682,1574590511.026207,192.168.1.4,192.168.1.5,1040815042,2110452279,9948,1,1566088
683,1574590511.029368,192.168.1.4,192.168.1.5,1040824990,2110452279,16406,1,1582494
684,1574590511.029396,192.168.1.4,192.168.1.5,1040841396,2110452279,4908,1,1587402
685,1574590511.036884,192.168.1.4,192.168.1.5,1040846304,2110452279,16406,1,1603808
686,1574590511.036942,192.168.1.4,192.168.1.5,1040862710,2110452279,3490,1,1607298
687,1574590511.041402,192.168.1.4,192.168.1.5,1040866200,2110452279,2858,1,1610156
688,1574590511.041867,192.168.1.4,192.168.1.5,1040869058,2110452279,7112,1,1617268
689,1574590511.042649,192.168.1.4,192.168.1.5,1040876170,2110452279,16406,1,1633674
690,1574590511.042681,192.168.1.4,192.168.1.5,1040892576,2110452279,4908,1,1638582
691,1574590511.05615,192.168.1.4,192.168.1.5,1040897484,2110452279,16406,1,1654988
692,1574590511.056257,192.168.1.4,192.168.1.5,1040913890,2110452279,16406,1,1671394
693,1574590511.056299,192.168.1.4,192.168.1.5,1040930296,2110452279,7240,1,1678634
694,1574590511.056496,192.168.1.4,192.168.1.5,1040937536,2110452279,18824,1,1697458
695,1574590511.056672,192.168.1.4,192.168.1.5,1040956360,2110452279,4344,1,1701802
696,1574590511.056739,192.168.1.4,192.168.1.5,1040960704,2110452279,18810,1,1720612
697,1574590511.056837,192.168.1.4,192.168.1.5,1040979514,2110452279,1764,1,1722376
698,1574590511.06297,192.168.1.4,192.168.1.5,1040981278,2110452279,15620,1,1737996
699,1574590511.065957,192.168.1.4,192.168.1.5,1040996898,2110452279,8530,1,1746526
700,1574590511.130368,192.168.1.4,192.168.1.5,1041005428,2110452279,4276,1,1750802
701,1574590511.131941,192.168.1.4,192.168.1.5,1041009704,2110452279,4276,1,1755078
702,1574590511.13465,192.168.1.4,192.168.1.5,1041013980,2110452279,8530,1,1763608
703,1574590511.135391,192.168.1.4,192.168.1.5,1041022510,2110452279,2858,1,1766466
704,1574590511.135786,192.168.1.4,192.168.1.5,1041025368,2110452279,2070,1,1768536
705,1574590511.154651,192.168.1.4,192.168.1.5,1041027438,2110452279,16406,1,1784942
706,1574590511.154712,192.168.1.4,192.168.1.5,1041043844,2110452279,16406,1,1801348
707,1574590511.155044,192.168.1.4,192.168.1.5,1041060250,2110452279,13032,1,1814380
708,1574590511.155183,192.168.1.4,192.168.1.5,1041073282,2110452279,31856,1,1846236
709,1574590511.155421,192.168.1.4,192.168.1.5,1041105138,2110452279,8688,1,1854924
710,1574590511.155614,192.168.1.4,192.168.1.5,1041113826,2110452279,5284,1,1860208
711,1574590511.15564,192.168.1.4,192.168.1.5,1041119110,2110452279,4276,1,1864484
712,1574590511.156472,192.168.1.4,192.168.1.5,1041123386,2110452279,11584,1,1876068
713,1574590511.15656,192.168.1.4,192.168.1.5,1041134970,2110452279,4822,1,1880890
714,1574590511.156574,192.168.1.4,192.168.1.5,1041139792,2110452279,16406,1,1897296
715,1574590511.15667,192.168.1.4,192.168.1.5,1041156198,2110452279,9794,1,1907090
716,1574590511.158211,192.168.1.4,192.168.1.5,1041165992,2110452279,2858,1,1909948
717,1574590511.158615,192.168.1.4,192.168.1.5,1041168850,2110452279,14480,1,1924428
718,1574590511.158695,192.168.1.4,192.168.1.5,1041183330,2110452279,1926,1,1926354
719,1574590511.158708,192.168.1.4,192.168.1.5,1041185256,2110452279,16406,1,1942760
720,1574590511.15881,192.168.1.4,192.168.1.5,1041201662,2110452279,7240,1,1950000
721,1574590511.160952,192.168.1.4,192.168.1.5,1041208902,2110452279,9166,1,1959166
722,1574590511.161052,192.168.1.4,192.168.1.5,1041218068,2110452279,8688,1,1967854
723,1574590511.161162,192.168.1.4,192.168.1.5,1041226756,2110452279,1448,1,1969302
724,1574590511.161228,192.168.1.4,192.168.1.5,1041228204,2110452279,7240,1,1976542
725,1574590511.162188,192.168.1.4,192.168.1.5,1041235444,2110452279,1580,1,1978122
726,1574590511.162466,192.168.1.4,192.168.1.5,1041237024,2110452279,2858,1,1980980
727,1574590511.166853,192.168.1.4,192.168.1.5,1041239882,2110452279,9948,1,1990928
728,1574590511.167202,192.168.1.4,192.168.1.5,1041249830,2110452279,1440,1,1992368
729,1574590511.16926,192.168.1.4,192.168.1.5,1041251270,2110452279,2858,1,1995226
730,1574590511.170168,192.168.1.4,192.168.1.5,1041254128,2110452279,2858,1,1998084
731,1574590511.170957,192.168.1.4,192.168.1.5,1041256986,2110452279,1440,1,1999524
732,1574590511.175073,192.168.1.4,192.168.1.5,1041258426,2110452279,7112,1,2006636
733,1574590511.177916,192.168.1.4,192.168.1.5,1041265538,2110452279,9948,1,2016584
734,1574590511.182708,192.168.1.4,192.168.1.5,1041275486,2110452279,11366,1,2027950
735,1574590511.188045,192.168.1.4,192.168.1.5,1041286852,2110452279,2070,1,2030020
736,1574590511.188266,192.168.1.4,192.168.1.5,1041288922,2110452279,2070,1,2032090
737,1574590511.212707,192.168.1.4,192.168.1.5,1041290992,2110452279,16406,1,2048496
738,1574590511.212807,192.168.1.4,192.168.1.5,1041307398,2110452279,16406,1,2064902
739,1574590511.214641,192.168.1.4,192.168.1.5,1041323804,2110452279,16406,1,2081308
740,1574590511.214759,192.168.1.4,192.168.1.5,1041340210,2110452279,16353,1,2097661
741,1574590511.214789,192.168.1.4,192.168.1.5,1041356563,2110452279,555,1,2098216
742,1574590511.214797,192.168.1.4,192.168.1.5,1041357118,2110452279,2070,1,2100286
743,1574590511.214822,192.168.1.4,192.168.1.5,1041359188,2110452279,3668,1,2103954
744,1574590511.214964,192.168.1.4,192.168.1.5,1041362856,2110452279,2070,1,2106024
745,1574590511.245673,192.168.1.5,192.168.1.4,2110452279,1041364926,220,0,2105804
746,1574590511.246172,192.168.1.4,192.168.1.5,1041364926,2110452499,13032,1,2118836
747,1574590511.246328,192.168.1.4,192.168.1.5,1041377958,2110452499,3374,1,2122210
748,1574590511.24637,192.168.1.4,192.168.1.5,1041381332,2110452499,16058,1,2138268
749,1574590511.290318,192.168.1.4,192.168.1.5,1041397390,2110452499,15164,1,2153432
750,1574590511.297536,192.168.1.5,192.168.1.4,2110452499,1041412554,68,0,2153364
751,1574590512.215026,192.168.1.4,192.168.1.5,63506888,3612955942,24,1,2153388
752,1574590512.644292,192.168.1.4,192.168.1.5,1187959974,1533534442,91,1,2153479
753,1574590512.644439,192.168.1.4,192.168.1.5,1187960065,1533534442,24,1,2153503
754,1574590512.891351,192.168.1.4,192.168.1.5,3493319671,86502221,91,1,2153594
755,1574590512.891377,192.168.1.4,192.168.1.5,3493319762,86502221,24,1,2153618
756,1574590513.002295,192.168.1.4,192.168.1.5,3750786208,220790520,91,1,2153709
757,1574590513.003775,192.168.1.5,192.168.1.4,220790520,3750786299,539,0,2153170
758,1574590513.053045,192.168.1.4,192.168.1.5,3750786299,220791059,1440,1,2154610
759,1574590513.091432,192.168.1.4,192.168.1.5,3280936917,139505009,91,1,2154701
760,1574590513.091707,192.168.1.4,192.168.1.5,3280937008,139505009,24,1,2154725
761,1574590513.092751,192.168.1.4,192.168.1.5,290299736,3433469947,91,1,2154816
762,1574590513.093235,192.168.1.4,192.168.1.5,290299827,3433469947,24,1,2154840
763,1574590513.094647,192.168.1.4,192.168.1.5,3750787739,220791059,1879,1,2156719
764,1574590513.096533,192.168.1.5,192.168.1.4,220791059,3750789618,86,0,2156633
765,1574590513.09832,192.168.1.5,192.168.1.4,220791145,3750789618,108,0,2156525
766,1574590513.102724,192.168.1.5,192.168.1.4,220791253,3750789618,250,0,2156275
767,1574590513.139574,192.168.1.4,192.168.1.5,3750789618,220791503,2070,1,2158345
768,1574590513.140974,192.168.1.5,192.168.1.4,220791503,3750791688,53,0,2158292
769,1574590513.141335,192.168.1.4,192.168.1.5,3750791688,220791556,8688,1,2166980
770,1574590513.141439,192.168.1.4,192.168.1.5,3750800376,220791556,185,1,2167165
771,1574590513.182222,192.168.1.4,192.168.1.5,3750800561,220791556,8242,1,2175407
772,1574590513.183064,192.168.1.5,192.168.1.4,220791556,3750808803,61,0,2175346
773,1574590513.267456,192.168.1.5,192.168.1.4,220791617,3750808803,408,0,2174938
774,1574590513.274137,192.168.1.5,192.168.1.4,220792025,3750808803,409,0,2174529
775,1574590513.310334,192.168.1.4,192.168.1.5,3750808803,220792434,1039,1,2175568
776,1574590513.311789,192.168.1.5,192.168.1.4,220792434,3750809842,61,0,2175507
777,1574590513.322724,192.168.1.5,192.168.1.4,3612955942,63506912,24,0,2175483
778,1574590513.324335,192.168.1.5,192.168.1.4,687236079,1151071281,343,0,2175140
779,1574590513.324671,192.168.1.4,192.168.1.5,1151071281,687236422,99,1,2175239
780,1574590513.325038,192.168.1.5,192.168.1.4,687236422,1151071380,382,0,2174857
781,1574590513.334592,192.168.1.4,192.168.1.5,1151071380,687236804,2266,1,2177123
782,1574590513.335443,192.168.1.5,192.168.1.4,687236804,1151073646,74,0,2177049
783,1574590513.335556,192.168.1.5,192.168.1.4,687236878,1151073646,253,0,2176796
784,1574590513.335769,192.168.1.4,192.168.1.5,1151073646,687236878,79,1,2176875
785,1574590513.335857,192.168.1.4,192.168.1.5,1151073725,687237131,79,1,2176954
786,1574590513.342542,192.168.1.4,192.168.1.5,3392623669,2452601726,91,1,2177045
787,1574590513.342565,192.168.1.4,192.168.1.5,3392623760,2452601726,24,1,2177069
788,1574590514.260322,192.168.1.4,192.168.1.5,1151073804,687237131,91,1,2177160
789,1574590514.260758,192.168.1.5,192.168.1.4,687237131,1151073895,539,0,2176621
