index,time,src_ip,dst_ip,tcp_seq,tcp_ack,tcp_len,direction,cumul_sum
1,1574590515.852569,192.168.1.4,192.168.1.5,448407978,180716812,91,1,91
2,1574590515.852958,192.168.1.4,192.168.1.5,448408069,180716812,24,1,115
3,1574590518.731097,192.168.1.5,192.168.1.4,3768868493,1681079677,343,0,-228
4,1574590518.731949,192.168.1.4,192.168.1.5,1681079677,3768868836,99,1,-129
5,1574590518.732721,192.168.1.5,192.168.1.4,3768868836,1681079776,382,0,-511
6,1574590518.745098,192.168.1.4,192.168.1.5,1681079776,3768869218,2266,1,1755
7,1574590518.746027,192.168.1.5,192.168.1.4,3768869218,1681082042,74,0,1681
8,1574590518.74618,192.168.1.5,192.168.1.4,3768869292,1681082042,245,0,1436
9,1574590518.746453,192.168.1.4,192.168.1.5,1681082042,3768869537,79,1,1515
10,1574590518.746528,192.168.1.4,192.168.1.5,1681082121,3768869537,79,1,1594
11,1574590518.887983,192.168.1.5,192.168.1.4,1711028473,4061691322,343,0,1251
12,1574590518.888307,192.168.1.4,192.168.1.5,4061691322,1711028816,99,1,1350
13,1574590518.888698,192.168.1.5,192.168.1.4,1711028816,4061691421,382,0,968
14,1574590518.890619,192.168.1.5,192.168.1.4,464076964,2594464471,343,0,625
15,1574590518.89517,192.168.1.4,192.168.1.5,2594464471,464077307,99,1,724
16,1574590518.89555,192.168.1.5,192.168.1.4,464077307,2594464570,382,0,342
17,1574590518.902518,192.168.1.4,192.168.1.5,4061691421,1711029198,2266,1,2608
18,1574590518.903397,192.168.1.5,192.168.1.4,1711029198,4061693687,74,0,2534
19,1574590518.903512,192.168.1.5,192.168.1.4,1711029272,4061693687,235,0,2299
20,1574590518.910574,192.168.1.4,192.168.1.5,2594464570,464077689,2266,1,4565
21,1574590518.911059,192.168.1.4,192.168.1.5,4061693687,1711029507,79,1,4644
22,1574590518.911934,192.168.1.5,192.168.1.4,464077689,2594466836,74,0,4570
23,1574590518.912062,192.168.1.4,192.168.1.5,4061693766,1711029507,79,1,4649
24,1574590518.912717,192.168.1.4,192.168.1.5,2594466836,464077763,79,1,4728
25,1574590518.912801,192.168.1.4,192.168.1.5,2594466915,464077763,79,1,4807
26,1574590518.91316,192.168.1.5,192.168.1.4,464077763,2594466994,235,0,4572
27,1574590520.74088,192.168.1.4,192.168.1.5,1681082200,3768869537,91,1,4663
28,1574590520.741889,192.168.1.5,192.168.1.4,3768869537,1681082291,539,0,4124
29,1574590520.78177,192.168.1.4,192.168.1.5,1681082291,3768870076,2070,1,6194
30,1574590520.822306,192.168.1.4,192.168.1.5,1681084361,3768870076,1018,1,7212
31,1574590520.828321,192.168.1.5,192.168.1.4,3768870076,1681085379,86,0,7126
32,1574590520.828904,192.168.1.5,192.168.1.4,3768870162,1681085379,108,0,7018
33,1574590520.829485,192.168.1.5,192.168.1.4,3768870270,1681085379,321,0,6697
34,1574590520.829615,192.168.1.5,192.168.1.4,3768870591,1681085379,54,0,6643
35,1574590520.829778,192.168.1.4,192.168.1.5,4061693845,1711029507,91,1,6734
36,1574590520.829954,192.168.1.4,192.168.1.5,2594466994,464077998,91,1,6825
37,1574590520.83025,192.168.1.5,192.168.1.4,1711029507,4061693936,539,0,6286
38,1574590520.830488,192.168.1.5,192.168.1.4,464077998,2594467085,539,0,5747
39,1574590520.864265,192.168.1.4,192.168.1.5,1681085379,3768870645,617,1,6364
40,1574590520.864603,192.168.1.5,192.168.1.4,3768870645,1681085996,53,0,6311
41,1574590520.877392,192.168.1.4,192.168.1.5,4061693936,1711030046,2070,1,8381
42,1574590520.877505,192.168.1.4,192.168.1.5,1681085996,3768870698,1543,1,9924
43,1574590520.877631,192.168.1.4,192.168.1.5,2594467085,464078537,2070,1,11994
44,1574590520.880647,192.168.1.5,192.168.1.4,3768870698,1681087539,61,0,11933
45,1574590520.918284,192.168.1.4,192.168.1.5,4061696006,1711030046,600,1,12533
46,1574590520.918319,192.168.1.4,192.168.1.5,2594469155,464078537,599,1,13132
47,1574590520.922249,192.168.1.5,192.168.1.4,1711030046,4061696606,86,0,13046
48,1574590520.924098,192.168.1.5,192.168.1.4,464078537,2594469754,86,0,12960
49,1574590520.924832,192.168.1.5,192.168.1.4,464078623,2594469754,24,0,12936
50,1574590520.92521,192.168.1.5,192.168.1.4,1711030132,4061696606,108,0,12828
51,1574590520.925343,192.168.1.4,192.168.1.5,2594469754,464078647,24,1,12852
52,1574590520.927371,192.168.1.5,192.168.1.4,1711030240,4061696606,369,0,12483
53,1574590520.961802,192.168.1.4,192.168.1.5,4061696606,1711030609,617,1,13100
54,1574590520.962166,192.168.1.5,192.168.1.4,1711030609,4061697223,53,0,13047
55,1574590520.966199,192.168.1.4,192.168.1.5,4061697223,1711030662,1988,1,15035
56,1574590521.010299,192.168.1.4,192.168.1.5,4061699211,1711030662,13250,1,28285
57,1574590521.011236,192.168.1.5,192.168.1.4,1711030662,4061712461,61,0,28224
58,1574590521.02037,192.168.1.5,192.168.1.4,1146206722,2778507158,343,0,27881
59,1574590521.020802,192.168.1.4,192.168.1.5,2778507158,1146207065,99,1,27980
60,1574590521.02112,192.168.1.5,192.168.1.4,1146207065,2778507257,382,0,27598
61,1574590521.023559,192.168.1.5,192.168.1.4,2919919892,933651994,343,0,27255
62,1574590521.026206,192.168.1.5,192.168.1.4,1711030723,4061712461,149,0,27106
63,1574590521.027342,192.168.1.4,192.168.1.5,933651994,2919920235,99,1,27205
64,1574590521.027612,192.168.1.5,192.168.1.4,2919920235,933652093,382,0,26823
65,1574590521.028901,192.168.1.5,192.168.1.4,1711030872,4061712461,121,0,26702
66,1574590521.031635,192.168.1.5,192.168.1.4,25471100,1964293879,343,0,26359
67,1574590521.034605,192.168.1.5,192.168.1.4,2473648811,4158486473,343,0,26016
68,1574590521.039002,192.168.1.4,192.168.1.5,4158486473,2473649154,99,1,26115
69,1574590521.039291,192.168.1.5,192.168.1.4,2473649154,4158486572,382,0,25733
70,1574590521.03964,192.168.1.4,192.168.1.5,1964293879,25471443,99,1,25832
71,1574590521.039863,192.168.1.5,192.168.1.4,25471443,1964293978,382,0,25450
72,1574590521.06519,192.168.1.4,192.168.1.5,4061712461,1711030993,145,1,25595
73,1574590521.077253,192.168.1.4,192.168.1.5,2778507257,1146207447,2266,1,27861
74,1574590521.078215,192.168.1.5,192.168.1.4,1146207447,2778509523,74,0,27787
75,1574590521.07842,192.168.1.5,192.168.1.4,1146207521,2778509523,247,0,27540
76,1574590521.079038,192.168.1.4,192.168.1.5,2778509523,1146207768,79,1,27619
77,1574590521.08143,192.168.1.4,192.168.1.5,2778509602,1146207768,79,1,27698
78,1574590521.085589,192.168.1.4,192.168.1.5,4061712606,1711030993,14480,1,42178
79,1574590521.085731,192.168.1.4,192.168.1.5,4061727086,1711030993,1926,1,44104
80,1574590521.085761,192.168.1.4,192.168.1.5,4061729012,1711030993,10136,1,54240
81,1574590521.085821,192.168.1.4,192.168.1.5,4061739148,1711030993,8974,1,63214
82,1574590521.089604,192.168.1.4,192.168.1.5,933652093,2919920617,2266,1,65480
83,1574590521.090561,192.168.1.5,192.168.1.4,2919920617,933654359,74,0,65406
84,1574590521.090723,192.168.1.5,192.168.1.4,2919920691,933654359,247,0,65159
85,1574590521.092884,192.168.1.4,192.168.1.5,4158486572,2473649536,2266,1,67425
86,1574590521.094041,192.168.1.5,192.168.1.4,2473649536,4158488838,74,0,67351
87,1574590521.094171,192.168.1.5,192.168.1.4,2473649610,4158488838,257,0,67094
88,1574590521.094431,192.168.1.4,192.168.1.5,933654359,2919920938,79,1,67173
89,1574590521.094512,192.168.1.4,192.168.1.5,933654438,2919920938,79,1,67252
90,1574590521.095947,192.168.1.4,192.168.1.5,1964293978,25471825,2266,1,69518
91,1574590521.096078,192.168.1.4,192.168.1.5,4158488838,2473649867,79,1,69597
92,1574590521.096238,192.168.1.4,192.168.1.5,4158488917,2473649867,79,1,69676
93,1574590521.097544,192.168.1.5,192.168.1.4,25471825,1964296244,74,0,69602
94,1574590521.09766,192.168.1.5,192.168.1.4,25471899,1964296244,257,0,69345
95,1574590521.097995,192.168.1.4,192.168.1.5,1964296244,25471899,79,1,69424
96,1574590521.098078,192.168.1.4,192.168.1.5,1964296323,25472156,79,1,69503
97,1574590521.099721,192.168.1.5,192.168.1.4,1711030993,4061748122,61,0,69442
98,1574590521.100311,192.168.1.4,192.168.1.5,4061748122,1711031054,7024,1,76466
99,1574590522.241564,192.168.1.4,192.168.1.5,2778509681,1146207768,91,1,76557
100,1574590522.242172,192.168.1.5,192.168.1.4,1146207768,2778509772,539,0,76018
101,1574590522.282566,192.168.1.4,192.168.1.5,2778509772,1146208307,2070,1,78088
102,1574590522.326443,192.168.1.4,192.168.1.5,2778511842,1146208307,1889,1,79977
103,1574590522.342883,192.168.1.5,192.168.1.4,1146208307,2778513731,86,0,79891
104,1574590522.343182,192.168.1.5,192.168.1.4,1146208393,2778513731,108,0,79783
105,1574590522.343387,192.168.1.5,192.168.1.4,2919920938,933654517,24,0,79759
106,1574590522.345579,192.168.1.5,192.168.1.4,1146208501,2778513731,268,0,79491
107,1574590522.345801,192.168.1.5,192.168.1.4,1146208769,2778513731,138,0,79353
108,1574590522.376084,192.168.1.4,192.168.1.5,2778513731,1146208907,617,1,79970
109,1574590522.376502,192.168.1.5,192.168.1.4,1146208907,2778514348,53,0,79917
110,1574590522.387321,192.168.1.4,192.168.1.5,2778514348,1146208960,1971,1,81888
111,1574590522.403126,192.168.1.5,192.168.1.4,1146208960,2778516319,61,0,81827
112,1574590522.403527,192.168.1.4,192.168.1.5,2778516319,1146209021,85,1,81912
113,1574590522.408105,192.168.1.5,192.168.1.4,594310731,1745076023,343,0,81569
114,1574590522.408517,192.168.1.4,192.168.1.5,1745076023,594311074,99,1,81668
115,1574590522.408829,192.168.1.5,192.168.1.4,594311074,1745076122,382,0,81286
116,1574590522.419865,192.168.1.4,192.168.1.5,1745076122,594311456,2266,1,83552
117,1574590522.420716,192.168.1.5,192.168.1.4,594311456,1745078388,74,0,83478
118,1574590522.420826,192.168.1.5,192.168.1.4,594311530,1745078388,241,0,83237
119,1574590522.421064,192.168.1.4,192.168.1.5,1745078388,594311530,79,1,83316
120,1574590522.421146,192.168.1.4,192.168.1.5,1745078467,594311771,79,1,83395
121,1574590522.427535,192.168.1.5,192.168.1.4,1035198827,3618786891,343,0,83052
122,1574590522.428287,192.168.1.4,192.168.1.5,3618786891,1035199170,99,1,83151
123,1574590522.428745,192.168.1.5,192.168.1.4,1035199170,3618786990,382,0,82769
124,1574590522.432346,192.168.1.5,192.168.1.4,192211095,2787008274,343,0,82426
125,1574590522.439273,192.168.1.5,192.168.1.4,1679637221,153727879,343,0,82083
126,1574590522.439349,192.168.1.4,192.168.1.5,2787008274,192211438,99,1,82182
127,1574590522.4396,192.168.1.5,192.168.1.4,192211438,2787008373,382,0,81800
128,1574590522.442274,192.168.1.4,192.168.1.5,153727879,1679637564,99,1,81899
129,1574590522.442626,192.168.1.5,192.168.1.4,1679637564,153727978,382,0,81517
130,1574590522.447909,192.168.1.5,192.168.1.4,2551842512,523290082,343,0,81174
131,1574590522.448291,192.168.1.4,192.168.1.5,3618786990,1035199552,2266,1,83440
132,1574590522.449078,192.168.1.5,192.168.1.4,1035199552,3618789256,74,0,83366
133,1574590522.44923,192.168.1.5,192.168.1.4,1035199626,3618789256,245,0,83121
134,1574590522.450233,192.168.1.4,192.168.1.5,3618789256,1035199871,79,1,83200
135,1574590522.451219,192.168.1.5,192.168.1.4,1711031054,4061755146,117,0,83083
136,1574590522.451355,192.168.1.4,192.168.1.5,3618789335,1035199871,79,1,83162
137,1574590522.452592,192.168.1.4,192.168.1.5,523290082,2551842855,99,1,83261
138,1574590522.452967,192.168.1.5,192.168.1.4,2551842855,523290181,382,0,82879
139,1574590522.462666,192.168.1.4,192.168.1.5,2787008373,192211820,2266,1,85145
140,1574590522.463501,192.168.1.5,192.168.1.4,192211820,2787010639,74,0,85071
141,1574590522.463611,192.168.1.5,192.168.1.4,192211894,2787010639,245,0,84826
142,1574590522.46446,192.168.1.5,192.168.1.4,4140406608,2751656389,343,0,84483
143,1574590522.467184,192.168.1.5,192.168.1.4,3197943095,1075443030,343,0,84140
144,1574590522.467578,192.168.1.4,192.168.1.5,2751656389,4140406951,99,1,84239
145,1574590522.46781,192.168.1.5,192.168.1.4,4140406951,2751656488,382,0,83857
146,1574590522.469939,192.168.1.5,192.168.1.4,3723614998,1044192582,343,0,83514
147,1574590522.471013,192.168.1.5,192.168.1.4,2839632693,1798418721,343,0,83171
148,1574590522.471144,192.168.1.4,192.168.1.5,2787010639,192212139,79,1,83250
149,1574590522.471248,192.168.1.4,192.168.1.5,2787010718,192212139,79,1,83329
150,1574590522.472055,192.168.1.4,192.168.1.5,1075443030,3197943438,99,1,83428
151,1574590522.47236,192.168.1.5,192.168.1.4,3197943438,1075443129,382,0,83046
152,1574590522.473455,192.168.1.4,192.168.1.5,153727978,1679637946,2266,1,85312
153,1574590522.47441,192.168.1.5,192.168.1.4,1679637946,153730244,74,0,85238
154,1574590522.474531,192.168.1.5,192.168.1.4,1679638020,153730244,245,0,84993
155,1574590522.479131,192.168.1.4,192.168.1.5,1044192582,3723615341,99,1,85092
156,1574590522.479447,192.168.1.5,192.168.1.4,3723615341,1044192681,382,0,84710
157,1574590522.479521,192.168.1.4,192.168.1.5,1798418721,2839633036,99,1,84809
158,1574590522.479758,192.168.1.5,192.168.1.4,2839633036,1798418820,382,0,84427
159,1574590522.489788,192.168.1.4,192.168.1.5,4061755146,1711031171,2958,1,87385
160,1574590522.490014,192.168.1.4,192.168.1.5,153730244,1679638265,79,1,87464
161,1574590522.490349,192.168.1.4,192.168.1.5,4061758104,1711031171,1440,1,88904
162,1574590522.49047,192.168.1.4,192.168.1.5,153730323,1679638265,79,1,88983
163,1574590522.495152,192.168.1.4,192.168.1.5,4061759544,1711031171,8530,1,97513
164,1574590522.495772,192.168.1.4,192.168.1.5,4061768074,1711031171,2858,1,100371
165,1574590522.496813,192.168.1.4,192.168.1.5,4061770932,1711031171,2858,1,103229
166,1574590522.498781,192.168.1.4,192.168.1.5,4061773790,1711031171,2858,1,106087
167,1574590522.499412,192.168.1.4,192.168.1.5,4061776648,1711031171,2858,1,108945
168,1574590522.500083,192.168.1.4,192.168.1.5,4061779506,1711031171,1440,1,110385
169,1574590522.501476,192.168.1.4,192.168.1.5,4061780946,1711031171,1440,1,111825
170,1574590522.508347,192.168.1.4,192.168.1.5,523290181,2551843237,2266,1,114091
171,1574590522.509611,192.168.1.5,192.168.1.4,2551843237,523292447,74,0,114017
172,1574590522.509924,192.168.1.5,192.168.1.4,2551843311,523292447,237,0,113780
173,1574590522.510291,192.168.1.4,192.168.1.5,523292447,2551843548,79,1,113859
174,1574590522.510376,192.168.1.4,192.168.1.5,523292526,2551843548,79,1,113938
175,1574590522.517074,192.168.1.4,192.168.1.5,2751656488,4140407333,2266,1,116204
176,1574590522.517926,192.168.1.5,192.168.1.4,4140407333,2751658754,74,0,116130
177,1574590522.518054,192.168.1.5,192.168.1.4,4140407407,2751658754,257,0,115873
178,1574590522.518681,192.168.1.4,192.168.1.5,4061782386,1711031171,7240,1,123113
179,1574590522.518831,192.168.1.4,192.168.1.5,4061789626,1711031171,9166,1,132279
180,1574590522.518883,192.168.1.4,192.168.1.5,4061798792,1711031171,7240,1,139519
181,1574590522.519044,192.168.1.4,192.168.1.5,4061806032,1711031171,9166,1,148685
182,1574590522.519074,192.168.1.4,192.168.1.5,4061815198,1711031171,4122,1,152807
183,1574590522.519842,192.168.1.4,192.168.1.5,4061819320,1711031171,2858,1,155665
184,1574590522.520526,192.168.1.4,192.168.1.5,4061822178,1711031171,2858,1,158523
185,1574590522.521409,192.168.1.4,192.168.1.5,4061825036,1711031171,2858,1,161381
186,1574590522.523415,192.168.1.4,192.168.1.5,4061827894,1711031171,1440,1,162821
187,1574590522.524127,192.168.1.4,192.168.1.5,4061829334,1711031171,1440,1,164261
188,1574590522.528755,192.168.1.4,192.168.1.5,2751658754,4140407664,79,1,164340
189,1574590522.52887,192.168.1.4,192.168.1.5,2751658833,4140407664,79,1,164419
190,1574590522.531262,192.168.1.4,192.168.1.5,1798418820,2839633418,2266,1,166685
191,1574590522.531855,192.168.1.4,192.168.1.5,1075443129,3197943820,2266,1,168951
192,1574590522.532677,192.168.1.4,192.168.1.5,1044192681,3723615723,2266,1,171217
193,1574590522.532819,192.168.1.5,192.168.1.4,3197943820,1075445395,74,0,171143
194,1574590522.533074,192.168.1.4,192.168.1.5,1075445395,3197943894,79,1,171222
195,1574590522.53317,192.168.1.4,192.168.1.5,1075445474,3197943894,79,1,171301
196,1574590522.535172,192.168.1.5,192.168.1.4,3723615723,1044194947,74,0,171227
197,1574590522.535305,192.168.1.5,192.168.1.4,3723615797,1044194947,257,0,170970
198,1574590522.535547,192.168.1.4,192.168.1.5,1044194947,3723616054,79,1,171049
199,1574590522.535639,192.168.1.4,192.168.1.5,1044195026,3723616054,79,1,171128
200,1574590522.535748,192.168.1.5,192.168.1.4,3197943894,1075445553,257,0,170871
201,1574590522.536199,192.168.1.5,192.168.1.4,2839633418,1798421086,74,0,170797
202,1574590522.536359,192.168.1.5,192.168.1.4,2839633492,1798421086,257,0,170540
203,1574590522.536616,192.168.1.4,192.168.1.5,1798421086,2839633749,79,1,170619
204,1574590522.536624,192.168.1.4,192.168.1.5,1798421165,2839633749,79,1,170698
205,1574590522.566327,192.168.1.4,192.168.1.5,4061830774,1711031171,16406,1,187104
206,1574590522.566423,192.168.1.4,192.168.1.5,4061847180,1711031171,114,1,187218
207,1574590522.56811,192.168.1.5,192.168.1.4,1711031171,4061847294,61,0,187157
208,1574590522.846459,192.168.1.4,192.168.1.5,1964296402,25472156,91,1,187248
209,1574590522.84668,192.168.1.4,192.168.1.5,4158488996,2473649867,91,1,187339
210,1574590522.846695,192.168.1.4,192.168.1.5,933654517,2919920962,91,1,187430
211,1574590522.846703,192.168.1.4,192.168.1.5,933654608,2919920962,24,1,187454
212,1574590522.852477,192.168.1.5,192.168.1.4,25472156,1964296493,539,0,186915
213,1574590522.852815,192.168.1.5,192.168.1.4,2473649867,4158489087,539,0,186376
214,1574590522.871534,192.168.1.5,192.168.1.4,3034859882,893019496,343,0,186033
215,1574590522.872203,192.168.1.4,192.168.1.5,893019496,3034860225,99,1,186132
216,1574590522.872553,192.168.1.5,192.168.1.4,3034860225,893019595,382,0,185750
217,1574590522.874633,192.168.1.5,192.168.1.4,3782507269,3412894548,343,0,185407
218,1574590522.879104,192.168.1.4,192.168.1.5,3412894548,3782507612,99,1,185506
219,1574590522.879475,192.168.1.5,192.168.1.4,3782507612,3412894647,382,0,185124
220,1574590522.880898,192.168.1.5,192.168.1.4,149558321,3701159799,343,0,184781
221,1574590522.890701,192.168.1.4,192.168.1.5,3701159799,149558664,99,1,184880
222,1574590522.891088,192.168.1.5,192.168.1.4,149558664,3701159898,382,0,184498
223,1574590522.89177,192.168.1.4,192.168.1.5,4158489087,2473650406,1442,1,185940
224,1574590522.894143,192.168.1.5,192.168.1.4,590072192,1256375441,343,0,185597
225,1574590522.895998,192.168.1.4,192.168.1.5,1964296493,25472695,2070,1,187667
226,1574590522.898232,192.168.1.5,192.168.1.4,1340637424,3882358013,343,0,187324
227,1574590522.909344,192.168.1.4,192.168.1.5,3882358013,1340637767,99,1,187423
228,1574590522.909708,192.168.1.5,192.168.1.4,1340637767,3882358112,382,0,187041
229,1574590522.909776,192.168.1.4,192.168.1.5,1256375441,590072535,99,1,187140
230,1574590522.909979,192.168.1.5,192.168.1.4,590072535,1256375540,382,0,186758
231,1574590522.919899,192.168.1.4,192.168.1.5,893019595,3034860607,2266,1,189024
232,1574590522.920912,192.168.1.5,192.168.1.4,3034860607,893021861,74,0,188950
233,1574590522.921121,192.168.1.5,192.168.1.4,3034860681,893021861,241,0,188709
234,1574590522.92119,192.168.1.4,192.168.1.5,893021861,3034860681,79,1,188788
235,1574590522.921305,192.168.1.4,192.168.1.5,893021940,3034860922,79,1,188867
236,1574590522.923055,192.168.1.4,192.168.1.5,3412894647,3782507994,2266,1,191133
237,1574590522.923989,192.168.1.5,192.168.1.4,3782507994,3412896913,74,0,191059
238,1574590522.924175,192.168.1.5,192.168.1.4,3782508068,3412896913,241,0,190818
239,1574590522.928755,192.168.1.4,192.168.1.5,3412896913,3782508309,79,1,190897
240,1574590522.928777,192.168.1.4,192.168.1.5,3412896992,3782508309,79,1,190976
241,1574590522.934416,192.168.1.4,192.168.1.5,3882358112,1340638149,2266,1,193242
242,1574590522.934565,192.168.1.4,192.168.1.5,4158490529,2473650406,3351,1,196593
243,1574590522.935359,192.168.1.4,192.168.1.5,3701159898,149559046,2266,1,198859
244,1574590522.936107,192.168.1.5,192.168.1.4,149559046,3701162164,74,0,198785
245,1574590522.936275,192.168.1.5,192.168.1.4,149559120,3701162164,241,0,198544
246,1574590522.936333,192.168.1.4,192.168.1.5,3701162164,149559120,79,1,198623
247,1574590522.936448,192.168.1.4,192.168.1.5,3701162243,149559361,79,1,198702
248,1574590522.93686,192.168.1.5,192.168.1.4,1340638149,3882360378,74,0,198628
249,1574590522.937027,192.168.1.5,192.168.1.4,1340638223,3882360378,241,0,198387
250,1574590522.937443,192.168.1.4,192.168.1.5,3882360378,1340638464,79,1,198466
251,1574590522.938043,192.168.1.4,192.168.1.5,3882360457,1340638464,79,1,198545
252,1574590522.938053,192.168.1.4,192.168.1.5,1256375540,590072917,2266,1,200811
253,1574590522.938156,192.168.1.4,192.168.1.5,1964298563,25472695,2724,1,203535
254,1574590522.938916,192.168.1.5,192.168.1.4,590072917,1256377806,74,0,203461
255,1574590522.939066,192.168.1.5,192.168.1.4,590072991,1256377806,241,0,203220
256,1574590522.939278,192.168.1.4,192.168.1.5,1256377806,590073232,79,1,203299
257,1574590522.939346,192.168.1.4,192.168.1.5,1256377885,590073232,79,1,203378
258,1574590522.952117,192.168.1.5,192.168.1.4,2473650406,4158493880,86,0,203292
259,1574590522.953394,192.168.1.5,192.168.1.4,25472695,1964301287,86,0,203206
260,1574590522.954196,192.168.1.5,192.168.1.4,25472781,1964301287,24,0,203182
261,1574590522.954457,192.168.1.5,192.168.1.4,2473650492,4158493880,108,0,203074
262,1574590522.954594,192.168.1.5,192.168.1.4,4140407664,2751658912,24,0,203050
263,1574590522.955045,192.168.1.4,192.168.1.5,1964301287,25472805,24,1,203074
264,1574590522.968855,192.168.1.5,192.168.1.4,3197944151,1075445553,24,0,203050
265,1574590522.96924,192.168.1.5,192.168.1.4,3723616054,1044195105,24,0,203026
266,1574590522.969416,192.168.1.5,192.168.1.4,2839633749,1798421244,24,0,203002
267,1574590522.971681,192.168.1.5,192.168.1.4,2473650600,4158493880,351,0,202651
268,1574590522.97246,192.168.1.5,192.168.1.4,2473650951,4158493880,161,0,202490
269,1574590522.972704,192.168.1.5,192.168.1.4,2473651112,4158493880,159,0,202331
270,1574590522.97337,192.168.1.5,192.168.1.4,2473651271,4158493880,158,0,202173
271,1574590522.973593,192.168.1.5,192.168.1.4,2473651429,4158493880,158,0,202015
272,1574590522.973814,192.168.1.5,192.168.1.4,2473651587,4158493880,160,0,201855
273,1574590522.984458,192.168.1.4,192.168.1.5,4158493880,2473651747,586,1,202441
274,1574590522.991269,192.168.1.5,192.168.1.4,2473651747,4158494466,53,0,202388
275,1574590522.992469,192.168.1.4,192.168.1.5,4158494466,2473651800,53,1,202441
276,1574590523.034484,192.168.1.4,192.168.1.5,4158494519,2473651800,5792,1,208233
277,1574590523.034643,192.168.1.4,192.168.1.5,4158500311,2473651800,8688,1,216921
278,1574590523.034841,192.168.1.4,192.168.1.5,4158508999,2473651800,1926,1,218847
279,1574590523.034902,192.168.1.4,192.168.1.5,4158510925,2473651800,5792,1,224639
280,1574590523.035033,192.168.1.4,192.168.1.5,4158516717,2473651800,5792,1,230431
281,1574590523.035205,192.168.1.4,192.168.1.5,4158522509,2473651800,2246,1,232677
282,1574590523.039701,192.168.1.5,192.168.1.4,2473651800,4158524755,61,0,232616
283,1574590523.039818,192.168.1.4,192.168.1.5,4158524755,2473651800,4118,1,236734
284,1574590523.040113,192.168.1.4,192.168.1.5,4158528873,2473651861,1598,1,238332
285,1574590523.043049,192.168.1.5,192.168.1.4,3212161152,1687271949,343,0,237989
286,1574590523.043536,192.168.1.4,192.168.1.5,1687271949,3212161495,99,1,238088
287,1574590523.043793,192.168.1.5,192.168.1.4,3212161495,1687272048,382,0,237706
288,1574590523.044731,192.168.1.5,192.168.1.4,4061739773,2533327910,343,0,237363
289,1574590523.048753,192.168.1.4,192.168.1.5,2533327910,4061740116,99,1,237462
290,1574590523.049065,192.168.1.5,192.168.1.4,4061740116,2533328009,382,0,237080
291,1574590523.062177,192.168.1.4,192.168.1.5,1687272048,3212161877,2266,1,239346
292,1574590523.062703,192.168.1.4,192.168.1.5,4158530471,2473651861,7240,1,246586
293,1574590523.063118,192.168.1.4,192.168.1.5,4158537711,2473651861,9166,1,255752
294,1574590523.063193,192.168.1.4,192.168.1.5,4158546877,2473651861,16406,1,272158
295,1574590523.063253,192.168.1.4,192.168.1.5,4158563283,2473651861,4122,1,276280
296,1574590523.064153,192.168.1.5,192.168.1.4,3212161877,1687274314,74,0,276206
297,1574590523.064283,192.168.1.5,192.168.1.4,3212161951,1687274314,255,0,275951
298,1574590523.067309,192.168.1.4,192.168.1.5,1687274314,3212162206,79,1,276030
299,1574590523.067391,192.168.1.4,192.168.1.5,1687274393,3212162206,79,1,276109
300,1574590523.068686,192.168.1.4,192.168.1.5,2533328009,4061740498,2266,1,278375
301,1574590523.069632,192.168.1.5,192.168.1.4,4061740498,2533330275,74,0,278301
302,1574590523.069786,192.168.1.5,192.168.1.4,4061740572,2533330275,265,0,278036
303,1574590523.070031,192.168.1.4,192.168.1.5,2533330275,4061740572,79,1,278115
304,1574590523.070141,192.168.1.4,192.168.1.5,2533330354,4061740837,79,1,278194
305,1574590523.072239,192.168.1.5,192.168.1.4,4034216750,604755305,343,0,277851
306,1574590523.072728,192.168.1.4,192.168.1.5,604755305,4034217093,99,1,277950
307,1574590523.074534,192.168.1.5,192.168.1.4,4034217093,604755404,382,0,277568
308,1574590523.079899,192.168.1.4,192.168.1.5,4158567405,2473651861,14480,1,292048
309,1574590523.080097,192.168.1.4,192.168.1.5,4158581885,2473651861,1926,1,293974
310,1574590523.080154,192.168.1.4,192.168.1.5,4158583811,2473651861,13032,1,307006
311,1574590523.080207,192.168.1.4,192.168.1.5,4158596843,2473651861,3374,1,310380
312,1574590523.080384,192.168.1.4,192.168.1.5,4158600217,2473651861,498,1,310878
313,1574590523.087216,192.168.1.4,192.168.1.5,604755404,4034217475,2266,1,313144
314,1574590523.088238,192.168.1.5,192.168.1.4,4034217475,604757670,74,0,313070
315,1574590523.088394,192.168.1.5,192.168.1.4,4034217549,604757670,265,0,312805
316,1574590523.088587,192.168.1.4,192.168.1.5,604757670,4034217814,79,1,312884
317,1574590523.089609,192.168.1.4,192.168.1.5,604757749,4034217814,79,1,312963
318,1574590523.089634,192.168.1.4,192.168.1.5,4158600715,2473651861,16406,1,329369
319,1574590523.089745,192.168.1.4,192.168.1.5,4158617121,2473651861,10136,1,339505
320,1574590523.089811,192.168.1.4,192.168.1.5,4158627257,2473651861,2896,1,342401
321,1574590523.08982,192.168.1.4,192.168.1.5,4158630153,2473651861,3374,1,345775
322,1574590523.089873,192.168.1.4,192.168.1.5,4158633527,2473651861,498,1,346273
323,1574590523.100519,192.168.1.4,192.168.1.5,4158634025,2473651861,16406,1,362679
324,1574590523.100638,192.168.1.4,192.168.1.5,4158650431,2473651861,15928,1,378607
325,1574590523.100751,192.168.1.4,192.168.1.5,4158666359,2473651861,1922,1,380529
326,1574590523.107212,192.168.1.5,192.168.1.4,3093746199,130884922,343,0,380186
327,1574590523.107774,192.168.1.4,192.168.1.5,130884922,3093746542,99,1,380285
328,1574590523.108027,192.168.1.5,192.168.1.4,3093746542,130885021,382,0,379903
329,1574590523.115222,192.168.1.5,192.168.1.4,3801214849,2022179069,343,0,379560
330,1574590523.116821,192.168.1.5,192.168.1.4,486719385,430617264,343,0,379217
331,1574590523.118535,192.168.1.4,192.168.1.5,2022179069,3801215192,99,1,379316
332,1574590523.118883,192.168.1.5,192.168.1.4,3801215192,2022179168,382,0,378934
333,1574590523.121398,192.168.1.4,192.168.1.5,130885021,3093746924,2266,1,381200
334,1574590523.122338,192.168.1.5,192.168.1.4,3093746924,130887287,74,0,381126
335,1574590523.122458,192.168.1.5,192.168.1.4,3093746998,130887287,265,0,380861
336,1574590523.126605,192.168.1.4,192.168.1.5,430617264,486719728,99,1,380960
337,1574590523.126875,192.168.1.4,192.168.1.5,130887287,3093747263,79,1,381039
338,1574590523.12717,192.168.1.5,192.168.1.4,486719728,430617363,382,0,380657
339,1574590523.127232,192.168.1.4,192.168.1.5,130887366,3093747263,79,1,380736
340,1574590523.141409,192.168.1.4,192.168.1.5,430617363,486720110,2266,1,383002
341,1574590523.142334,192.168.1.4,192.168.1.5,4158668281,2473651861,10921,1,393923
342,1574590523.142699,192.168.1.5,192.168.1.4,486720110,430619629,74,0,393849
343,1574590523.142819,192.168.1.5,192.168.1.4,486720184,430619629,265,0,393584
344,1574590523.143065,192.168.1.4,192.168.1.5,2022179168,3801215574,2266,1,395850
345,1574590523.143308,192.168.1.4,192.168.1.5,430619629,486720449,79,1,395929
346,1574590523.143323,192.168.1.4,192.168.1.5,430619708,486720449,79,1,396008
347,1574590523.144058,192.168.1.5,192.168.1.4,3801215574,2022181434,74,0,395934
348,1574590523.144194,192.168.1.5,192.168.1.4,3801215648,2022181434,265,0,395669
349,1574590523.144376,192.168.1.4,192.168.1.5,2022181434,3801215913,79,1,395748
350,1574590523.147116,192.168.1.4,192.168.1.5,2022181513,3801215913,79,1,395827
351,1574590523.147838,192.168.1.5,192.168.1.4,2172698984,2788013110,343,0,395484
352,1574590523.148255,192.168.1.4,192.168.1.5,2788013110,2172699327,99,1,395583
353,1574590523.148527,192.168.1.5,192.168.1.4,2172699327,2788013209,382,0,395201
354,1574590523.158294,192.168.1.4,192.168.1.5,2788013209,2172699709,2266,1,397467
355,1574590523.160082,192.168.1.5,192.168.1.4,2172699709,2788015475,74,0,397393
356,1574590523.160184,192.168.1.5,192.168.1.4,2172699783,2788015475,265,0,397128
357,1574590523.160431,192.168.1.4,192.168.1.5,2788015475,2172700048,79,1,397207
358,1574590523.162032,192.168.1.4,192.168.1.5,2788015554,2172700048,79,1,397286
359,1574590527.742144,192.168.1.5,192.168.1.4,2387815110,181733173,343,0,396943
360,1574590527.74279,192.168.1.4,192.168.1.5,181733173,2387815453,99,1,397042
361,1574590527.743307,192.168.1.5,192.168.1.4,2387815453,181733272,382,0,396660
362,1574590527.753934,192.168.1.4,192.168.1.5,181733272,2387815835,2266,1,398926
363,1574590527.755245,192.168.1.5,192.168.1.4,2387815835,181735538,74,0,398852
364,1574590527.755418,192.168.1.5,192.168.1.4,2387815909,181735538,237,0,398615
365,1574590527.755756,192.168.1.4,192.168.1.5,181735538,2387816146,79,1,398694
366,1574590527.755867,192.168.1.4,192.168.1.5,181735617,2387816146,79,1,398773
367,1574590529.402487,192.168.1.4,192.168.1.5,1075445553,3197944175,91,1,398864
368,1574590529.402662,192.168.1.4,192.168.1.5,1075445644,3197944175,24,1,398888
369,1574590529.403986,192.168.1.4,192.168.1.5,1745078546,594311771,91,1,398979
370,1574590529.404414,192.168.1.4,192.168.1.5,153730402,1679638265,91,1,399070
371,1574590529.405282,192.168.1.5,192.168.1.4,594311771,1745078637,539,0,398531
372,1574590529.405797,192.168.1.5,192.168.1.4,1679638265,153730493,539,0,397992
373,1574590529.448652,192.168.1.4,192.168.1.5,153730493,1679638804,2070,1,400062
374,1574590529.448691,192.168.1.4,192.168.1.5,1745078637,594312310,2070,1,402132
375,1574590529.490404,192.168.1.4,192.168.1.5,153732563,1679638804,1889,1,404021
376,1574590529.490467,192.168.1.4,192.168.1.5,1745080707,594312310,1755,1,405776
377,1574590529.497408,192.168.1.5,192.168.1.4,594312310,1745082462,86,0,405690
378,1574590529.497847,192.168.1.5,192.168.1.4,594312396,1745082462,108,0,405582
379,1574590529.498124,192.168.1.5,192.168.1.4,3034860922,893022019,24,0,405558
380,1574590529.498541,192.168.1.5,192.168.1.4,3782508309,3412897071,24,0,405534
381,1574590529.498889,192.168.1.5,192.168.1.4,149559361,3701162322,24,0,405510
382,1574590529.499047,192.168.1.5,192.168.1.4,590073232,1256377964,24,0,405486
383,1574590529.499184,192.168.1.5,192.168.1.4,1340638464,3882360536,24,0,405462
384,1574590529.500947,192.168.1.5,192.168.1.4,1679638804,153734452,86,0,405376
385,1574590529.507214,192.168.1.5,192.168.1.4,594312504,1745082462,381,0,404995
386,1574590529.507788,192.168.1.5,192.168.1.4,594312885,1745082462,118,0,404877
387,1574590529.508009,192.168.1.5,192.168.1.4,594313003,1745082462,115,0,404762
388,1574590529.50828,192.168.1.5,192.168.1.4,594313118,1745082462,107,0,404655
389,1574590529.508478,192.168.1.5,192.168.1.4,594313225,1745082462,158,0,404497
390,1574590529.508714,192.168.1.5,192.168.1.4,594313383,1745082462,110,0,404387
391,1574590529.508985,192.168.1.5,192.168.1.4,594313493,1745082462,109,0,404278
392,1574590529.509197,192.168.1.5,192.168.1.4,594313602,1745082462,109,0,404169
393,1574590529.509315,192.168.1.5,192.168.1.4,594313711,1745082462,109,0,404060
394,1574590529.510081,192.168.1.5,192.168.1.4,1679638890,153734452,108,0,403952
395,1574590529.510233,192.168.1.5,192.168.1.4,1035199871,3618789414,24,0,403928
396,1574590529.510414,192.168.1.5,192.168.1.4,192212139,2787010797,24,0,403904
397,1574590529.516966,192.168.1.5,192.168.1.4,1679638998,153734452,266,0,403638
398,1574590529.517321,192.168.1.5,192.168.1.4,1679639264,153734452,110,0,403528
399,1574590529.517466,192.168.1.5,192.168.1.4,1679639374,153734452,108,0,403420
400,1574590529.550346,192.168.1.4,192.168.1.5,153734452,1679639482,586,1,404006
401,1574590529.55055,192.168.1.4,192.168.1.5,1745082462,594313820,617,1,404623
402,1574590529.556129,192.168.1.5,192.168.1.4,1679639482,153735038,53,0,404570
403,1574590529.556369,192.168.1.5,192.168.1.4,594313820,1745083079,53,0,404517
404,1574590529.60827,192.168.1.4,192.168.1.5,153735038,1679639535,2070,1,406587
405,1574590529.626327,192.168.1.4,192.168.1.5,1745083079,594313873,2070,1,408657
406,1574590529.650453,192.168.1.4,192.168.1.5,153737108,1679639535,14480,1,423137
407,1574590529.650812,192.168.1.4,192.168.1.5,153751588,1679639535,12959,1,436096
408,1574590529.652387,192.168.1.4,192.168.1.5,153764547,1679639535,2070,1,438166
409,1574590529.652744,192.168.1.4,192.168.1.5,153766617,1679639535,2070,1,440236
410,1574590529.652857,192.168.1.4,192.168.1.5,153768687,1679639535,2070,1,442306
411,1574590529.653095,192.168.1.4,192.168.1.5,153770757,1679639535,968,1,443274
412,1574590529.655226,192.168.1.4,192.168.1.5,153771725,1679639535,2070,1,445344
413,1574590529.65644,192.168.1.5,192.168.1.4,1679639535,153773795,61,0,445283
414,1574590529.656903,192.168.1.4,192.168.1.5,153773795,1679639596,3646,1,448929
415,1574590529.668966,192.168.1.4,192.168.1.5,1745085149,594313873,14480,1,463409
416,1574590529.669345,192.168.1.4,192.168.1.5,1745099629,594313873,8688,1,472097
417,1574590529.671917,192.168.1.4,192.168.1.5,1745108317,594313873,9998,1,482095
418,1574590529.679213,192.168.1.5,192.168.1.4,594313873,1745118315,61,0,482034
419,1574590529.679613,192.168.1.4,192.168.1.5,1745118315,594313934,8688,1,490722
420,1574590529.679684,192.168.1.4,192.168.1.5,1745127003,594313934,7718,1,498440
421,1574590529.679695,192.168.1.4,192.168.1.5,1745134721,594313934,3806,1,502246
422,1574590529.698213,192.168.1.4,192.168.1.5,153777441,1679639596,16406,1,518652
423,1574590529.698304,192.168.1.4,192.168.1.5,153793847,1679639596,11584,1,530236
424,1574590529.698578,192.168.1.4,192.168.1.5,153805431,1679639596,2198,1,532434
425,1574590529.722222,192.168.1.4,192.168.1.5,1745138527,594313934,14480,1,546914
426,1574590529.735381,192.168.1.4,192.168.1.5,1745153007,594313934,1926,1,548840
427,1574590529.735466,192.168.1.4,192.168.1.5,1745154933,594313934,11998,1,560838
428,1574590529.73885,192.168.1.4,192.168.1.5,1745166931,594313934,2070,1,562908
429,1574590529.739118,192.168.1.4,192.168.1.5,1745169001,594313934,2070,1,564978
430,1574590529.739147,192.168.1.4,192.168.1.5,1745171071,594313934,2070,1,567048
431,1574590529.739174,192.168.1.4,192.168.1.5,1745173141,594313934,2070,1,569118
432,1574590529.739325,192.168.1.4,192.168.1.5,1745175211,594313934,2070,1,571188
433,1574590529.739494,192.168.1.4,192.168.1.5,1745177281,594313934,2070,1,573258
434,1574590529.739582,192.168.1.4,192.168.1.5,1745179351,594313934,2070,1,575328
435,1574590529.739765,192.168.1.4,192.168.1.5,1745181421,594313934,2070,1,577398
436,1574590529.739788,192.168.1.4,192.168.1.5,1745183491,594313934,2070,1,579468
437,1574590529.739923,192.168.1.4,192.168.1.5,1745185561,594313934,2070,1,581538
438,1574590529.740082,192.168.1.4,192.168.1.5,1745187631,594313934,2070,1,583608
439,1574590529.74021,192.168.1.4,192.168.1.5,1745189701,594313934,2070,1,585678
440,1574590529.740239,192.168.1.4,192.168.1.5,1745191771,594313934,2070,1,587748
441,1574590529.752826,192.168.1.4,192.168.1.5,1745193841,594313934,15928,1,603676
442,1574590529.753028,192.168.1.4,192.168.1.5,1745209769,594313934,478,1,604154
443,1574590529.75321,192.168.1.4,192.168.1.5,1745210247,594313934,8688,1,612842
444,1574590529.753311,192.168.1.4,192.168.1.5,1745218935,594313934,7718,1,620560
445,1574590529.753367,192.168.1.4,192.168.1.5,1745226653,594313934,16406,1,636966
446,1574590529.753482,192.168.1.4,192.168.1.5,1745243059,594313934,13032,1,649998
447,1574590529.753632,192.168.1.4,192.168.1.5,1745256091,594313934,3321,1,653319
448,1574590529.753653,192.168.1.4,192.168.1.5,1745259412,594313934,1345,1,654664
449,1574590529.753772,192.168.1.4,192.168.1.5,1745260757,594313934,180,1,654844
450,1574590529.753958,192.168.1.4,192.168.1.5,1745260937,594313934,2070,1,656914
451,1574590529.753985,192.168.1.4,192.168.1.5,1745263007,594313934,2070,1,658984
452,1574590529.785536,192.168.1.5,192.168.1.4,594313934,1745265077,109,0,658875
453,1574590529.786127,192.168.1.4,192.168.1.5,1745265077,594314043,15928,1,674803
454,1574590529.786972,192.168.1.4,192.168.1.5,1745281005,594314043,478,1,675281
455,1574590529.786987,192.168.1.4,192.168.1.5,1745281483,594314043,5247,1,680528
456,1574590529.83294,192.168.1.4,192.168.1.5,1745286730,594314043,151,1,680679
457,1574590529.832965,192.168.1.4,192.168.1.5,1745286881,594314043,2070,1,682749
458,1574590529.83303,192.168.1.4,192.168.1.5,1745288951,594314043,2070,1,684819
459,1574590529.874192,192.168.1.4,192.168.1.5,1745291021,594314043,1530,1,686349
460,1574590529.882398,192.168.1.5,192.168.1.4,594314043,1745292551,61,0,686288
461,1574590530.400377,192.168.1.4,192.168.1.5,2787010797,192212163,91,1,686379
462,1574590530.400648,192.168.1.4,192.168.1.5,2787010888,192212163,24,1,686403
463,1574590531.207549,192.168.1.4,192.168.1.5,523292605,2551843548,91,1,686494
464,1574590531.20813,192.168.1.5,192.168.1.4,2551843548,523292696,539,0,685955
465,1574590531.245812,192.168.1.4,192.168.1.5,523292696,2551844087,2070,1,688025
466,1574590531.286328,192.168.1.4,192.168.1.5,523294766,2551844087,1756,1,689781
467,1574590531.290416,192.168.1.5,192.168.1.4,2551844087,523296522,86,0,689695
468,1574590531.290683,192.168.1.5,192.168.1.4,2551844173,523296522,108,0,689587
469,1574590531.291262,192.168.1.5,192.168.1.4,2551844281,523296522,266,0,689321
470,1574590531.325636,192.168.1.4,192.168.1.5,523296522,2551844547,617,1,689938
471,1574590531.326071,192.168.1.5,192.168.1.4,2551844547,523297139,53,0,689885
472,1574590531.33014,192.168.1.4,192.168.1.5,523297139,2551844600,2070,1,691955
473,1574590531.374281,192.168.1.4,192.168.1.5,523299209,2551844600,4400,1,696355
474,1574590531.374774,192.168.1.5,192.168.1.4,2551844600,523303609,61,0,696294
475,1574590533.431844,192.168.1.4,192.168.1.5,3618789414,1035199895,91,1,696385
476,1574590533.432157,192.168.1.4,192.168.1.5,3701162322,149559385,91,1,696476
477,1574590533.432609,192.168.1.4,192.168.1.5,2751658912,4140407688,91,1,696567
478,1574590533.433088,192.168.1.4,192.168.1.5,3412897071,3782508333,91,1,696658
479,1574590533.433479,192.168.1.4,192.168.1.5,2751659003,4140407688,24,1,696682
480,1574590533.434419,192.168.1.4,192.168.1.5,3701162413,149559385,24,1,696706
481,1574590533.435548,192.168.1.4,192.168.1.5,3412897162,3782508333,24,1,696730
482,1574590533.436735,192.168.1.4,192.168.1.5,3618789505,1035199896,24,1,696754
483,1574590533.82066,192.168.1.4,192.168.1.5,1256377964,590073256,91,1,696845
484,1574590533.820802,192.168.1.4,192.168.1.5,893022019,3034860946,91,1,696936
485,1574590533.821621,192.168.1.4,192.168.1.5,893022110,3034860946,24,1,696960
486,1574590533.823643,192.168.1.4,192.168.1.5,1256378055,590073257,24,1,696984
487,1574590534.109655,192.168.1.4,192.168.1.5,1798421244,2839633773,91,1,697075
488,1574590534.109817,192.168.1.4,192.168.1.5,3882360536,1340638488,91,1,697166
489,1574590534.109971,192.168.1.4,192.168.1.5,1044195105,3723616078,91,1,697257
490,1574590534.110181,192.168.1.4,192.168.1.5,3882360627,1340638488,24,1,697281
491,1574590534.11112,192.168.1.4,192.168.1.5,1044195196,3723616078,24,1,697305
492,1574590534.112111,192.168.1.4,192.168.1.5,1798421335,2839633774,24,1,697329
493,1574590534.506029,192.168.1.4,192.168.1.5,1687274472,3212162206,91,1,697420
494,1574590534.50687,192.168.1.5,192.168.1.4,3212162206,1687274563,539,0,696881
495,1574590534.547252,192.168.1.4,192.168.1.5,1687274563,3212162745,2070,1,698951
496,1574590534.590496,192.168.1.4,192.168.1.5,1687276633,3212162745,1249,1,700200
497,1574590534.593635,192.168.1.5,192.168.1.4,3212162745,1687277882,86,0,700114
498,1574590534.593919,192.168.1.5,192.168.1.4,3212162831,1687277882,108,0,700006
499,1574590534.594332,192.168.1.5,192.168.1.4,3212162939,1687277882,259,0,699747
500,1574590534.643433,192.168.1.4,192.168.1.5,1687277882,3212163198,2070,1,701817
501,1574590534.645445,192.168.1.5,192.168.1.4,3212163198,1687279952,53,0,701764
502,1574590534.646298,192.168.1.4,192.168.1.5,1687279952,3212163251,7240,1,709004
503,1574590534.646611,192.168.1.4,192.168.1.5,1687287192,3212163251,7240,1,716244
504,1574590534.646878,192.168.1.4,192.168.1.5,1687294432,3212163251,4403,1,720647
505,1574590534.686246,192.168.1.4,192.168.1.5,1687298835,3212163251,5418,1,726065
506,1574590534.687285,192.168.1.5,192.168.1.4,3212163251,1687304253,61,0,726004
507,1574590534.727012,192.168.1.5,192.168.1.4,2930951393,3084317296,343,0,725661
508,1574590534.727413,192.168.1.4,192.168.1.5,3084317296,2930951736,99,1,725760
509,1574590534.727878,192.168.1.5,192.168.1.4,2930951736,3084317395,382,0,725378
510,1574590534.741875,192.168.1.4,192.168.1.5,3084317395,2930952118,2266,1,727644
511,1574590534.743242,192.168.1.5,192.168.1.4,2930952118,3084319661,74,0,727570
512,1574590534.743426,192.168.1.5,192.168.1.4,2930952192,3084319661,255,0,727315
513,1574590534.743661,192.168.1.4,192.168.1.5,3084319661,2930952447,79,1,727394
514,1574590534.744303,192.168.1.4,192.168.1.5,3084319740,2930952447,79,1,727473
