index,time,src_ip,dst_ip,tcp_seq,tcp_ack,tcp_len,direction,cumul_sum
1,1574590586.26347,192.168.1.4,192.168.1.5,3143153764,1920167023,91,1,91
2,1574590586.263611,192.168.1.4,192.168.1.5,3143153855,1920167023,24,1,115
3,1574590586.374902,192.168.1.4,192.168.1.5,592075319,60426811,91,1,206
4,1574590586.375143,192.168.1.4,192.168.1.5,592075410,60426811,24,1,230
5,1574590589.476318,192.168.1.5,192.168.1.4,4094472375,3930140703,343,0,-113
6,1574590589.477451,192.168.1.4,192.168.1.5,3930140703,4094472718,99,1,-14
7,1574590589.478194,192.168.1.5,192.168.1.4,4094472718,3930140802,382,0,-396
8,1574590589.488929,192.168.1.4,192.168.1.5,3930140802,4094473100,2266,1,1870
9,1574590589.489838,192.168.1.5,192.168.1.4,4094473100,3930143068,74,0,1796
10,1574590589.48997,192.168.1.5,192.168.1.4,4094473174,3930143068,245,0,1551
11,1574590589.490265,192.168.1.4,192.168.1.5,3930143068,4094473419,79,1,1630
12,1574590589.490344,192.168.1.4,192.168.1.5,3930143147,4094473419,79,1,1709
13,1574590589.635083,192.168.1.5,192.168.1.4,3240616747,2889557401,343,0,1366
14,1574590589.635435,192.168.1.4,192.168.1.5,2889557401,3240617090,99,1,1465
15,1574590589.63577,192.168.1.5,192.168.1.4,3240617090,2889557500,382,0,1083
16,1574590589.637836,192.168.1.5,192.168.1.4,2328131308,2582686264,343,0,740
17,1574590589.642728,192.168.1.4,192.168.1.5,2582686264,2328131651,99,1,839
18,1574590589.643035,192.168.1.5,192.168.1.4,2328131651,2582686363,382,0,457
19,1574590589.650072,192.168.1.4,192.168.1.5,2889557500,3240617472,2266,1,2723
20,1574590589.650902,192.168.1.5,192.168.1.4,3240617472,2889559766,74,0,2649
21,1574590589.651051,192.168.1.5,192.168.1.4,3240617546,2889559766,235,0,2414
22,1574590589.654343,192.168.1.4,192.168.1.5,2889559766,3240617781,79,1,2493
23,1574590589.65437,192.168.1.4,192.168.1.5,2889559845,3240617781,79,1,2572
24,1574590589.657872,192.168.1.4,192.168.1.5,2582686363,2328132033,2266,1,4838
25,1574590589.658769,192.168.1.5,192.168.1.4,2328132033,2582688629,74,0,4764
26,1574590589.658895,192.168.1.5,192.168.1.4,2328132107,2582688629,235,0,4529
27,1574590589.659124,192.168.1.4,192.168.1.5,2582688629,2328132342,79,1,4608
28,1574590589.659191,192.168.1.4,192.168.1.5,2582688708,2328132342,79,1,4687
29,1574590591.474468,192.168.1.4,192.168.1.5,3930143226,4094473419,91,1,4778
30,1574590591.475505,192.168.1.5,192.168.1.4,4094473419,3930143317,539,0,4239
31,1574590591.517416,192.168.1.4,192.168.1.5,3930143317,4094473958,2070,1,6309
32,1574590591.558421,192.168.1.4,192.168.1.5,3930145387,4094473958,1018,1,7327
33,1574590591.568807,192.168.1.5,192.168.1.4,4094473958,3930146405,86,0,7241
34,1574590591.569694,192.168.1.5,192.168.1.4,4094474044,3930146405,108,0,7133
35,1574590591.570155,192.168.1.5,192.168.1.4,4094474152,3930146405,321,0,6812
36,1574590591.57028,192.168.1.5,192.168.1.4,4094474473,3930146405,54,0,6758
37,1574590591.596375,192.168.1.4,192.168.1.5,2889559924,3240617781,91,1,6849
38,1574590591.597601,192.168.1.5,192.168.1.4,3240617781,2889560015,539,0,6310
39,1574590591.622109,192.168.1.4,192.168.1.5,3930146405,4094474527,1965,1,8275
40,1574590591.625384,192.168.1.5,192.168.1.4,4094474527,3930148370,53,0,8222
41,1574590591.625646,192.168.1.5,192.168.1.4,4094474580,3930148370,61,0,8161
42,1574590591.635753,192.168.1.4,192.168.1.5,2582688787,2328132342,91,1,8252
43,1574590591.636278,192.168.1.5,192.168.1.4,2328132342,2582688878,539,0,7713
44,1574590591.645365,192.168.1.4,192.168.1.5,2889560015,3240618320,2070,1,9783
45,1574590591.681105,192.168.1.4,192.168.1.5,2582688878,2328132881,2070,1,11853
46,1574590591.686215,192.168.1.4,192.168.1.5,2889562085,3240618320,598,1,12451
47,1574590591.691464,192.168.1.5,192.168.1.4,3240618320,2889562683,86,0,12365
48,1574590591.692135,192.168.1.5,192.168.1.4,3240618406,2889562683,108,0,12257
49,1574590591.693147,192.168.1.5,192.168.1.4,3240618514,2889562683,381,0,11876
50,1574590591.722419,192.168.1.4,192.168.1.5,2582690948,2328132881,598,1,12474
51,1574590591.724937,192.168.1.5,192.168.1.4,2328132881,2582691546,86,0,12388
52,1574590591.735993,192.168.1.4,192.168.1.5,2889562683,3240618895,617,1,13005
53,1574590591.739138,192.168.1.5,192.168.1.4,3240618895,2889563300,53,0,12952
54,1574590591.741479,192.168.1.4,192.168.1.5,2889563300,3240618948,2070,1,15022
55,1574590591.782352,192.168.1.4,192.168.1.5,2889565370,3240618948,14480,1,29502
56,1574590591.78265,192.168.1.4,192.168.1.5,2889579850,3240618948,9,1,29511
57,1574590591.783588,192.168.1.5,192.168.1.4,3240618948,2889579859,61,0,29450
58,1574590591.796277,192.168.1.5,192.168.1.4,4250123169,1204062216,343,0,29107
59,1574590591.796598,192.168.1.4,192.168.1.5,1204062216,4250123512,99,1,29206
60,1574590591.797027,192.168.1.5,192.168.1.4,4250123512,1204062315,382,0,28824
61,1574590591.799082,192.168.1.5,192.168.1.4,143417866,148214777,343,0,28481
62,1574590591.800985,192.168.1.5,192.168.1.4,3240619009,2889579859,149,0,28332
63,1574590591.802062,192.168.1.4,192.168.1.5,148214777,143418209,99,1,28431
64,1574590591.80231,192.168.1.5,192.168.1.4,143418209,148214876,382,0,28049
65,1574590591.803449,192.168.1.5,192.168.1.4,3240619158,2889579859,121,0,27928
66,1574590591.807126,192.168.1.5,192.168.1.4,3533976744,68451402,343,0,27585
67,1574590591.809532,192.168.1.5,192.168.1.4,2769446740,4167142221,343,0,27242
68,1574590591.81278,192.168.1.5,192.168.1.4,2218848450,1405156465,343,0,26899
69,1574590591.813231,192.168.1.4,192.168.1.5,4167142221,2769447083,99,1,26998
70,1574590591.813541,192.168.1.5,192.168.1.4,2769447083,4167142320,382,0,26616
71,1574590591.813806,192.168.1.4,192.168.1.5,68451402,3533977087,99,1,26715
72,1574590591.81402,192.168.1.5,192.168.1.4,3533977087,68451501,382,0,26333
73,1574590591.818874,192.168.1.5,192.168.1.4,1841619155,4280713773,343,0,25990
74,1574590591.82071,192.168.1.5,192.168.1.4,3240619279,2889579859,117,0,25873
75,1574590591.820786,192.168.1.4,192.168.1.5,1204062315,4250123894,2266,1,28139
76,1574590591.82148,192.168.1.4,192.168.1.5,1405156465,2218848793,99,1,28238
77,1574590591.821854,192.168.1.5,192.168.1.4,4250123894,1204064581,74,0,28164
78,1574590591.82197,192.168.1.5,192.168.1.4,4250123968,1204064581,247,0,27917
79,1574590591.822506,192.168.1.5,192.168.1.4,2218848793,1405156564,382,0,27535
80,1574590591.835207,192.168.1.4,192.168.1.5,1405156564,2218849175,2266,1,29801
81,1574590591.835885,192.168.1.4,192.168.1.5,4280713773,1841619498,99,1,29900
82,1574590591.836405,192.168.1.5,192.168.1.4,2218849175,1405158830,74,0,29826
83,1574590591.836532,192.168.1.5,192.168.1.4,2218849249,1405158830,245,0,29581
84,1574590591.836736,192.168.1.5,192.168.1.4,1841619498,4280713872,382,0,29199
85,1574590591.840686,192.168.1.4,192.168.1.5,148214876,143418591,2266,1,31465
86,1574590591.841591,192.168.1.5,192.168.1.4,143418591,148217142,74,0,31391
87,1574590591.841675,192.168.1.5,192.168.1.4,4250123968,1204064581,247,0,31144
88,1574590591.841758,192.168.1.5,192.168.1.4,143418665,148217142,247,0,30897
89,1574590591.842501,192.168.1.4,192.168.1.5,1204064581,4250124215,79,1,30976
90,1574590591.842613,192.168.1.4,192.168.1.5,1204064660,4250124215,79,1,31055
91,1574590591.846515,192.168.1.4,192.168.1.5,2889579859,3240619396,2070,1,33125
92,1574590591.848976,192.168.1.5,192.168.1.4,2218849249,1405158830,245,0,32880
93,1574590591.857187,192.168.1.4,192.168.1.5,148217142,143418912,79,1,32959
94,1574590591.857213,192.168.1.4,192.168.1.5,148217221,143418912,79,1,33038
95,1574590591.861141,192.168.1.4,192.168.1.5,68451501,3533977469,2266,1,35304
96,1574590591.862023,192.168.1.5,192.168.1.4,3533977469,68453767,74,0,35230
97,1574590591.86219,192.168.1.5,192.168.1.4,3533977543,68453767,245,0,34985
98,1574590591.86354,192.168.1.4,192.168.1.5,4167142320,2769447465,2266,1,37251
99,1574590591.864345,192.168.1.5,192.168.1.4,2769447465,4167144586,74,0,37177
100,1574590591.864496,192.168.1.5,192.168.1.4,2769447539,4167144586,245,0,36932
101,1574590591.866389,192.168.1.4,192.168.1.5,2889581929,3240619396,16406,1,53338
102,1574590591.866499,192.168.1.4,192.168.1.5,2889598335,3240619396,11584,1,64922
103,1574590591.866674,192.168.1.4,192.168.1.5,2889609919,3240619396,11273,1,76195
104,1574590591.866703,192.168.1.4,192.168.1.5,68453767,3533977788,79,1,76274
105,1574590591.866842,192.168.1.4,192.168.1.5,68453846,3533977788,79,1,76353
106,1574590591.867301,192.168.1.4,192.168.1.5,4167144586,2769447784,79,1,76432
107,1574590591.867698,192.168.1.4,192.168.1.5,4167144665,2769447784,79,1,76511
108,1574590591.867707,192.168.1.4,192.168.1.5,1405158830,2218849494,79,1,76590
109,1574590591.867901,192.168.1.4,192.168.1.5,1405158909,2218849494,79,1,76669
110,1574590591.870626,192.168.1.4,192.168.1.5,4280713872,1841619880,2266,1,78935
111,1574590591.871528,192.168.1.5,192.168.1.4,1841619880,4280716138,74,0,78861
112,1574590591.871656,192.168.1.5,192.168.1.4,1841619954,4280716138,237,0,78624
113,1574590591.87191,192.168.1.4,192.168.1.5,4280716138,1841620191,79,1,78703
114,1574590591.873074,192.168.1.4,192.168.1.5,4280716217,1841620191,79,1,78782
115,1574590591.87594,192.168.1.5,192.168.1.4,3240619396,2889621192,61,0,78721
116,1574590591.883056,192.168.1.4,192.168.1.5,2889621192,3240619457,2070,1,80791
117,1574590591.897643,192.168.1.4,192.168.1.5,2889623262,3240619457,16406,1,97197
118,1574590591.897755,192.168.1.4,192.168.1.5,2889639668,3240619457,13032,1,110229
119,1574590591.897951,192.168.1.4,192.168.1.5,2889652700,3240619457,8284,1,118513
120,1574590591.938449,192.168.1.4,192.168.1.5,2889660984,3240619457,16406,1,134919
121,1574590591.938595,192.168.1.4,192.168.1.5,2889677390,3240619457,2896,1,137815
122,1574590591.938948,192.168.1.4,192.168.1.5,2889680286,3240619457,11584,1,149399
123,1574590591.939002,192.168.1.4,192.168.1.5,2889691870,3240619457,1772,1,151171
124,1574590591.945269,192.168.1.4,192.168.1.5,2889693642,3240619457,16406,1,167577
125,1574590591.945334,192.168.1.4,192.168.1.5,2889710048,3240619457,3490,1,171067
126,1574590591.945385,192.168.1.4,192.168.1.5,2889713538,3240619457,1571,1,172638
127,1574590594.340523,192.168.1.4,192.168.1.5,148217300,143418912,91,1,172729
128,1574590594.340918,192.168.1.5,192.168.1.4,143418912,148217391,539,0,172190
129,1574590594.38213,192.168.1.4,192.168.1.5,148217391,143419451,1440,1,173630
130,1574590594.422313,192.168.1.4,192.168.1.5,148218831,143419451,2519,1,176149
131,1574590594.425638,192.168.1.5,192.168.1.4,143419451,148221350,86,0,176063
132,1574590594.431462,192.168.1.5,192.168.1.4,143419537,148221350,108,0,175955
133,1574590594.431714,192.168.1.5,192.168.1.4,4250124215,1204064739,24,0,175931
134,1574590594.433735,192.168.1.5,192.168.1.4,143419645,148221350,268,0,175663
135,1574590594.433939,192.168.1.5,192.168.1.4,143419913,148221350,138,0,175525
136,1574590594.464092,192.168.1.4,192.168.1.5,148221350,143420051,586,1,176111
137,1574590594.465044,192.168.1.5,192.168.1.4,143420051,148221936,53,0,176058
138,1574590594.472585,192.168.1.4,192.168.1.5,148221936,143420104,53,1,176111
139,1574590594.514231,192.168.1.4,192.168.1.5,148221989,143420104,2034,1,178145
140,1574590594.532423,192.168.1.5,192.168.1.4,143420104,148224023,61,0,178084
141,1574590594.536269,192.168.1.5,192.168.1.4,403518060,2087056350,343,0,177741
142,1574590594.53668,192.168.1.4,192.168.1.5,2087056350,403518403,99,1,177840
143,1574590594.537156,192.168.1.5,192.168.1.4,403518403,2087056449,382,0,177458
144,1574590594.542357,192.168.1.4,192.168.1.5,1405158988,2218849494,91,1,177549
145,1574590594.54278,192.168.1.5,192.168.1.4,2218849494,1405159079,539,0,177010
146,1574590594.547537,192.168.1.4,192.168.1.5,2087056449,403518785,2266,1,179276
147,1574590594.548552,192.168.1.5,192.168.1.4,403518785,2087058715,74,0,179202
148,1574590594.548671,192.168.1.5,192.168.1.4,403518859,2087058715,241,0,178961
149,1574590594.549043,192.168.1.4,192.168.1.5,2087058715,403519100,79,1,179040
150,1574590594.54906,192.168.1.4,192.168.1.5,2087058794,403519100,79,1,179119
151,1574590594.558947,192.168.1.5,192.168.1.4,788940383,73703425,343,0,178776
152,1574590594.559369,192.168.1.4,192.168.1.5,73703425,788940726,99,1,178875
153,1574590594.559697,192.168.1.5,192.168.1.4,788940726,73703524,382,0,178493
154,1574590594.569836,192.168.1.4,192.168.1.5,73703524,788941108,2266,1,180759
155,1574590594.570708,192.168.1.5,192.168.1.4,788941108,73705790,74,0,180685
156,1574590594.570819,192.168.1.5,192.168.1.4,788941182,73705790,255,0,180430
157,1574590594.571055,192.168.1.4,192.168.1.5,73705790,788941437,79,1,180509
158,1574590594.571665,192.168.1.4,192.168.1.5,73705869,788941437,79,1,180588
159,1574590594.58304,192.168.1.4,192.168.1.5,1405159079,2218850033,2070,1,182658
160,1574590594.622208,192.168.1.4,192.168.1.5,1405161149,2218850033,1888,1,184546
161,1574590594.625323,192.168.1.5,192.168.1.4,2218850033,1405163037,86,0,184460
162,1574590594.626029,192.168.1.5,192.168.1.4,2218850119,1405163037,108,0,184352
163,1574590594.631139,192.168.1.5,192.168.1.4,3533977788,68453925,24,0,184328
164,1574590594.631321,192.168.1.5,192.168.1.4,2769447784,4167144744,24,0,184304
165,1574590594.631767,192.168.1.5,192.168.1.4,2218850227,1405163037,266,0,184038
166,1574590594.631915,192.168.1.5,192.168.1.4,2218850493,1405163037,108,0,183930
167,1574590594.632034,192.168.1.5,192.168.1.4,2218850601,1405163037,110,0,183820
168,1574590594.661111,192.168.1.4,192.168.1.5,1405163037,2218850711,617,1,184437
169,1574590594.663116,192.168.1.5,192.168.1.4,2218850711,1405163654,53,0,184384
170,1574590594.666077,192.168.1.4,192.168.1.5,1405163654,2218850764,445,1,184829
171,1574590594.701088,192.168.1.4,192.168.1.5,1405164099,2218850764,13032,1,197861
172,1574590594.701388,192.168.1.4,192.168.1.5,1405177131,2218850764,3374,1,201235
173,1574590594.701451,192.168.1.4,192.168.1.5,1405180505,2218850764,5792,1,207027
174,1574590594.701613,192.168.1.4,192.168.1.5,1405186297,2218850764,5792,1,212819
175,1574590594.701809,192.168.1.4,192.168.1.5,1405192089,2218850764,4822,1,217641
176,1574590594.701929,192.168.1.4,192.168.1.5,1405196911,2218850764,1128,1,218769
177,1574590594.720341,192.168.1.4,192.168.1.5,1405198039,2218850764,16406,1,235175
178,1574590594.720523,192.168.1.4,192.168.1.5,1405214445,2218850764,11584,1,246759
179,1574590594.720541,192.168.1.4,192.168.1.5,1405226029,2218850764,4822,1,251581
180,1574590594.720549,192.168.1.4,192.168.1.5,1405230851,2218850764,26,1,251607
181,1574590594.732521,192.168.1.5,192.168.1.4,2218850764,1405230877,61,0,251546
182,1574590594.73323,192.168.1.4,192.168.1.5,1405230877,2218850825,5293,1,256839
183,1574590594.806707,192.168.1.4,192.168.1.5,4167144744,2769447808,91,1,256930
184,1574590594.806729,192.168.1.4,192.168.1.5,4167144835,2769447808,24,1,256954
185,1574590594.855245,192.168.1.5,192.168.1.4,2571362883,1167694154,343,0,256611
186,1574590594.855553,192.168.1.4,192.168.1.5,1167694154,2571363226,99,1,256710
187,1574590594.855911,192.168.1.5,192.168.1.4,2571363226,1167694253,382,0,256328
188,1574590594.858153,192.168.1.5,192.168.1.4,3777928025,586084084,343,0,255985
189,1574590594.8607,192.168.1.4,192.168.1.5,586084084,3777928368,99,1,256084
190,1574590594.861323,192.168.1.5,192.168.1.4,3777928368,586084183,382,0,255702
191,1574590594.861492,192.168.1.5,192.168.1.4,4043615469,3313431658,343,0,255359
192,1574590594.866672,192.168.1.5,192.168.1.4,34031760,1288365401,343,0,255016
193,1574590594.870314,192.168.1.4,192.168.1.5,3313431658,4043615812,99,1,255115
194,1574590594.870605,192.168.1.5,192.168.1.4,4043615812,3313431757,382,0,254733
195,1574590594.870663,192.168.1.4,192.168.1.5,1288365401,34032103,99,1,254832
196,1574590594.870914,192.168.1.5,192.168.1.4,34032103,1288365500,382,0,254450
197,1574590594.888102,192.168.1.4,192.168.1.5,1167694253,2571363608,2266,1,256716
198,1574590594.889079,192.168.1.5,192.168.1.4,2571363608,1167696519,74,0,256642
199,1574590594.889215,192.168.1.5,192.168.1.4,2571363682,1167696519,241,0,256401
200,1574590594.88939,192.168.1.4,192.168.1.5,1167696519,2571363923,79,1,256480
201,1574590594.889467,192.168.1.4,192.168.1.5,1167696598,2571363923,79,1,256559
202,1574590594.893315,192.168.1.4,192.168.1.5,586084183,3777928750,2266,1,258825
203,1574590594.894346,192.168.1.5,192.168.1.4,3777928750,586086449,74,0,258751
204,1574590594.894506,192.168.1.5,192.168.1.4,3777928824,586086449,241,0,258510
205,1574590594.897642,192.168.1.4,192.168.1.5,3313431757,4043616194,2266,1,260776
206,1574590594.897798,192.168.1.4,192.168.1.5,586086449,3777929065,79,1,260855
207,1574590594.897929,192.168.1.4,192.168.1.5,586086528,3777929065,79,1,260934
208,1574590594.898662,192.168.1.5,192.168.1.4,4043616194,3313434023,74,0,260860
209,1574590594.898784,192.168.1.5,192.168.1.4,4043616268,3313434023,241,0,260619
210,1574590594.899466,192.168.1.4,192.168.1.5,1288365500,34032485,2266,1,262885
211,1574590594.899688,192.168.1.4,192.168.1.5,3313434023,4043616509,79,1,262964
212,1574590594.900632,192.168.1.5,192.168.1.4,34032485,1288367766,74,0,262890
213,1574590594.900724,192.168.1.4,192.168.1.5,3313434102,4043616509,79,1,262969
214,1574590594.900906,192.168.1.5,192.168.1.4,34032559,1288367766,241,0,262728
215,1574590594.901079,192.168.1.4,192.168.1.5,1288367766,34032800,79,1,262807
216,1574590594.901135,192.168.1.4,192.168.1.5,1288367845,34032800,79,1,262886
217,1574590594.908787,192.168.1.5,192.168.1.4,2018056014,4168636918,343,0,262543
218,1574590594.909123,192.168.1.4,192.168.1.5,4168636918,2018056357,99,1,262642
219,1574590594.909542,192.168.1.5,192.168.1.4,2018056357,4168637017,382,0,262260
220,1574590594.915389,192.168.1.4,192.168.1.5,1204064739,4250124239,91,1,262351
221,1574590594.915414,192.168.1.4,192.168.1.5,1204064830,4250124239,24,1,262375
222,1574590594.922592,192.168.1.4,192.168.1.5,4168637017,2018056739,2266,1,264641
223,1574590594.923421,192.168.1.5,192.168.1.4,2018056739,4168639283,74,0,264567
224,1574590594.923522,192.168.1.5,192.168.1.4,2018056813,4168639283,241,0,264326
225,1574590594.923727,192.168.1.4,192.168.1.5,4168639283,2018057054,79,1,264405
226,1574590594.931056,192.168.1.4,192.168.1.5,4168639362,2018057054,79,1,264484
227,1574590595.107295,192.168.1.4,192.168.1.5,4280716296,1841620191,91,1,264575
228,1574590595.107662,192.168.1.5,192.168.1.4,1841620191,4280716387,539,0,264036
229,1574590595.159732,192.168.1.4,192.168.1.5,4280716387,1841620730,2070,1,266106
230,1574590595.202703,192.168.1.4,192.168.1.5,4280718457,1841620730,1756,1,267862
231,1574590595.211963,192.168.1.5,192.168.1.4,1841620730,4280720213,86,0,267776
232,1574590595.212325,192.168.1.5,192.168.1.4,1841620816,4280720213,108,0,267668
233,1574590595.213752,192.168.1.5,192.168.1.4,1841620924,4280720213,266,0,267402
234,1574590595.234301,192.168.1.4,192.168.1.5,68453925,3533977812,91,1,267493
235,1574590595.234667,192.168.1.4,192.168.1.5,68454016,3533977812,24,1,267517
236,1574590595.246692,192.168.1.4,192.168.1.5,4280720213,1841621190,617,1,268134
237,1574590595.247194,192.168.1.5,192.168.1.4,1841621190,4280720830,53,0,268081
238,1574590595.267121,192.168.1.4,192.168.1.5,4280720830,1841621243,2070,1,270151
239,1574590595.310553,192.168.1.4,192.168.1.5,4280722900,1841621243,4403,1,274554
240,1574590595.311768,192.168.1.5,192.168.1.4,1841621243,4280727303,61,0,274493
241,1574590598.492794,192.168.1.4,192.168.1.5,586086607,3777929065,91,1,274584
242,1574590598.492952,192.168.1.4,192.168.1.5,1167696677,2571363923,91,1,274675
243,1574590598.493074,192.168.1.4,192.168.1.5,3313434181,4043616509,91,1,274766
244,1574590598.493783,192.168.1.5,192.168.1.4,4043616509,3313434272,539,0,274227
245,1574590598.493869,192.168.1.5,192.168.1.4,2571363923,1167696768,539,0,273688
246,1574590598.493935,192.168.1.5,192.168.1.4,3777929065,586086698,539,0,273149
247,1574590598.54289,192.168.1.4,192.168.1.5,586086698,3777929604,2070,1,275219
248,1574590598.543112,192.168.1.4,192.168.1.5,3313434272,4043617048,2070,1,277289
249,1574590598.543337,192.168.1.4,192.168.1.5,1167696768,2571364462,2070,1,279359
250,1574590598.586325,192.168.1.4,192.168.1.5,1167698838,2571364462,1756,1,281115
251,1574590598.586386,192.168.1.4,192.168.1.5,3313436342,4043617048,1756,1,282871
252,1574590598.586426,192.168.1.4,192.168.1.5,586088768,3777929604,1756,1,284627
253,1574590598.592888,192.168.1.5,192.168.1.4,4043617048,3313438098,86,0,284541
254,1574590598.594672,192.168.1.5,192.168.1.4,2571364462,1167700594,86,0,284455
255,1574590598.596919,192.168.1.5,192.168.1.4,3777929604,586090524,86,0,284369
256,1574590598.597325,192.168.1.5,192.168.1.4,2571364548,1167700594,24,0,284345
257,1574590598.597661,192.168.1.4,192.168.1.5,1167700594,2571364572,24,1,284369
258,1574590598.599216,192.168.1.5,192.168.1.4,2839852093,1151446573,343,0,284026
259,1574590598.599559,192.168.1.4,192.168.1.5,1151446573,2839852436,99,1,284125
260,1574590598.599896,192.168.1.5,192.168.1.4,2839852436,1151446672,382,0,283743
261,1574590598.600212,192.168.1.5,192.168.1.4,3777929690,586090524,24,0,283719
262,1574590598.601149,192.168.1.5,192.168.1.4,962855235,2443076881,343,0,283376
263,1574590598.601701,192.168.1.5,192.168.1.4,4043617134,3313438098,108,0,283268
264,1574590598.601894,192.168.1.5,192.168.1.4,403519100,2087058873,24,0,283244
265,1574590598.602021,192.168.1.5,192.168.1.4,34032800,1288367924,24,0,283220
266,1574590598.602156,192.168.1.5,192.168.1.4,2018057054,4168639441,24,0,283196
267,1574590598.602536,192.168.1.4,192.168.1.5,586090524,3777929714,24,1,283220
268,1574590598.606607,192.168.1.4,192.168.1.5,2443076881,962855578,99,1,283319
269,1574590598.608091,192.168.1.5,192.168.1.4,962855578,2443076980,382,0,282937
270,1574590598.614702,192.168.1.5,192.168.1.4,4043617242,3313438098,381,0,282556
271,1574590598.614981,192.168.1.5,192.168.1.4,4043617623,3313438098,115,0,282441
272,1574590598.615213,192.168.1.5,192.168.1.4,4043617738,3313438098,110,0,282331
273,1574590598.615382,192.168.1.5,192.168.1.4,4043617848,3313438098,109,0,282222
274,1574590598.61558,192.168.1.5,192.168.1.4,4043617957,3313438098,118,0,282104
275,1574590598.615762,192.168.1.5,192.168.1.4,4043618075,3313438098,107,0,281997
276,1574590598.615935,192.168.1.5,192.168.1.4,4043618182,3313438098,109,0,281888
277,1574590598.61606,192.168.1.5,192.168.1.4,4043618291,3313438098,109,0,281779
278,1574590598.622263,192.168.1.4,192.168.1.5,1151446672,2839852818,2266,1,284045
279,1574590598.623102,192.168.1.5,192.168.1.4,2839852818,1151448938,74,0,283971
280,1574590598.62322,192.168.1.5,192.168.1.4,2839852892,1151448938,241,0,283730
281,1574590598.623284,192.168.1.5,192.168.1.4,2839853133,1151448938,24,0,283706
282,1574590598.625506,192.168.1.4,192.168.1.5,2443076980,962855960,2266,1,285972
283,1574590598.625741,192.168.1.4,192.168.1.5,1151448938,2839853157,79,1,286051
284,1574590598.625805,192.168.1.4,192.168.1.5,1151449017,2839853157,79,1,286130
285,1574590598.62641,192.168.1.4,192.168.1.5,3313438098,4043618400,586,1,286716
286,1574590598.627175,192.168.1.5,192.168.1.4,962855960,2443079246,74,0,286642
287,1574590598.627329,192.168.1.5,192.168.1.4,962856034,2443079246,241,0,286401
288,1574590598.627397,192.168.1.5,192.168.1.4,962856275,2443079246,24,0,286377
289,1574590598.627605,192.168.1.4,192.168.1.5,2443079246,962856299,79,1,286456
290,1574590598.627782,192.168.1.5,192.168.1.4,4043618400,3313438684,53,0,286403
291,1574590598.627842,192.168.1.4,192.168.1.5,2443079325,962856299,79,1,286482
292,1574590598.641754,192.168.1.4,192.168.1.5,3313438684,4043618453,53,1,286535
293,1574590598.682746,192.168.1.4,192.168.1.5,3313438737,4043618453,8688,1,295223
294,1574590598.682964,192.168.1.4,192.168.1.5,3313447425,4043618453,4344,1,299567
295,1574590598.683026,192.168.1.4,192.168.1.5,3313451769,4043618453,8688,1,308255
296,1574590598.683124,192.168.1.4,192.168.1.5,3313460457,4043618453,4344,1,312599
297,1574590598.683131,192.168.1.4,192.168.1.5,3313464801,4043618453,1291,1,313890
298,1574590598.701364,192.168.1.4,192.168.1.5,3313466092,4043618453,16406,1,330296
299,1574590598.70165,192.168.1.4,192.168.1.5,3313482498,4043618453,10136,1,340432
300,1574590598.701892,192.168.1.4,192.168.1.5,3313492634,4043618453,1448,1,341880
301,1574590598.702253,192.168.1.4,192.168.1.5,3313494082,4043618453,4822,1,346702
302,1574590598.702305,192.168.1.4,192.168.1.5,3313498904,4043618453,3334,1,350036
303,1574590598.702543,192.168.1.4,192.168.1.5,3313502238,4043618453,3646,1,353682
304,1574590598.706431,192.168.1.4,192.168.1.5,3313505884,4043618453,9948,1,363630
305,1574590598.711926,192.168.1.4,192.168.1.5,3313515832,4043618453,8530,1,372160
306,1574590598.712247,192.168.1.4,192.168.1.5,3313524362,4043618453,1440,1,373600
307,1574590598.714258,192.168.1.4,192.168.1.5,3313525802,4043618453,5694,1,379294
308,1574590598.722076,192.168.1.5,192.168.1.4,4043618453,3313531496,61,0,379233
309,1574590598.750538,192.168.1.4,192.168.1.5,3313531496,4043618514,2070,1,381303
310,1574590598.753848,192.168.1.4,192.168.1.5,3313533566,4043618514,16406,1,397709
311,1574590598.753958,192.168.1.4,192.168.1.5,3313549972,4043618514,16406,1,414115
312,1574590598.754171,192.168.1.4,192.168.1.5,3313566378,4043618514,13649,1,427764
313,1574590598.813713,192.168.1.4,192.168.1.5,4168639441,2018057078,91,1,427855
314,1574590598.813733,192.168.1.4,192.168.1.5,4168639532,2018057078,24,1,427879
315,1574590598.875617,192.168.1.5,192.168.1.4,4043618514,3313580027,109,0,427770
316,1574590598.911453,192.168.1.4,192.168.1.5,3313580027,4043618623,151,1,427921
317,1574590598.911855,192.168.1.4,192.168.1.5,3313580178,4043618623,1440,1,429361
318,1574590598.912683,192.168.1.4,192.168.1.5,3313581618,4043618623,2858,1,432219
319,1574590598.913731,192.168.1.4,192.168.1.5,3313584476,4043618623,1372,1,433591
320,1574590598.914904,192.168.1.5,192.168.1.4,4043618623,3313585848,61,0,433530
321,1574590598.958048,192.168.1.4,192.168.1.5,2087058873,403519124,91,1,433621
322,1574590598.958078,192.168.1.4,192.168.1.5,2087058964,403519124,24,1,433645
323,1574590599.393393,192.168.1.4,192.168.1.5,1288367924,34032824,91,1,433736
324,1574590599.39438,192.168.1.4,192.168.1.5,1288368015,34032824,24,1,433760
325,1574590599.863436,192.168.1.5,192.168.1.4,3259689940,3797994693,343,0,433417
326,1574590599.864253,192.168.1.4,192.168.1.5,3797994693,3259690283,99,1,433516
327,1574590599.86482,192.168.1.5,192.168.1.4,3259690283,3797994792,382,0,433134
328,1574590599.881606,192.168.1.4,192.168.1.5,3797994792,3259690665,2266,1,435400
329,1574590599.882471,192.168.1.5,192.168.1.4,3259690665,3797997058,74,0,435326
330,1574590599.882583,192.168.1.5,192.168.1.4,3259690739,3797997058,237,0,435089
331,1574590599.882829,192.168.1.4,192.168.1.5,3797997058,3259690976,79,1,435168
332,1574590599.883452,192.168.1.4,192.168.1.5,3797997137,3259690976,79,1,435247
333,1574590600.003641,192.168.1.4,192.168.1.5,73705948,788941437,91,1,435338
334,1574590600.004084,192.168.1.5,192.168.1.4,788941437,73706039,539,0,434799
335,1574590600.045687,192.168.1.4,192.168.1.5,73706039,788941976,2070,1,436869
336,1574590600.08634,192.168.1.4,192.168.1.5,73708109,788941976,1249,1,438118
337,1574590600.090531,192.168.1.5,192.168.1.4,788941976,73709358,86,0,438032
338,1574590600.090903,192.168.1.5,192.168.1.4,788942062,73709358,108,0,437924
339,1574590600.09134,192.168.1.5,192.168.1.4,788942170,73709358,259,0,437665
340,1574590600.130604,192.168.1.4,192.168.1.5,73709358,788942429,617,1,438282
341,1574590600.131102,192.168.1.5,192.168.1.4,788942429,73709975,53,0,438229
342,1574590600.134129,192.168.1.4,192.168.1.5,73709975,788942482,2070,1,440299
343,1574590600.17462,192.168.1.4,192.168.1.5,73712045,788942482,14480,1,454779
344,1574590600.175098,192.168.1.4,192.168.1.5,73726525,788942482,9204,1,463983
345,1574590600.187911,192.168.1.5,192.168.1.4,788942482,73735729,61,0,463922
346,1574590600.210739,192.168.1.5,192.168.1.4,2138663543,2291884051,343,0,463579
347,1574590600.211037,192.168.1.4,192.168.1.5,2291884051,2138663886,99,1,463678
348,1574590600.211507,192.168.1.5,192.168.1.4,2138663886,2291884150,382,0,463296
349,1574590600.22203,192.168.1.4,192.168.1.5,2291884150,2138664268,2266,1,465562
350,1574590600.223049,192.168.1.5,192.168.1.4,2138664268,2291886416,74,0,465488
351,1574590600.223152,192.168.1.5,192.168.1.4,2138664342,2291886416,255,0,465233
352,1574590600.223403,192.168.1.4,192.168.1.5,2291886416,2138664597,79,1,465312
353,1574590600.226604,192.168.1.4,192.168.1.5,2291886495,2138664597,79,1,465391
354,1574590600.237382,192.168.1.5,192.168.1.4,2888133342,2907267905,343,0,465048
355,1574590600.237846,192.168.1.4,192.168.1.5,2907267905,2888133685,99,1,465147
356,1574590600.251108,192.168.1.5,192.168.1.4,2888133685,2907268004,382,0,464765
357,1574590600.260854,192.168.1.4,192.168.1.5,2907268004,2888134067,2266,1,467031
358,1574590600.26182,192.168.1.5,192.168.1.4,2888134067,2907270270,74,0,466957
359,1574590600.26193,192.168.1.5,192.168.1.4,2888134141,2907270270,251,0,466706
360,1574590600.262192,192.168.1.4,192.168.1.5,2907270270,2888134141,79,1,466785
361,1574590600.262267,192.168.1.4,192.168.1.5,2907270349,2888134392,79,1,466864
