index,time,src_ip,dst_ip,tcp_seq,tcp_ack,tcp_len,direction,cumul_sum
1,1574590617.309342,192.168.1.4,192.168.1.5,507442975,3765261616,91,1,91
2,1574590617.309571,192.168.1.4,192.168.1.5,507443066,3765261616,24,1,115
3,1574590620.064157,192.168.1.5,192.168.1.4,2955477517,3085834548,343,0,-228
4,1574590620.064989,192.168.1.4,192.168.1.5,3085834548,2955477860,99,1,-129
5,1574590620.065702,192.168.1.5,192.168.1.4,2955477860,3085834647,382,0,-511
6,1574590620.077467,192.168.1.4,192.168.1.5,3085834647,2955478242,2266,1,1755
7,1574590620.07845,192.168.1.5,192.168.1.4,2955478242,3085836913,74,0,1681
8,1574590620.078591,192.168.1.5,192.168.1.4,2955478316,3085836913,245,0,1436
9,1574590620.078845,192.168.1.4,192.168.1.5,3085836913,2955478316,79,1,1515
10,1574590620.078969,192.168.1.4,192.168.1.5,3085836992,2955478561,79,1,1594
11,1574590620.223092,192.168.1.5,192.168.1.4,907146522,2985821149,343,0,1251
12,1574590620.223493,192.168.1.4,192.168.1.5,2985821149,907146865,99,1,1350
13,1574590620.223786,192.168.1.5,192.168.1.4,907146865,2985821248,382,0,968
14,1574590620.225823,192.168.1.5,192.168.1.4,392404001,4005875120,343,0,625
15,1574590620.230614,192.168.1.4,192.168.1.5,4005875120,392404344,99,1,724
16,1574590620.230905,192.168.1.5,192.168.1.4,392404344,4005875219,382,0,342
17,1574590620.237607,192.168.1.4,192.168.1.5,2985821248,907147247,2266,1,2608
18,1574590620.23849,192.168.1.5,192.168.1.4,907147247,2985823514,74,0,2534
19,1574590620.238636,192.168.1.5,192.168.1.4,907147321,2985823514,235,0,2299
20,1574590620.244363,192.168.1.4,192.168.1.5,4005875219,392404726,2266,1,4565
21,1574590620.244508,192.168.1.4,192.168.1.5,2985823514,907147556,79,1,4644
22,1574590620.244624,192.168.1.4,192.168.1.5,2985823593,907147556,79,1,4723
23,1574590620.245463,192.168.1.5,192.168.1.4,392404726,4005877485,74,0,4649
24,1574590620.24575,192.168.1.4,192.168.1.5,4005877485,392404800,79,1,4728
25,1574590620.245809,192.168.1.4,192.168.1.5,4005877564,392404800,79,1,4807
26,1574590620.24625,192.168.1.5,192.168.1.4,392404800,4005877643,235,0,4572
27,1574590620.796064,192.168.1.4,192.168.1.5,3085837071,2955478561,91,1,4663
28,1574590620.796872,192.168.1.5,192.168.1.4,2955478561,3085837162,539,0,4124
29,1574590620.915807,192.168.1.4,192.168.1.5,2985823672,907147556,91,1,4215
30,1574590620.915846,192.168.1.4,192.168.1.5,4005877643,392405035,91,1,4306
31,1574590620.916603,192.168.1.5,192.168.1.4,907147556,2985823763,539,0,3767
32,1574590620.917185,192.168.1.5,192.168.1.4,392405035,4005877734,539,0,3228
33,1574590621.061219,192.168.1.4,192.168.1.5,3085837162,2955479100,2070,1,5298
34,1574590621.088744,192.168.1.4,192.168.1.5,4005877734,392405574,2070,1,7368
35,1574590621.088882,192.168.1.4,192.168.1.5,2985823763,907148095,2070,1,9438
36,1574590621.102428,192.168.1.4,192.168.1.5,3085839232,2955479100,1018,1,10456
37,1574590621.113082,192.168.1.5,192.168.1.4,2955479100,3085840250,86,0,10370
38,1574590621.117705,192.168.1.5,192.168.1.4,2955479186,3085840250,108,0,10262
39,1574590621.118371,192.168.1.5,192.168.1.4,2955479294,3085840250,321,0,9941
40,1574590621.118545,192.168.1.5,192.168.1.4,2955479615,3085840250,54,0,9887
41,1574590621.130359,192.168.1.4,192.168.1.5,2985825833,907148095,599,1,10486
42,1574590621.13038,192.168.1.4,192.168.1.5,4005879804,392405574,599,1,11085
43,1574590621.133156,192.168.1.5,192.168.1.4,907148095,2985826432,86,0,10999
44,1574590621.134523,192.168.1.5,192.168.1.4,392405574,4005880403,86,0,10913
45,1574590621.134907,192.168.1.5,192.168.1.4,392405660,4005880403,24,0,10889
46,1574590621.135265,192.168.1.5,192.168.1.4,907148181,2985826432,108,0,10781
47,1574590621.135319,192.168.1.4,192.168.1.5,4005880403,392405684,24,1,10805
48,1574590621.138548,192.168.1.5,192.168.1.4,907148289,2985826432,381,0,10424
49,1574590621.148526,192.168.1.4,192.168.1.5,3085840250,2955479669,586,1,11010
50,1574590621.149322,192.168.1.5,192.168.1.4,2955479669,3085840836,53,0,10957
51,1574590621.158002,192.168.1.4,192.168.1.5,3085840836,2955479722,53,1,11010
52,1574590621.171206,192.168.1.4,192.168.1.5,2985826432,907148670,617,1,11627
53,1574590621.171783,192.168.1.5,192.168.1.4,907148670,2985827049,53,0,11574
54,1574590621.187983,192.168.1.4,192.168.1.5,2985827049,907148723,2070,1,13644
55,1574590621.198184,192.168.1.4,192.168.1.5,3085840889,2955479722,1428,1,15072
56,1574590621.20023,192.168.1.5,192.168.1.4,2955479722,3085842317,61,0,15011
57,1574590621.23037,192.168.1.4,192.168.1.5,2985829119,907148723,14323,1,29334
58,1574590621.231419,192.168.1.5,192.168.1.4,907148723,2985843442,61,0,29273
59,1574590621.260717,192.168.1.5,192.168.1.4,3863679331,2463559229,343,0,28930
60,1574590621.26113,192.168.1.4,192.168.1.5,2463559229,3863679674,99,1,29029
61,1574590621.261746,192.168.1.5,192.168.1.4,3863679674,2463559328,382,0,28647
62,1574590621.263981,192.168.1.5,192.168.1.4,3973912549,1433191456,343,0,28304
63,1574590621.265681,192.168.1.5,192.168.1.4,907148784,2985843442,149,0,28155
64,1574590621.266783,192.168.1.4,192.168.1.5,1433191456,3973912892,99,1,28254
65,1574590621.267075,192.168.1.5,192.168.1.4,3973912892,1433191555,382,0,27872
66,1574590621.269512,192.168.1.5,192.168.1.4,907148933,2985843442,121,0,27751
67,1574590621.271579,192.168.1.5,192.168.1.4,1676924813,930033777,343,0,27408
68,1574590621.274296,192.168.1.5,192.168.1.4,1631259315,566810206,343,0,27065
69,1574590621.277198,192.168.1.5,192.168.1.4,1860247015,1152315422,343,0,26722
70,1574590621.277784,192.168.1.4,192.168.1.5,930033777,1676925156,99,1,26821
71,1574590621.278032,192.168.1.5,192.168.1.4,1676925156,930033876,382,0,26439
72,1574590621.279948,192.168.1.5,192.168.1.4,3761194165,1948778122,343,0,26096
73,1574590621.28213,192.168.1.5,192.168.1.4,907149054,2985843442,117,0,25979
74,1574590621.282232,192.168.1.4,192.168.1.5,1152315422,1860247358,99,1,26078
75,1574590621.282521,192.168.1.5,192.168.1.4,1860247358,1152315521,382,0,25696
76,1574590621.283101,192.168.1.4,192.168.1.5,566810206,1631259658,99,1,25795
77,1574590621.283337,192.168.1.5,192.168.1.4,1631259658,566810305,382,0,25413
78,1574590621.295195,192.168.1.4,192.168.1.5,566810305,1631260040,2266,1,27679
79,1574590621.29624,192.168.1.5,192.168.1.4,1631260040,566812571,74,0,27605
80,1574590621.296381,192.168.1.4,192.168.1.5,1948778122,3761194508,99,1,27704
81,1574590621.296492,192.168.1.5,192.168.1.4,1631260114,566812571,245,0,27459
82,1574590621.296729,192.168.1.5,192.168.1.4,3761194508,1948778221,382,0,27077
83,1574590621.304445,192.168.1.4,192.168.1.5,930033876,1676925538,2266,1,29343
84,1574590621.305096,192.168.1.4,192.168.1.5,2985843442,907149171,1563,1,30906
85,1574590621.30583,192.168.1.5,192.168.1.4,1676925538,930036142,74,0,30832
86,1574590621.305977,192.168.1.5,192.168.1.4,1676925612,930036142,245,0,30587
87,1574590621.308473,192.168.1.4,192.168.1.5,2463559328,3863680056,2266,1,32853
88,1574590621.309669,192.168.1.5,192.168.1.4,3863680056,2463561594,74,0,32779
89,1574590621.30975,192.168.1.5,192.168.1.4,1631260114,566812571,245,0,32534
90,1574590621.30988,192.168.1.5,192.168.1.4,3863680130,2463561594,247,0,32287
91,1574590621.310244,192.168.1.4,192.168.1.5,2463561594,3863680377,79,1,32366
92,1574590621.310317,192.168.1.4,192.168.1.5,2463561673,3863680377,79,1,32445
93,1574590621.31999,192.168.1.4,192.168.1.5,1433191555,3973913274,2266,1,34711
94,1574590621.320854,192.168.1.5,192.168.1.4,3973913274,1433193821,74,0,34637
95,1574590621.320988,192.168.1.5,192.168.1.4,1676925612,930036142,245,0,34392
96,1574590621.321073,192.168.1.5,192.168.1.4,3973913348,1433193821,247,0,34145
97,1574590621.32347,192.168.1.4,192.168.1.5,1433193821,3973913595,79,1,34224
98,1574590621.323532,192.168.1.4,192.168.1.5,1433193900,3973913595,79,1,34303
99,1574590621.328444,192.168.1.4,192.168.1.5,930036142,1676925857,79,1,34382
100,1574590621.329354,192.168.1.4,192.168.1.5,930036221,1676925857,79,1,34461
101,1574590621.329487,192.168.1.4,192.168.1.5,1152315521,1860247740,2266,1,36727
102,1574590621.329788,192.168.1.4,192.168.1.5,566812571,1631260359,79,1,36806
103,1574590621.329859,192.168.1.4,192.168.1.5,566812650,1631260359,79,1,36885
104,1574590621.330545,192.168.1.5,192.168.1.4,1860247740,1152317787,74,0,36811
105,1574590621.33066,192.168.1.5,192.168.1.4,1860247814,1152317787,245,0,36566
106,1574590621.335773,192.168.1.4,192.168.1.5,1948778221,3761194890,2266,1,38832
107,1574590621.335893,192.168.1.4,192.168.1.5,1152317787,1860248059,79,1,38911
108,1574590621.335966,192.168.1.4,192.168.1.5,1152317866,1860248059,79,1,38990
109,1574590621.337734,192.168.1.5,192.168.1.4,3761194890,1948780487,74,0,38916
110,1574590621.337833,192.168.1.5,192.168.1.4,3761194964,1948780487,237,0,38679
111,1574590621.338466,192.168.1.4,192.168.1.5,1948780487,3761195201,79,1,38758
112,1574590621.33851,192.168.1.4,192.168.1.5,1948780566,3761195201,79,1,38837
113,1574590621.341899,192.168.1.4,192.168.1.5,2985845005,907149171,16406,1,55243
114,1574590621.341971,192.168.1.4,192.168.1.5,2985861411,907149171,11584,1,66827
115,1574590621.342191,192.168.1.4,192.168.1.5,2985872995,907149171,6580,1,73407
116,1574590621.352899,192.168.1.5,192.168.1.4,907149171,2985879575,61,0,73346
117,1574590621.353433,192.168.1.4,192.168.1.5,2985879575,907149232,16406,1,89752
118,1574590621.353495,192.168.1.4,192.168.1.5,2985895981,907149232,5854,1,95606
119,1574590621.376612,192.168.1.4,192.168.1.5,2985901835,907149232,16406,1,112012
120,1574590621.376702,192.168.1.4,192.168.1.5,2985918241,907149232,16406,1,128418
121,1574590621.37672,192.168.1.4,192.168.1.5,2985934647,907149232,1286,1,129704
122,1574590621.39317,192.168.1.4,192.168.1.5,2985935933,907149232,16406,1,146110
123,1574590621.393269,192.168.1.4,192.168.1.5,2985952339,907149232,16406,1,162516
124,1574590621.393299,192.168.1.4,192.168.1.5,2985968745,907149232,498,1,163014
125,1574590621.434263,192.168.1.4,192.168.1.5,2985969243,907149232,9077,1,172091
126,1574590623.98895,192.168.1.4,192.168.1.5,1948780645,3761195201,91,1,172182
127,1574590623.988987,192.168.1.4,192.168.1.5,566812729,1631260359,91,1,172273
128,1574590623.989357,192.168.1.4,192.168.1.5,1433193979,3973913595,91,1,172364
129,1574590623.989454,192.168.1.4,192.168.1.5,2463561752,3863680377,91,1,172455
130,1574590623.989987,192.168.1.5,192.168.1.4,1631260359,566812820,539,0,171916
131,1574590623.990089,192.168.1.5,192.168.1.4,3761195201,1948780736,539,0,171377
132,1574590623.990558,192.168.1.5,192.168.1.4,3973913595,1433194070,539,0,170838
133,1574590623.990652,192.168.1.5,192.168.1.4,3863680377,2463561843,539,0,170299
134,1574590624.039263,192.168.1.4,192.168.1.5,1948780736,3761195740,2070,1,172369
135,1574590624.039348,192.168.1.4,192.168.1.5,1433194070,3973914134,2070,1,174439
136,1574590624.039443,192.168.1.4,192.168.1.5,2463561843,3863680916,2070,1,176509
137,1574590624.039531,192.168.1.4,192.168.1.5,566812820,1631260898,2070,1,178579
138,1574590624.082542,192.168.1.4,192.168.1.5,2463563913,3863680916,1889,1,180468
139,1574590624.082595,192.168.1.4,192.168.1.5,1433196140,3973914134,1890,1,182358
140,1574590624.082617,192.168.1.4,192.168.1.5,566814890,1631260898,1889,1,184247
141,1574590624.082635,192.168.1.4,192.168.1.5,1948782806,3761195740,1755,1,186002
142,1574590624.091591,192.168.1.5,192.168.1.4,3863680916,2463565802,86,0,185916
143,1574590624.09987,192.168.1.4,192.168.1.5,930036300,1676925857,91,1,186007
144,1574590624.099893,192.168.1.4,192.168.1.5,1152317945,1860248059,91,1,186098
145,1574590624.101213,192.168.1.5,192.168.1.4,3973914134,1433198030,86,0,186012
146,1574590624.102514,192.168.1.5,192.168.1.4,1631260898,566816779,86,0,185926
147,1574590624.103842,192.168.1.5,192.168.1.4,1676925857,930036391,539,0,185387
148,1574590624.110856,192.168.1.5,192.168.1.4,1860248059,1152318036,539,0,184848
149,1574590624.112166,192.168.1.5,192.168.1.4,3761195740,1948784561,86,0,184762
150,1574590624.112787,192.168.1.5,192.168.1.4,3973914220,1433198030,24,0,184738
151,1574590624.113313,192.168.1.4,192.168.1.5,1433198030,3973914244,24,1,184762
152,1574590624.115368,192.168.1.5,192.168.1.4,3863681002,2463565802,108,0,184654
153,1574590624.117591,192.168.1.5,192.168.1.4,1631260984,566816779,108,0,184546
154,1574590624.117904,192.168.1.5,192.168.1.4,1676926396,930036391,24,0,184522
155,1574590624.118104,192.168.1.5,192.168.1.4,1860248598,1152318036,24,0,184498
156,1574590624.118544,192.168.1.4,192.168.1.5,930036391,1676926420,24,1,184522
157,1574590624.119493,192.168.1.4,192.168.1.5,1152318036,1860248622,24,1,184546
158,1574590624.131285,192.168.1.5,192.168.1.4,3761195826,1948784561,108,0,184438
159,1574590624.132687,192.168.1.5,192.168.1.4,3863681110,2463565802,268,0,184170
160,1574590624.132848,192.168.1.5,192.168.1.4,3863681378,2463565802,138,0,184032
161,1574590624.134927,192.168.1.5,192.168.1.4,1631261092,566816779,266,0,183766
162,1574590624.135085,192.168.1.5,192.168.1.4,1631261358,566816779,108,0,183658
163,1574590624.135267,192.168.1.5,192.168.1.4,1631261466,566816779,110,0,183548
164,1574590624.135478,192.168.1.5,192.168.1.4,3761195934,1948784561,266,0,183282
165,1574590624.139598,192.168.1.4,192.168.1.5,2463565802,3863681516,586,1,183868
166,1574590624.139612,192.168.1.4,192.168.1.5,566816779,1631261576,586,1,184454
167,1574590624.139985,192.168.1.5,192.168.1.4,3863681516,2463566388,53,0,184401
168,1574590624.140125,192.168.1.5,192.168.1.4,1631261576,566817365,53,0,184348
169,1574590624.147363,192.168.1.4,192.168.1.5,1948784561,3761196200,586,1,184934
170,1574590624.147712,192.168.1.5,192.168.1.4,3761196200,1948785147,53,0,184881
171,1574590624.158032,192.168.1.4,192.168.1.5,2463566388,3863681569,53,1,184934
172,1574590624.15911,192.168.1.4,192.168.1.5,566817365,1631261629,53,1,184987
173,1574590624.167504,192.168.1.4,192.168.1.5,1948785147,3761196253,53,1,185040
174,1574590624.19899,192.168.1.4,192.168.1.5,2463566441,3863681569,2034,1,187074
175,1574590624.20239,192.168.1.4,192.168.1.5,566817418,1631261629,13032,1,200106
176,1574590624.202606,192.168.1.4,192.168.1.5,566830450,1631261629,13896,1,214002
177,1574590624.204131,192.168.1.4,192.168.1.5,566844346,1631261629,2070,1,216072
178,1574590624.204169,192.168.1.4,192.168.1.5,566846416,1631261629,2070,1,218142
179,1574590624.204339,192.168.1.4,192.168.1.5,566848486,1631261629,1598,1,219740
180,1574590624.20732,192.168.1.4,192.168.1.5,566850084,1631261629,2070,1,221810
181,1574590624.207513,192.168.1.4,192.168.1.5,566852154,1631261629,2070,1,223880
182,1574590624.210238,192.168.1.4,192.168.1.5,1948785200,3761196253,6448,1,230328
183,1574590624.221446,192.168.1.5,192.168.1.4,3863681569,2463568475,61,0,230267
184,1574590624.231341,192.168.1.4,192.168.1.5,566854224,1631261629,13032,1,243299
185,1574590624.231488,192.168.1.4,192.168.1.5,566867256,1631261629,3374,1,246673
186,1574590624.231705,192.168.1.4,192.168.1.5,566870630,1631261629,16406,1,263079
187,1574590624.231922,192.168.1.4,192.168.1.5,566887036,1631261629,26,1,263105
188,1574590624.23204,192.168.1.4,192.168.1.5,566887062,1631261629,2070,1,265175
189,1574590624.232244,192.168.1.4,192.168.1.5,566889132,1631261629,890,1,266065
190,1574590624.248764,192.168.1.5,192.168.1.4,614771164,4120885217,343,0,265722
191,1574590624.249246,192.168.1.4,192.168.1.5,4120885217,614771507,99,1,265821
192,1574590624.249684,192.168.1.5,192.168.1.4,614771507,4120885316,382,0,265439
193,1574590624.250752,192.168.1.5,192.168.1.4,1631261629,566890022,61,0,265378
194,1574590624.261329,192.168.1.5,192.168.1.4,3761196253,1948791648,61,0,265317
195,1574590624.264228,192.168.1.5,192.168.1.4,183322477,3831991523,343,0,264974
196,1574590624.265484,192.168.1.4,192.168.1.5,4120885316,614771889,2266,1,267240
197,1574590624.266534,192.168.1.4,192.168.1.5,3831991523,183322820,99,1,267339
198,1574590624.266866,192.168.1.5,192.168.1.4,614771889,4120887582,74,0,267265
199,1574590624.26704,192.168.1.5,192.168.1.4,614771963,4120887582,241,0,267024
200,1574590624.267314,192.168.1.4,192.168.1.5,4120887582,614772204,79,1,267103
201,1574590624.2674,192.168.1.4,192.168.1.5,4120887661,614772204,79,1,267182
202,1574590624.26791,192.168.1.5,192.168.1.4,183322820,3831991622,382,0,266800
203,1574590624.284578,192.168.1.4,192.168.1.5,3831991622,183323202,2266,1,269066
204,1574590624.285515,192.168.1.5,192.168.1.4,183323202,3831993888,74,0,268992
205,1574590624.2857,192.168.1.5,192.168.1.4,183323276,3831993888,255,0,268737
206,1574590624.285965,192.168.1.4,192.168.1.5,3831993888,183323531,79,1,268816
207,1574590624.286133,192.168.1.4,192.168.1.5,3831993967,183323531,79,1,268895
208,1574590624.832866,192.168.1.5,192.168.1.4,2845527385,2833467747,343,0,268552
209,1574590624.833458,192.168.1.4,192.168.1.5,2833467747,2845527728,99,1,268651
210,1574590624.833794,192.168.1.5,192.168.1.4,2845527728,2833467846,382,0,268269
211,1574590624.837121,192.168.1.5,192.168.1.4,266966430,3237139836,343,0,267926
212,1574590624.847698,192.168.1.5,192.168.1.4,3247107549,3160907558,343,0,267583
213,1574590624.847881,192.168.1.4,192.168.1.5,3237139836,266966773,99,1,267682
214,1574590624.848537,192.168.1.4,192.168.1.5,3160907558,3247107892,99,1,267781
215,1574590624.848791,192.168.1.5,192.168.1.4,266966773,3237139935,382,0,267399
216,1574590624.849105,192.168.1.5,192.168.1.4,3247107892,3160907657,382,0,267017
217,1574590624.861882,192.168.1.5,192.168.1.4,3568108458,3254297196,343,0,266674
218,1574590624.86331,192.168.1.4,192.168.1.5,2833467846,2845528110,2266,1,268940
219,1574590624.864146,192.168.1.4,192.168.1.5,3254297196,3568108801,99,1,269039
220,1574590624.864673,192.168.1.5,192.168.1.4,2845528110,2833470112,74,0,268965
221,1574590624.864829,192.168.1.5,192.168.1.4,2845528184,2833470112,241,0,268724
222,1574590624.865082,192.168.1.4,192.168.1.5,2833470112,2845528425,79,1,268803
223,1574590624.865635,192.168.1.5,192.168.1.4,3568108801,3254297295,382,0,268421
224,1574590624.865724,192.168.1.4,192.168.1.5,2833470191,2845528425,79,1,268500
225,1574590624.868284,192.168.1.5,192.168.1.4,4123290160,3501473797,343,0,268157
226,1574590624.894772,192.168.1.4,192.168.1.5,3160907657,3247108274,2266,1,270423
227,1574590624.896191,192.168.1.5,192.168.1.4,3247108274,3160909923,74,0,270349
228,1574590624.896326,192.168.1.4,192.168.1.5,3501473797,4123290503,99,1,270448
229,1574590624.896418,192.168.1.5,192.168.1.4,3247108348,3160909923,241,0,270207
230,1574590624.896695,192.168.1.4,192.168.1.5,3237139935,266967155,2266,1,272473
231,1574590624.897124,192.168.1.4,192.168.1.5,3160909923,3247108589,79,1,272552
232,1574590624.89727,192.168.1.4,192.168.1.5,3160910002,3247108589,79,1,272631
233,1574590624.898506,192.168.1.5,192.168.1.4,266967155,3237142201,74,0,272557
234,1574590624.898747,192.168.1.5,192.168.1.4,266967229,3237142201,241,0,272316
235,1574590624.899004,192.168.1.4,192.168.1.5,3237142201,266967470,79,1,272395
236,1574590624.899148,192.168.1.4,192.168.1.5,3237142280,266967470,79,1,272474
237,1574590624.899685,192.168.1.5,192.168.1.4,4123290503,3501473896,382,0,272092
238,1574590624.909966,192.168.1.4,192.168.1.5,3254297295,3568109183,2266,1,274358
239,1574590624.910795,192.168.1.5,192.168.1.4,3568109183,3254299561,74,0,274284
240,1574590624.910945,192.168.1.5,192.168.1.4,3568109257,3254299561,241,0,274043
241,1574590624.911142,192.168.1.4,192.168.1.5,3254299561,3568109498,79,1,274122
242,1574590624.91123,192.168.1.4,192.168.1.5,3254299640,3568109498,79,1,274201
243,1574590624.916126,192.168.1.4,192.168.1.5,3501473896,4123290885,2266,1,276467
244,1574590624.917067,192.168.1.5,192.168.1.4,4123290885,3501476162,74,0,276393
245,1574590624.917331,192.168.1.4,192.168.1.5,3501476162,4123290959,79,1,276472
246,1574590624.917397,192.168.1.4,192.168.1.5,3501476241,4123290959,79,1,276551
247,1574590624.917748,192.168.1.5,192.168.1.4,4123290959,3501476320,241,0,276310
248,1574590627.404956,192.168.1.4,192.168.1.5,2833470270,2845528425,91,1,276401
249,1574590627.404983,192.168.1.4,192.168.1.5,3501476320,4123291200,91,1,276492
250,1574590627.405137,192.168.1.4,192.168.1.5,3831994046,183323531,91,1,276583
251,1574590627.405561,192.168.1.4,192.168.1.5,3254299719,3568109498,91,1,276674
252,1574590627.405769,192.168.1.4,192.168.1.5,4120887740,614772204,91,1,276765
253,1574590627.406027,192.168.1.5,192.168.1.4,183323531,3831994137,539,0,276226
254,1574590627.406114,192.168.1.5,192.168.1.4,2845528425,2833470361,539,0,275687
255,1574590627.406222,192.168.1.5,192.168.1.4,4123291200,3501476411,539,0,275148
256,1574590627.406558,192.168.1.5,192.168.1.4,614772204,4120887831,539,0,274609
257,1574590627.406882,192.168.1.5,192.168.1.4,3568109498,3254299810,539,0,274070
258,1574590627.458768,192.168.1.4,192.168.1.5,3501476411,4123291739,2070,1,276140
259,1574590627.458923,192.168.1.4,192.168.1.5,3831994137,183324070,2070,1,278210
260,1574590627.459188,192.168.1.4,192.168.1.5,2833470361,2845528964,2070,1,280280
261,1574590627.459322,192.168.1.4,192.168.1.5,3254299810,3568110037,2070,1,282350
262,1574590627.459453,192.168.1.4,192.168.1.5,4120887831,614772743,2070,1,284420
263,1574590627.502329,192.168.1.4,192.168.1.5,3254301880,3568110037,1756,1,286176
264,1574590627.502374,192.168.1.4,192.168.1.5,4120889901,614772743,1757,1,287933
265,1574590627.502525,192.168.1.4,192.168.1.5,2833472431,2845528964,1757,1,289690
266,1574590627.502601,192.168.1.4,192.168.1.5,3831996207,183324070,1249,1,290939
267,1574590627.502708,192.168.1.4,192.168.1.5,3501478481,4123291739,1756,1,292695
268,1574590627.506986,192.168.1.5,192.168.1.4,614772743,4120891658,86,0,292609
269,1574590627.509517,192.168.1.5,192.168.1.4,2845528964,2833474188,86,0,292523
270,1574590627.510825,192.168.1.5,192.168.1.4,3568110037,3254303636,86,0,292437
271,1574590627.51612,192.168.1.5,192.168.1.4,4123291739,3501480237,86,0,292351
272,1574590627.516419,192.168.1.4,192.168.1.5,3237142359,266967470,91,1,292442
273,1574590627.516607,192.168.1.4,192.168.1.5,3160910081,3247108589,91,1,292533
274,1574590627.517592,192.168.1.5,192.168.1.4,183324070,3831997456,86,0,292447
275,1574590627.518062,192.168.1.5,192.168.1.4,266967470,3237142450,539,0,291908
276,1574590627.518399,192.168.1.5,192.168.1.4,3247108589,3160910172,539,0,291369
277,1574590627.518649,192.168.1.5,192.168.1.4,2845529050,2833474188,24,0,291345
278,1574590627.519054,192.168.1.4,192.168.1.5,2833474188,2845529074,24,1,291369
279,1574590627.52102,192.168.1.5,192.168.1.4,2248614054,3105913540,343,0,291026
280,1574590627.521638,192.168.1.4,192.168.1.5,3105913540,2248614397,99,1,291125
281,1574590627.521917,192.168.1.5,192.168.1.4,2248614397,3105913639,382,0,290743
282,1574590627.522268,192.168.1.5,192.168.1.4,3568110123,3254303636,24,0,290719
283,1574590627.52344,192.168.1.5,192.168.1.4,3231477792,2609615448,343,0,290376
284,1574590627.524112,192.168.1.5,192.168.1.4,4123291825,3501480237,24,0,290352
285,1574590627.524463,192.168.1.5,192.168.1.4,614772829,4120891658,108,0,290244
286,1574590627.524694,192.168.1.5,192.168.1.4,266968009,3237142450,24,0,290220
287,1574590627.524883,192.168.1.5,192.168.1.4,3247109128,3160910172,24,0,290196
288,1574590627.525404,192.168.1.4,192.168.1.5,3254303636,3568110147,24,1,290220
289,1574590627.525598,192.168.1.4,192.168.1.5,3501480237,4123291849,24,1,290244
290,1574590627.526323,192.168.1.4,192.168.1.5,3160910172,3247109152,24,1,290268
291,1574590627.526546,192.168.1.4,192.168.1.5,3237142450,266968033,24,1,290292
292,1574590627.528905,192.168.1.4,192.168.1.5,2609615448,3231478135,99,1,290391
293,1574590627.529278,192.168.1.5,192.168.1.4,3231478135,2609615547,382,0,290009
294,1574590627.534495,192.168.1.5,192.168.1.4,183324156,3831997456,108,0,289901
295,1574590627.539564,192.168.1.5,192.168.1.4,614772937,4120891658,381,0,289520
296,1574590627.539923,192.168.1.5,192.168.1.4,614773318,4120891658,115,0,289405
297,1574590627.540095,192.168.1.5,192.168.1.4,614773433,4120891658,110,0,289295
298,1574590627.540343,192.168.1.5,192.168.1.4,614773543,4120891658,118,0,289177
299,1574590627.540586,192.168.1.5,192.168.1.4,614773661,4120891658,109,0,289068
300,1574590627.54077,192.168.1.5,192.168.1.4,614773770,4120891658,107,0,288961
301,1574590627.541069,192.168.1.5,192.168.1.4,614773877,4120891658,109,0,288852
302,1574590627.541217,192.168.1.5,192.168.1.4,614773986,4120891658,109,0,288743
303,1574590627.541495,192.168.1.5,192.168.1.4,183324264,3831997456,259,0,288484
304,1574590627.546334,192.168.1.4,192.168.1.5,4120891658,614774095,586,1,289070
305,1574590627.546776,192.168.1.5,192.168.1.4,614774095,4120892244,53,0,289017
306,1574590627.551465,192.168.1.4,192.168.1.5,3105913639,2248614779,2266,1,291283
307,1574590627.552841,192.168.1.5,192.168.1.4,2248614779,3105915905,74,0,291209
308,1574590627.553047,192.168.1.5,192.168.1.4,2248614853,3105915905,241,0,290968
309,1574590627.553437,192.168.1.5,192.168.1.4,2248615094,3105915905,24,0,290944
310,1574590627.554391,192.168.1.4,192.168.1.5,3831997456,183324523,586,1,291530
311,1574590627.554693,192.168.1.5,192.168.1.4,183324523,3831998042,53,0,291477
312,1574590627.55834,192.168.1.4,192.168.1.5,3105915905,2248615118,79,1,291556
313,1574590627.55837,192.168.1.4,192.168.1.5,3105915984,2248615118,79,1,291635
314,1574590627.559663,192.168.1.4,192.168.1.5,4120892244,614774148,53,1,291688
315,1574590627.561429,192.168.1.4,192.168.1.5,2609615547,3231478517,2266,1,293954
316,1574590627.562384,192.168.1.5,192.168.1.4,3231478517,2609617813,74,0,293880
317,1574590627.562522,192.168.1.5,192.168.1.4,3231478591,2609617813,241,0,293639
318,1574590627.562595,192.168.1.5,192.168.1.4,3231478832,2609617813,24,0,293615
319,1574590627.56284,192.168.1.4,192.168.1.5,2609617813,3231478856,79,1,293694
320,1574590627.562926,192.168.1.4,192.168.1.5,2609617892,3231478856,79,1,293773
321,1574590627.5683,192.168.1.4,192.168.1.5,3831998042,183324576,53,1,293826
322,1574590627.602376,192.168.1.4,192.168.1.5,4120892297,614774148,13032,1,306858
323,1574590627.602544,192.168.1.4,192.168.1.5,4120905329,614774148,8651,1,315509
324,1574590627.610365,192.168.1.4,192.168.1.5,3831998095,183324576,13032,1,328541
325,1574590627.610718,192.168.1.4,192.168.1.5,3832011127,183324576,7240,1,335781
326,1574590627.610832,192.168.1.4,192.168.1.5,3832018367,183324576,1482,1,337263
327,1574590627.621047,192.168.1.4,192.168.1.5,3832019849,183324576,4000,1,341263
328,1574590627.625253,192.168.1.5,192.168.1.4,183324576,3832023849,61,0,341202
329,1574590627.63361,192.168.1.4,192.168.1.5,4120913980,614774148,16406,1,357608
330,1574590627.633756,192.168.1.4,192.168.1.5,4120930386,614774148,13032,1,370640
331,1574590627.633827,192.168.1.4,192.168.1.5,4120943418,614774148,3374,1,374014
332,1574590627.633833,192.168.1.4,192.168.1.5,4120946792,614774148,1286,1,375300
333,1574590627.636425,192.168.1.4,192.168.1.5,4120948078,614774148,2858,1,378158
334,1574590627.641999,192.168.1.5,192.168.1.4,614774148,4120950936,61,0,378097
335,1574590627.64773,192.168.1.4,192.168.1.5,4120950936,614774209,2070,1,380167
336,1574590627.660175,192.168.1.4,192.168.1.5,4120953006,614774209,16406,1,396573
337,1574590627.660292,192.168.1.4,192.168.1.5,4120969412,614774209,16406,1,412979
338,1574590627.660335,192.168.1.4,192.168.1.5,4120985818,614774209,656,1,413635
339,1574590627.685991,192.168.1.4,192.168.1.5,4120986474,614774209,16406,1,430041
340,1574590627.68613,192.168.1.4,192.168.1.5,4121002880,614774209,16406,1,446447
341,1574590627.686167,192.168.1.4,192.168.1.5,4121019286,614774209,498,1,446945
342,1574590627.726373,192.168.1.4,192.168.1.5,4121019784,614774209,13803,1,460748
343,1574590627.821252,192.168.1.5,192.168.1.4,614774209,4121033587,109,0,460639
344,1574590627.847562,192.168.1.5,192.168.1.4,1063830349,573559130,343,0,460296
345,1574590627.848077,192.168.1.4,192.168.1.5,573559130,1063830692,99,1,460395
346,1574590627.848359,192.168.1.5,192.168.1.4,1063830692,573559229,382,0,460013
347,1574590627.865645,192.168.1.4,192.168.1.5,573559229,1063831074,2266,1,462279
348,1574590627.866477,192.168.1.5,192.168.1.4,1063831074,573561495,74,0,462205
349,1574590627.86661,192.168.1.5,192.168.1.4,1063831148,573561495,255,0,461950
350,1574590627.866866,192.168.1.4,192.168.1.5,573561495,1063831403,79,1,462029
351,1574590627.866943,192.168.1.4,192.168.1.5,573561574,1063831403,79,1,462108
352,1574590627.896614,192.168.1.4,192.168.1.5,4121033587,614774318,4405,1,466513
353,1574590627.896674,192.168.1.4,192.168.1.5,4121037992,614774318,1372,1,467885
354,1574590627.898133,192.168.1.5,192.168.1.4,614774318,4121039364,61,0,467824
355,1574590630.414019,192.168.1.4,192.168.1.5,2609617971,3231478856,91,1,467915
356,1574590630.414574,192.168.1.4,192.168.1.5,2609618062,3231478856,24,1,467939
357,1574590630.691918,192.168.1.4,192.168.1.5,3105916063,2248615118,91,1,468030
358,1574590630.692277,192.168.1.4,192.168.1.5,573561653,1063831403,91,1,468121
359,1574590630.692289,192.168.1.4,192.168.1.5,3105916154,2248615118,24,1,468145
360,1574590630.694265,192.168.1.5,192.168.1.4,1063831403,573561744,539,0,467606
361,1574590630.733667,192.168.1.4,192.168.1.5,573561744,1063831942,2070,1,469676
362,1574590630.774536,192.168.1.4,192.168.1.5,573563814,1063831942,1249,1,470925
363,1574590630.779665,192.168.1.5,192.168.1.4,1063831942,573565063,86,0,470839
364,1574590630.780195,192.168.1.5,192.168.1.4,1063832028,573565063,108,0,470731
365,1574590630.780613,192.168.1.5,192.168.1.4,1063832136,573565063,250,0,470481
366,1574590630.814945,192.168.1.4,192.168.1.5,573565063,1063832386,2070,1,472551
367,1574590630.819538,192.168.1.5,192.168.1.4,1063832386,573567133,53,0,472498
368,1574590630.82063,192.168.1.4,192.168.1.5,573567133,1063832439,11584,1,484082
369,1574590630.821019,192.168.1.4,192.168.1.5,573578717,1063832439,2896,1,486978
370,1574590630.821359,192.168.1.4,192.168.1.5,573581613,1063832439,1461,1,488439
371,1574590630.862564,192.168.1.4,192.168.1.5,573583074,1063832439,1152,1,489591
372,1574590630.867125,192.168.1.5,192.168.1.4,1063832439,573584226,61,0,489530
373,1574590630.910673,192.168.1.5,192.168.1.4,1063832500,573584226,450,0,489080
374,1574590630.912448,192.168.1.5,192.168.1.4,1063832950,573584226,464,0,488616
375,1574590630.914652,192.168.1.5,192.168.1.4,1063833414,573584226,464,0,488152
376,1574590630.916415,192.168.1.5,192.168.1.4,1063833878,573584226,464,0,487688
377,1574590630.948955,192.168.1.4,192.168.1.5,573584226,1063834342,439,1,488127
378,1574590630.954523,192.168.1.5,192.168.1.4,1063834342,573584665,61,0,488066
379,1574590630.955157,192.168.1.4,192.168.1.5,573584665,1063834403,282,1,488348
380,1574590630.965559,192.168.1.5,192.168.1.4,1063834403,573584947,57,0,488291
381,1574590630.967454,192.168.1.5,192.168.1.4,3156538841,898469064,343,0,487948
382,1574590630.967893,192.168.1.4,192.168.1.5,898469064,3156539184,99,1,488047
383,1574590630.968147,192.168.1.5,192.168.1.4,3156539184,898469163,382,0,487665
384,1574590630.97918,192.168.1.4,192.168.1.5,898469163,3156539566,2266,1,489931
385,1574590630.980388,192.168.1.5,192.168.1.4,3156539566,898471429,74,0,489857
386,1574590630.980513,192.168.1.5,192.168.1.4,3156539640,898471429,253,0,489604
387,1574590630.980807,192.168.1.4,192.168.1.5,898471429,3156539893,79,1,489683
388,1574590630.981257,192.168.1.4,192.168.1.5,898471508,3156539893,79,1,489762
389,1574590630.999896,192.168.1.4,192.168.1.5,573584947,1063834460,639,1,490401
390,1574590632.60808,192.168.1.4,192.168.1.5,898471587,3156539893,91,1,490492
391,1574590632.60877,192.168.1.5,192.168.1.4,3156539893,898471678,539,0,489953
392,1574590632.647284,192.168.1.4,192.168.1.5,898471678,3156540432,2070,1,492023
393,1574590632.690485,192.168.1.4,192.168.1.5,898473748,3156540432,809,1,492832
394,1574590632.696262,192.168.1.5,192.168.1.4,3156540432,898474557,86,0,492746
395,1574590632.697343,192.168.1.5,192.168.1.4,3156540518,898474557,108,0,492638
396,1574590632.699248,192.168.1.5,192.168.1.4,3156540626,898474557,376,0,492262
397,1574590632.740949,192.168.1.4,192.168.1.5,898474557,3156541002,1129,1,493391
398,1574590632.744805,192.168.1.5,192.168.1.4,3156541002,898475686,53,0,493338
399,1574590632.746101,192.168.1.5,192.168.1.4,3156541055,898475686,61,0,493277
400,1574590632.761946,192.168.1.5,192.168.1.4,1063834460,573585586,475,0,492802
401,1574590632.767417,192.168.1.5,192.168.1.4,2847997962,1282706619,343,0,492459
402,1574590632.767845,192.168.1.4,192.168.1.5,1282706619,2847998305,99,1,492558
403,1574590632.768283,192.168.1.5,192.168.1.4,2847998305,1282706718,382,0,492176
404,1574590632.783746,192.168.1.4,192.168.1.5,1282706718,2847998687,2266,1,494442
405,1574590632.784684,192.168.1.5,192.168.1.4,2847998687,1282708984,74,0,494368
406,1574590632.784826,192.168.1.5,192.168.1.4,2847998761,1282708984,251,0,494117
407,1574590632.78522,192.168.1.4,192.168.1.5,1282708984,2847999012,79,1,494196
408,1574590632.785236,192.168.1.4,192.168.1.5,1282709063,2847999012,79,1,494275
409,1574590632.79583,192.168.1.5,192.168.1.4,1208535780,4278651867,343,0,493932
410,1574590632.796401,192.168.1.4,192.168.1.5,573585586,1063834935,204,1,494136
411,1574590632.796775,192.168.1.4,192.168.1.5,4278651867,1208536123,99,1,494235
412,1574590632.79722,192.168.1.5,192.168.1.4,1208536123,4278651966,382,0,493853
413,1574590632.801369,192.168.1.5,192.168.1.4,1063834935,573585790,61,0,493792
414,1574590632.8096,192.168.1.4,192.168.1.5,4278651966,1208536505,2266,1,496058
415,1574590632.810452,192.168.1.5,192.168.1.4,1208536505,4278654232,74,0,495984
416,1574590632.810714,192.168.1.4,192.168.1.5,4278654232,1208536579,79,1,496063
417,1574590632.810782,192.168.1.4,192.168.1.5,4278654311,1208536579,79,1,496142
418,1574590632.812492,192.168.1.5,192.168.1.4,1208536579,4278654390,170,0,495972
419,1574590633.179647,192.168.1.5,192.168.1.4,3500328750,2049067957,343,0,495629
420,1574590633.180127,192.168.1.4,192.168.1.5,2049067957,3500329093,99,1,495728
421,1574590633.180623,192.168.1.5,192.168.1.4,3500329093,2049068056,382,0,495346
422,1574590633.196492,192.168.1.4,192.168.1.5,2049068056,3500329475,2266,1,497612
423,1574590633.197444,192.168.1.5,192.168.1.4,3500329475,2049070322,74,0,497538
424,1574590633.197622,192.168.1.5,192.168.1.4,3500329549,2049070322,237,0,497301
425,1574590633.197945,192.168.1.4,192.168.1.5,2049070322,3500329786,79,1,497380
426,1574590633.198078,192.168.1.4,192.168.1.5,2049070401,3500329786,79,1,497459
427,1574590636.440398,192.168.1.4,192.168.1.5,1282709142,2847999012,91,1,497550
428,1574590636.441212,192.168.1.5,192.168.1.4,2847999012,1282709233,539,0,497011
429,1574590636.482012,192.168.1.4,192.168.1.5,1282709233,2847999551,2070,1,499081
430,1574590636.522585,192.168.1.4,192.168.1.5,1282711303,2847999551,1429,1,500510
431,1574590636.528319,192.168.1.5,192.168.1.4,2847999551,1282712732,86,0,500424
432,1574590636.528825,192.168.1.5,192.168.1.4,2847999637,1282712732,108,0,500316
433,1574590636.530604,192.168.1.5,192.168.1.4,2847999745,1282712732,289,0,500027
434,1574590636.565772,192.168.1.4,192.168.1.5,1282712732,2848000034,617,1,500644
435,1574590636.566467,192.168.1.5,192.168.1.4,2848000034,1282713349,53,0,500591
436,1574590636.570126,192.168.1.4,192.168.1.5,1282713349,2848000087,2070,1,502661
437,1574590636.61085,192.168.1.4,192.168.1.5,1282715419,2848000087,13990,1,516651
438,1574590636.619573,192.168.1.5,192.168.1.4,2848000087,1282729409,61,0,516590
439,1574590636.820103,192.168.1.4,192.168.1.5,4278654390,1208536749,125,1,516715
440,1574590636.821681,192.168.1.5,192.168.1.4,1208536749,4278654515,24,0,516691
441,1574590636.823487,192.168.1.4,192.168.1.5,4278654515,1208536773,567,1,517258
442,1574590636.823658,192.168.1.4,192.168.1.5,4278655082,1208536773,24,1,517282
443,1574590636.832634,192.168.1.5,192.168.1.4,3723686477,1510584863,343,0,516939
444,1574590636.83307,192.168.1.4,192.168.1.5,1510584863,3723686820,99,1,517038
445,1574590636.8335,192.168.1.5,192.168.1.4,3723686820,1510584962,382,0,516656
446,1574590636.847262,192.168.1.4,192.168.1.5,1510584962,3723687202,2266,1,518922
447,1574590636.848192,192.168.1.5,192.168.1.4,3723687202,1510587228,74,0,518848
448,1574590636.848311,192.168.1.5,192.168.1.4,3723687276,1510587228,170,0,518678
449,1574590636.848634,192.168.1.4,192.168.1.5,1510587228,3723687446,79,1,518757
450,1574590636.848724,192.168.1.4,192.168.1.5,1510587307,3723687446,79,1,518836
451,1574590637.782124,192.168.1.4,192.168.1.5,2049070480,3500329786,91,1,518927
452,1574590637.782973,192.168.1.5,192.168.1.4,3500329786,2049070571,539,0,518388
453,1574590637.82416,192.168.1.4,192.168.1.5,2049070571,3500330325,2070,1,520458
454,1574590637.869291,192.168.1.4,192.168.1.5,2049072641,3500330325,1755,1,522213
455,1574590637.876931,192.168.1.5,192.168.1.4,3500330325,2049074396,86,0,522127
456,1574590637.877596,192.168.1.5,192.168.1.4,3500330411,2049074396,108,0,522019
457,1574590637.878134,192.168.1.5,192.168.1.4,3500330519,2049074396,279,0,521740
458,1574590637.912891,192.168.1.4,192.168.1.5,2049074396,3500330798,2070,1,523810
459,1574590637.915237,192.168.1.5,192.168.1.4,3500330798,2049076466,53,0,523757
460,1574590637.916291,192.168.1.4,192.168.1.5,2049076466,3500330851,1405,1,525162
461,1574590637.919045,192.168.1.5,192.168.1.4,3500330851,2049077871,61,0,525101
462,1574590638.929382,192.168.1.4,192.168.1.5,1510587386,3723687446,670,1,525771
463,1574590638.929408,192.168.1.4,192.168.1.5,1510588056,3723687446,24,1,525795
464,1574590638.930068,192.168.1.5,192.168.1.4,3723687446,1510588080,24,0,525771
465,1574590638.933775,192.168.1.5,192.168.1.4,3256767622,2179685542,343,0,525428
466,1574590638.934256,192.168.1.4,192.168.1.5,2179685542,3256767965,99,1,525527
467,1574590638.93454,192.168.1.5,192.168.1.4,3256767965,2179685641,382,0,525145
468,1574590638.948796,192.168.1.4,192.168.1.5,2179685641,3256768347,2266,1,527411
469,1574590638.950359,192.168.1.5,192.168.1.4,3256768347,2179687907,74,0,527337
470,1574590638.950589,192.168.1.5,192.168.1.4,3256768421,2179687907,170,0,527167
471,1574590638.951202,192.168.1.4,192.168.1.5,2179687907,3256768591,79,1,527246
472,1574590638.951237,192.168.1.4,192.168.1.5,2179687986,3256768591,79,1,527325
473,1574590639.737209,192.168.1.4,192.168.1.5,2179688065,3256768591,670,1,527995
474,1574590639.737273,192.168.1.4,192.168.1.5,2179688735,3256768591,24,1,528019
475,1574590639.738549,192.168.1.5,192.168.1.4,3256768591,2179688759,24,0,527995
476,1574590639.745775,192.168.1.5,192.168.1.4,44544041,2061726498,343,0,527652
477,1574590639.746529,192.168.1.4,192.168.1.5,2061726498,44544384,99,1,527751
478,1574590639.747396,192.168.1.5,192.168.1.4,44544384,2061726597,382,0,527369
479,1574590639.761299,192.168.1.4,192.168.1.5,2061726597,44544766,2266,1,529635
480,1574590639.762546,192.168.1.5,192.168.1.4,44544766,2061728863,74,0,529561
481,1574590639.762687,192.168.1.5,192.168.1.4,44544840,2061728863,170,0,529391
482,1574590639.763007,192.168.1.4,192.168.1.5,2061728863,44545010,79,1,529470
483,1574590639.763026,192.168.1.4,192.168.1.5,2061728942,44545010,79,1,529549
