index,time,src_ip,dst_ip,tcp_seq,tcp_ack,tcp_len,direction,cumul_sum
1,1574590907.034942,192.168.1.4,192.168.1.5,1115833149,4164346249,91,1,91
2,1574590907.034986,192.168.1.4,192.168.1.5,1115833240,4164346249,24,1,115
3,1574590907.535747,192.168.1.4,192.168.1.5,2234312228,2520990572,91,1,206
4,1574590907.535774,192.168.1.4,192.168.1.5,2234312319,2520990572,24,1,230
5,1574590908.74094,192.168.1.4,192.168.1.5,3073418177,1260764959,91,1,321
6,1574590908.741287,192.168.1.4,192.168.1.5,3073418268,1260764959,24,1,345
7,1574590909.110099,192.168.1.4,192.168.1.5,3913644894,3985566690,91,1,436
8,1574590909.110395,192.168.1.4,192.168.1.5,3913644985,3985566690,24,1,460
9,1574590911.258687,192.168.1.5,192.168.1.4,3612264812,1863382406,343,0,117
10,1574590911.25955,192.168.1.4,192.168.1.5,1863382406,3612265155,99,1,216
11,1574590911.260381,192.168.1.5,192.168.1.4,3612265155,1863382505,382,0,-166
12,1574590911.271855,192.168.1.4,192.168.1.5,1863382505,3612265537,2266,1,2100
13,1574590911.272802,192.168.1.5,192.168.1.4,3612265537,1863384771,74,0,2026
14,1574590911.27295,192.168.1.5,192.168.1.4,3612265611,1863384771,245,0,1781
15,1574590911.27322,192.168.1.4,192.168.1.5,1863384771,3612265856,79,1,1860
16,1574590911.273291,192.168.1.4,192.168.1.5,1863384850,3612265856,79,1,1939
17,1574590911.418071,192.168.1.5,192.168.1.4,3249690870,1932646807,343,0,1596
18,1574590911.418483,192.168.1.4,192.168.1.5,1932646807,3249691213,99,1,1695
19,1574590911.418761,192.168.1.5,192.168.1.4,3249691213,1932646906,382,0,1313
20,1574590911.420839,192.168.1.5,192.168.1.4,1912655984,259669999,343,0,970
21,1574590911.428583,192.168.1.4,192.168.1.5,1932646906,3249691595,2266,1,3236
22,1574590911.429248,192.168.1.4,192.168.1.5,259669999,1912656327,99,1,3335
23,1574590911.429594,192.168.1.5,192.168.1.4,3249691595,1932649172,74,0,3261
24,1574590911.42972,192.168.1.5,192.168.1.4,3249691669,1932649172,239,0,3022
25,1574590911.429891,192.168.1.4,192.168.1.5,1932649172,3249691908,79,1,3101
26,1574590911.429991,192.168.1.4,192.168.1.5,1932649251,3249691908,79,1,3180
27,1574590911.430455,192.168.1.5,192.168.1.4,1912656327,259670098,382,0,2798
28,1574590911.440119,192.168.1.4,192.168.1.5,259670098,1912656709,2266,1,5064
29,1574590911.441024,192.168.1.5,192.168.1.4,1912656709,259672364,74,0,4990
30,1574590911.44118,192.168.1.5,192.168.1.4,1912656783,259672364,239,0,4751
31,1574590911.441414,192.168.1.4,192.168.1.5,259672364,1912657022,79,1,4830
32,1574590911.446589,192.168.1.4,192.168.1.5,259672443,1912657022,79,1,4909
33,1574590912.359055,192.168.1.4,192.168.1.5,1863384929,3612265856,91,1,5000
34,1574590912.360986,192.168.1.5,192.168.1.4,3612265856,1863385020,539,0,4461
35,1574590912.401442,192.168.1.4,192.168.1.5,1863385020,3612266395,2070,1,6531
36,1574590912.442487,192.168.1.4,192.168.1.5,1863387090,3612266395,1018,1,7549
37,1574590912.451959,192.168.1.5,192.168.1.4,3612266395,1863388108,86,0,7463
38,1574590912.453407,192.168.1.5,192.168.1.4,3612266481,1863388108,108,0,7355
39,1574590912.454197,192.168.1.5,192.168.1.4,3612266589,1863388108,321,0,7034
40,1574590912.45438,192.168.1.5,192.168.1.4,3612266910,1863388108,54,0,6980
41,1574590912.457001,192.168.1.4,192.168.1.5,259672522,1912657022,91,1,7071
42,1574590912.457152,192.168.1.4,192.168.1.5,1932649330,3249691908,91,1,7162
43,1574590912.457835,192.168.1.5,192.168.1.4,3249691908,1932649421,539,0,6623
44,1574590912.458194,192.168.1.5,192.168.1.4,1912657022,259672613,539,0,6084
45,1574590912.486355,192.168.1.4,192.168.1.5,259672613,1912657561,2070,1,8154
46,1574590912.486551,192.168.1.4,192.168.1.5,1932649421,3249692447,2070,1,10224
47,1574590912.508817,192.168.1.4,192.168.1.5,1863388108,3612266964,1764,1,11988
48,1574590912.512694,192.168.1.5,192.168.1.4,3612266964,1863389872,53,0,11935
49,1574590912.512929,192.168.1.5,192.168.1.4,3612267017,1863389872,61,0,11874
50,1574590912.530445,192.168.1.4,192.168.1.5,1932651491,3249692447,1120,1,12994
51,1574590912.530477,192.168.1.4,192.168.1.5,259674683,1912657561,1120,1,14114
52,1574590912.541641,192.168.1.5,192.168.1.4,3249692447,1932652611,86,0,14028
53,1574590912.542972,192.168.1.5,192.168.1.4,1912657561,259675803,86,0,13942
54,1574590912.543196,192.168.1.5,192.168.1.4,1912657647,259675803,24,0,13918
55,1574590912.543395,192.168.1.5,192.168.1.4,3249692533,1932652611,108,0,13810
56,1574590912.54417,192.168.1.4,192.168.1.5,259675803,1912657671,24,1,13834
57,1574590912.5454,192.168.1.5,192.168.1.4,3249692641,1932652611,347,0,13487
58,1574590912.593673,192.168.1.4,192.168.1.5,1932652611,3249692988,274,1,13761
59,1574590912.594088,192.168.1.5,192.168.1.4,3249692988,1932652885,53,0,13708
60,1574590912.795801,192.168.1.4,192.168.1.5,1932652885,3249693041,66,1,13774
61,1574590912.852507,192.168.1.4,192.168.1.5,1932652951,3249693041,1444,1,15218
62,1574590912.853112,192.168.1.4,192.168.1.5,1932654395,3249693041,8646,1,23864
63,1574590912.854323,192.168.1.4,192.168.1.5,1932663041,3249693041,2798,1,26662
64,1574590912.870013,192.168.1.4,192.168.1.5,1932665839,3249693041,2070,1,28732
65,1574590912.910359,192.168.1.4,192.168.1.5,1932667909,3249693041,14877,1,43609
66,1574590912.92512,192.168.1.5,192.168.1.4,3351436367,3596647390,343,0,43266
67,1574590912.92559,192.168.1.4,192.168.1.5,3596647390,3351436710,99,1,43365
68,1574590912.925829,192.168.1.5,192.168.1.4,3351436710,3596647489,382,0,42983
69,1574590912.927962,192.168.1.5,192.168.1.4,147058950,1539010952,343,0,42640
70,1574590912.930121,192.168.1.5,192.168.1.4,2467978862,445822308,343,0,42297
71,1574590912.934311,192.168.1.4,192.168.1.5,1539010952,147059293,99,1,42396
72,1574590912.934597,192.168.1.5,192.168.1.4,147059293,1539011051,382,0,42014
73,1574590912.937319,192.168.1.4,192.168.1.5,445822308,2467979205,99,1,42113
74,1574590912.937562,192.168.1.5,192.168.1.4,2467979205,445822407,382,0,41731
75,1574590912.937737,192.168.1.5,192.168.1.4,3820767322,3616236801,343,0,41388
76,1574590912.940348,192.168.1.5,192.168.1.4,818285085,1071706474,343,0,41045
77,1574590912.940771,192.168.1.4,192.168.1.5,3616236801,3820767665,99,1,41144
78,1574590912.94114,192.168.1.5,192.168.1.4,3820767665,3616236900,382,0,40762
79,1574590912.945204,192.168.1.5,192.168.1.4,2872118306,3825063112,343,0,40419
80,1574590912.946577,192.168.1.4,192.168.1.5,1071706474,818285428,99,1,40518
81,1574590912.94686,192.168.1.5,192.168.1.4,818285428,1071706573,382,0,40136
82,1574590912.954287,192.168.1.4,192.168.1.5,1932682786,3249693041,4786,1,44922
83,1574590912.958738,192.168.1.4,192.168.1.5,3825063112,2872118649,99,1,45021
84,1574590912.959053,192.168.1.5,192.168.1.4,2872118649,3825063211,382,0,44639
85,1574590912.96015,192.168.1.4,192.168.1.5,3596647489,3351437092,2266,1,46905
86,1574590912.961019,192.168.1.5,192.168.1.4,3351437092,3596649755,74,0,46831
87,1574590912.961188,192.168.1.5,192.168.1.4,3351437166,3596649755,245,0,46586
88,1574590912.968707,192.168.1.4,192.168.1.5,3596649755,3351437411,79,1,46665
89,1574590912.968945,192.168.1.5,192.168.1.4,2023981854,2633452697,343,0,46322
90,1574590912.969027,192.168.1.4,192.168.1.5,3596649834,3351437411,79,1,46401
91,1574590912.978636,192.168.1.4,192.168.1.5,3825063211,2872119031,2266,1,48667
92,1574590912.979322,192.168.1.4,192.168.1.5,2633452697,2023982197,99,1,48766
93,1574590912.979691,192.168.1.5,192.168.1.4,2872119031,3825065477,74,0,48692
94,1574590912.979807,192.168.1.5,192.168.1.4,2872119105,3825065477,245,0,48447
95,1574590912.980309,192.168.1.5,192.168.1.4,2023982197,2633452796,382,0,48065
96,1574590912.986269,192.168.1.4,192.168.1.5,445822407,2467979587,2266,1,50331
97,1574590912.987119,192.168.1.5,192.168.1.4,2467979587,445824673,74,0,50257
98,1574590912.987271,192.168.1.5,192.168.1.4,2467979661,445824673,245,0,50012
99,1574590912.991564,192.168.1.4,192.168.1.5,1071706573,818285810,2266,1,52278
100,1574590912.992606,192.168.1.5,192.168.1.4,818285810,1071708839,74,0,52204
101,1574590912.992711,192.168.1.5,192.168.1.4,818285884,1071708839,245,0,51959
102,1574590912.993697,192.168.1.4,192.168.1.5,1539011051,147059675,2266,1,54225
103,1574590912.994676,192.168.1.5,192.168.1.4,147059675,1539013317,74,0,54151
104,1574590912.994778,192.168.1.5,192.168.1.4,147059749,1539013317,245,0,53906
105,1574590912.996958,192.168.1.5,192.168.1.4,2872119105,3825065477,245,0,53661
106,1574590913.000554,192.168.1.4,192.168.1.5,2633452796,2023982579,2266,1,55927
107,1574590913.000664,192.168.1.4,192.168.1.5,1539013317,147059994,79,1,56006
108,1574590913.000795,192.168.1.4,192.168.1.5,1539013396,147059994,79,1,56085
109,1574590913.001962,192.168.1.4,192.168.1.5,445824673,2467979906,79,1,56164
110,1574590913.002076,192.168.1.4,192.168.1.5,445824752,2467979906,79,1,56243
111,1574590913.002344,192.168.1.5,192.168.1.4,2023982579,2633455062,74,0,56169
112,1574590913.002453,192.168.1.5,192.168.1.4,2023982653,2633455062,231,0,55938
113,1574590913.003224,192.168.1.4,192.168.1.5,3616236900,3820768047,2266,1,58204
114,1574590913.003455,192.168.1.4,192.168.1.5,1071708839,818286129,79,1,58283
115,1574590913.003521,192.168.1.4,192.168.1.5,1071708918,818286129,79,1,58362
116,1574590913.004453,192.168.1.4,192.168.1.5,3825065477,2872119350,79,1,58441
117,1574590913.004522,192.168.1.4,192.168.1.5,3825065556,2872119350,79,1,58520
118,1574590913.004725,192.168.1.5,192.168.1.4,3820768047,3616239166,74,0,58446
119,1574590913.004832,192.168.1.5,192.168.1.4,3820768121,3616239166,245,0,58201
120,1574590913.005318,192.168.1.4,192.168.1.5,3616239166,3820768366,79,1,58280
121,1574590913.005381,192.168.1.4,192.168.1.5,3616239245,3820768366,79,1,58359
122,1574590913.006446,192.168.1.4,192.168.1.5,2633455062,2023982884,79,1,58438
123,1574590913.006463,192.168.1.4,192.168.1.5,2633455141,2023982884,79,1,58517
124,1574590914.158681,192.168.1.4,192.168.1.5,1071708997,818286129,91,1,58608
125,1574590914.159152,192.168.1.5,192.168.1.4,818286129,1071709088,539,0,58069
126,1574590914.180124,192.168.1.4,192.168.1.5,1071709088,818286668,2070,1,60139
127,1574590914.223308,192.168.1.4,192.168.1.5,1071711158,818286668,1121,1,61260
128,1574590914.225116,192.168.1.5,192.168.1.4,818286668,1071712279,86,0,61174
129,1574590914.22542,192.168.1.5,192.168.1.4,818286754,1071712279,108,0,61066
130,1574590914.225692,192.168.1.5,192.168.1.4,3351437411,3596649913,24,0,61042
131,1574590914.225824,192.168.1.5,192.168.1.4,147059994,1539013475,24,0,61018
132,1574590914.225968,192.168.1.5,192.168.1.4,2467979906,445824831,24,0,60994
133,1574590914.226072,192.168.1.5,192.168.1.4,3820768366,3616239324,24,0,60970
134,1574590914.226175,192.168.1.5,192.168.1.4,2872119350,3825065635,24,0,60946
135,1574590914.239457,192.168.1.5,192.168.1.4,818286862,1071712279,338,0,60608
136,1574590914.239927,192.168.1.5,192.168.1.4,818287200,1071712279,122,0,60486
137,1574590914.240079,192.168.1.5,192.168.1.4,818287322,1071712279,121,0,60365
138,1574590914.240277,192.168.1.5,192.168.1.4,818287443,1071712279,122,0,60243
139,1574590914.240419,192.168.1.5,192.168.1.4,818287565,1071712279,121,0,60122
140,1574590914.240687,192.168.1.5,192.168.1.4,818287686,1071712279,122,0,60000
141,1574590914.240829,192.168.1.5,192.168.1.4,818287808,1071712279,121,0,59879
142,1574590914.241478,192.168.1.5,192.168.1.4,818287929,1071712279,122,0,59757
143,1574590914.241631,192.168.1.5,192.168.1.4,818288051,1071712279,120,0,59637
144,1574590914.244942,192.168.1.4,192.168.1.5,1071712279,818288171,305,1,59942
145,1574590914.248378,192.168.1.5,192.168.1.4,818288171,1071712584,53,0,59889
146,1574590914.25801,192.168.1.4,192.168.1.5,1071712584,818288224,83,1,59972
147,1574590914.261502,192.168.1.4,192.168.1.5,3825065635,2872119374,91,1,60063
148,1574590914.261531,192.168.1.4,192.168.1.5,1539013475,147060018,91,1,60154
149,1574590914.261654,192.168.1.4,192.168.1.5,1539013566,147060018,24,1,60178
150,1574590914.262851,192.168.1.4,192.168.1.5,2633455220,2023982884,91,1,60269
151,1574590914.263014,192.168.1.4,192.168.1.5,3825065726,2872119374,24,1,60293
152,1574590914.264074,192.168.1.4,192.168.1.5,445824831,2467979930,91,1,60384
153,1574590914.26473,192.168.1.4,192.168.1.5,445824922,2467979930,24,1,60408
154,1574590914.265076,192.168.1.5,192.168.1.4,2023982884,2633455311,539,0,59869
155,1574590914.266552,192.168.1.4,192.168.1.5,3596649913,3351437435,91,1,59960
156,1574590914.266674,192.168.1.4,192.168.1.5,3596650004,3351437435,24,1,59984
157,1574590914.268363,192.168.1.4,192.168.1.5,1071712667,818288224,8688,1,68672
158,1574590914.268502,192.168.1.4,192.168.1.5,1071721355,818288224,4344,1,73016
159,1574590914.268588,192.168.1.4,192.168.1.5,1071725699,818288224,7240,1,80256
160,1574590914.268679,192.168.1.4,192.168.1.5,1071732939,818288224,13032,1,93288
161,1574590914.268823,192.168.1.4,192.168.1.5,1071745971,818288224,907,1,94195
162,1574590914.289411,192.168.1.4,192.168.1.5,1071746878,818288224,14480,1,108675
163,1574590914.289624,192.168.1.4,192.168.1.5,1071761358,818288224,1926,1,110601
164,1574590914.289678,192.168.1.4,192.168.1.5,1071763284,818288224,14480,1,125081
165,1574590914.289763,192.168.1.4,192.168.1.5,1071777764,818288224,1926,1,127007
166,1574590914.289838,192.168.1.4,192.168.1.5,1071779690,818288224,1696,1,128703
167,1574590914.297119,192.168.1.4,192.168.1.5,2633455311,2023983423,2070,1,130773
168,1574590914.297307,192.168.1.4,192.168.1.5,1071781386,818288224,7240,1,138013
169,1574590914.297377,192.168.1.4,192.168.1.5,1071788626,818288224,9166,1,147179
170,1574590914.297482,192.168.1.4,192.168.1.5,1071797792,818288224,7240,1,154419
171,1574590914.297584,192.168.1.4,192.168.1.5,1071805032,818288224,9166,1,163585
172,1574590914.297822,192.168.1.4,192.168.1.5,1071814198,818288224,676,1,164261
173,1574590914.306324,192.168.1.4,192.168.1.5,1071814874,818288224,13032,1,177293
174,1574590914.306451,192.168.1.4,192.168.1.5,1071827906,818288224,3374,1,180667
175,1574590914.30656,192.168.1.4,192.168.1.5,1071831280,818288224,10136,1,190803
176,1574590914.306729,192.168.1.4,192.168.1.5,1071841416,818288224,6270,1,197073
177,1574590914.306757,192.168.1.4,192.168.1.5,1071847686,818288224,585,1,197658
178,1574590914.306894,192.168.1.4,192.168.1.5,1071848271,818288224,2070,1,199728
179,1574590914.308756,192.168.1.4,192.168.1.5,1071850341,818288224,750,1,200478
180,1574590914.338251,192.168.1.4,192.168.1.5,2633457381,2023983423,1119,1,201597
181,1574590914.350209,192.168.1.4,192.168.1.5,1071851091,818288224,8688,1,210285
182,1574590914.350313,192.168.1.4,192.168.1.5,1071859779,818288224,7718,1,218003
183,1574590914.350485,192.168.1.4,192.168.1.5,1071867497,818288224,5792,1,223795
184,1574590914.350554,192.168.1.4,192.168.1.5,1071873289,818288224,10614,1,234409
185,1574590914.350717,192.168.1.4,192.168.1.5,1071883903,818288224,7240,1,241649
186,1574590914.350813,192.168.1.4,192.168.1.5,1071891143,818288224,9166,1,250815
187,1574590914.350859,192.168.1.4,192.168.1.5,1071900309,818288224,1448,1,252263
188,1574590914.353481,192.168.1.4,192.168.1.5,1071901757,818288224,6392,1,258655
189,1574590914.374646,192.168.1.5,192.168.1.4,2291431632,1653867726,343,0,258312
190,1574590914.374955,192.168.1.4,192.168.1.5,1653867726,2291431975,99,1,258411
191,1574590914.375417,192.168.1.5,192.168.1.4,2291431975,1653867825,382,0,258029
192,1574590914.377593,192.168.1.5,192.168.1.4,2023983423,2633458500,86,0,257943
193,1574590914.385402,192.168.1.4,192.168.1.5,1653867825,2291432357,2266,1,260209
194,1574590914.386237,192.168.1.5,192.168.1.4,2291432357,1653870091,74,0,260135
195,1574590914.386366,192.168.1.5,192.168.1.4,2291432431,1653870091,245,0,259890
196,1574590914.38654,192.168.1.4,192.168.1.5,1653870091,2291432676,79,1,259969
197,1574590914.387145,192.168.1.4,192.168.1.5,1653870170,2291432676,79,1,260048
198,1574590914.398749,192.168.1.5,192.168.1.4,2023983509,2633458500,108,0,259940
199,1574590914.399396,192.168.1.4,192.168.1.5,2633458500,2023983617,274,1,260214
200,1574590914.402481,192.168.1.5,192.168.1.4,2023983617,2633458774,53,0,260161
201,1574590914.402697,192.168.1.5,192.168.1.4,2023983670,2633458774,295,0,259866
202,1574590914.41718,192.168.1.4,192.168.1.5,2633458774,2023983965,53,1,259919
203,1574590914.458315,192.168.1.4,192.168.1.5,2633458827,2023983965,57,1,259976
204,1574590914.472369,192.168.1.4,192.168.1.5,2633458884,2023983965,1014,1,260990
205,1574590914.629258,192.168.1.4,192.168.1.5,3616239324,3820768390,91,1,261081
206,1574590914.629289,192.168.1.4,192.168.1.5,3616239415,3820768390,24,1,261105
207,1574590914.646336,192.168.1.5,192.168.1.4,818288224,1071908149,124,0,260981
208,1574590914.65982,192.168.1.5,192.168.1.4,818288348,1071908149,124,0,260857
209,1574590914.661799,192.168.1.5,192.168.1.4,818288472,1071908149,115,0,260742
210,1574590914.665421,192.168.1.4,192.168.1.5,1071908149,818288587,7203,1,267945
211,1574590914.666593,192.168.1.4,192.168.1.5,1071915352,818288587,5792,1,273737
212,1574590914.667547,192.168.1.4,192.168.1.5,1071921144,818288587,5334,1,279071
213,1574590914.668429,192.168.1.4,192.168.1.5,1071926478,818288587,4118,1,283189
214,1574590914.675119,192.168.1.5,192.168.1.4,818288587,1071930596,125,0,283064
215,1574590914.675693,192.168.1.4,192.168.1.5,1071930596,818288712,11207,1,294271
216,1574590914.680563,192.168.1.5,192.168.1.4,818288712,1071941803,116,0,294155
217,1574590914.681362,192.168.1.4,192.168.1.5,1071941803,818288828,262,1,294417
218,1574590914.694574,192.168.1.4,192.168.1.5,1071942065,818288828,16406,1,310823
219,1574590914.694771,192.168.1.4,192.168.1.5,1071958471,818288828,17376,1,328199
220,1574590914.694878,192.168.1.4,192.168.1.5,1071975847,818288828,13032,1,341231
221,1574590914.694942,192.168.1.4,192.168.1.5,1071988879,818288828,17376,1,358607
222,1574590914.695009,192.168.1.4,192.168.1.5,1072006255,818288828,3932,1,362539
223,1574590914.708529,192.168.1.5,192.168.1.4,818288828,1072010187,121,0,362418
224,1574590914.708778,192.168.1.5,192.168.1.4,818288949,1072010187,121,0,362297
225,1574590914.709002,192.168.1.4,192.168.1.5,1072010187,818288949,10136,1,372433
226,1574590914.709113,192.168.1.4,192.168.1.5,1072020323,818288949,6270,1,378703
227,1574590914.709153,192.168.1.4,192.168.1.5,1072026593,818289070,14566,1,393269
228,1574590914.709638,192.168.1.4,192.168.1.5,1072041159,818289070,2070,1,395339
229,1574590914.75027,192.168.1.4,192.168.1.5,1072043229,818289070,16406,1,411745
230,1574590914.750386,192.168.1.4,192.168.1.5,1072059635,818289070,15928,1,427673
231,1574590914.756395,192.168.1.4,192.168.1.5,1072075563,818289070,362,1,428035
232,1574590914.756425,192.168.1.4,192.168.1.5,1072075925,818289070,16406,1,444441
233,1574590914.75647,192.168.1.4,192.168.1.5,1072092331,818289070,294,1,444735
234,1574590914.756628,192.168.1.4,192.168.1.5,1072092625,818289070,2798,1,447533
235,1574590914.757236,192.168.1.4,192.168.1.5,1072095423,818289070,1377,1,448910
236,1574590914.757393,192.168.1.4,192.168.1.5,1072096800,818289070,1410,1,450320
237,1574590914.758632,192.168.1.4,192.168.1.5,1072098210,818289070,16406,1,466726
238,1574590914.758682,192.168.1.4,192.168.1.5,1072114616,818289070,4708,1,471434
239,1574590914.76256,192.168.1.4,192.168.1.5,1072119324,818289070,16406,1,487840
240,1574590914.762623,192.168.1.4,192.168.1.5,1072135730,818289070,4540,1,492380
241,1574590914.764223,192.168.1.4,192.168.1.5,1072140270,818289070,5574,1,497954
242,1574590914.765141,192.168.1.4,192.168.1.5,1072145844,818289070,2798,1,500752
243,1574590914.767294,192.168.1.4,192.168.1.5,1072148642,818289070,2798,1,503550
244,1574590914.772706,192.168.1.4,192.168.1.5,1072151440,818289070,16406,1,519956
245,1574590914.772808,192.168.1.4,192.168.1.5,1072167846,818289070,16406,1,536362
246,1574590914.77287,192.168.1.4,192.168.1.5,1072184252,818289070,8711,1,545073
247,1574590914.937758,192.168.1.5,192.168.1.4,1491990944,2671341220,343,0,544730
248,1574590914.93827,192.168.1.4,192.168.1.5,2671341220,1491991287,99,1,544829
249,1574590914.938511,192.168.1.5,192.168.1.4,1491991287,2671341319,382,0,544447
250,1574590914.947932,192.168.1.4,192.168.1.5,2671341319,1491991669,2266,1,546713
251,1574590914.948822,192.168.1.5,192.168.1.4,1491991669,2671343585,74,0,546639
252,1574590914.948941,192.168.1.5,192.168.1.4,1491991743,2671343585,245,0,546394
253,1574590914.949181,192.168.1.4,192.168.1.5,2671343585,1491991988,79,1,546473
254,1574590914.951771,192.168.1.4,192.168.1.5,2671343664,1491991988,79,1,546552
255,1574590915.057768,192.168.1.5,192.168.1.4,1445254793,1144044571,343,0,546209
256,1574590915.058263,192.168.1.4,192.168.1.5,1144044571,1445255136,99,1,546308
257,1574590915.058771,192.168.1.5,192.168.1.4,1445255136,1144044670,382,0,545926
258,1574590915.059851,192.168.1.5,192.168.1.4,2497128969,3369057675,343,0,545583
259,1574590915.062611,192.168.1.4,192.168.1.5,3369057675,2497129312,99,1,545682
260,1574590915.062946,192.168.1.5,192.168.1.4,2497129312,3369057774,382,0,545300
261,1574590915.072406,192.168.1.4,192.168.1.5,1144044670,1445255518,2266,1,547566
262,1574590915.073256,192.168.1.5,192.168.1.4,1445255518,1144046936,74,0,547492
263,1574590915.07339,192.168.1.5,192.168.1.4,1445255592,1144046936,245,0,547247
264,1574590915.079083,192.168.1.4,192.168.1.5,3369057774,2497129694,2266,1,549513
265,1574590915.079218,192.168.1.4,192.168.1.5,1144046936,1445255837,79,1,549592
266,1574590915.079368,192.168.1.4,192.168.1.5,1144047015,1445255837,79,1,549671
267,1574590915.080062,192.168.1.5,192.168.1.4,2497129694,3369060040,74,0,549597
268,1574590915.080196,192.168.1.5,192.168.1.4,2497129768,3369060040,245,0,549352
269,1574590915.080403,192.168.1.4,192.168.1.5,3369060040,2497130013,79,1,549431
270,1574590915.080759,192.168.1.4,192.168.1.5,3369060119,2497130013,79,1,549510
271,1574590915.087494,192.168.1.5,192.168.1.4,755362803,4292276571,343,0,549167
272,1574590915.087945,192.168.1.4,192.168.1.5,4292276571,755363146,99,1,549266
273,1574590915.088287,192.168.1.5,192.168.1.4,755363146,4292276670,382,0,548884
274,1574590915.097801,192.168.1.4,192.168.1.5,4292276670,755363528,2266,1,551150
275,1574590915.099189,192.168.1.5,192.168.1.4,755363528,4292278936,74,0,551076
276,1574590915.099321,192.168.1.5,192.168.1.4,755363602,4292278936,245,0,550831
277,1574590915.099607,192.168.1.4,192.168.1.5,4292278936,755363847,79,1,550910
278,1574590915.099685,192.168.1.4,192.168.1.5,4292279015,755363847,79,1,550989
279,1574590915.446518,192.168.1.5,192.168.1.4,818289070,1072192963,116,0,550873
280,1574590915.455105,192.168.1.5,192.168.1.4,818289186,1072192963,124,0,550749
281,1574590915.457265,192.168.1.5,192.168.1.4,818289310,1072192963,124,0,550625
282,1574590915.465146,192.168.1.5,192.168.1.4,818289434,1072192963,125,0,550500
283,1574590915.467297,192.168.1.5,192.168.1.4,818289559,1072192963,124,0,550376
284,1574590915.468457,192.168.1.4,192.168.1.5,1072192963,818289683,4332,1,554708
285,1574590915.474687,192.168.1.4,192.168.1.5,1072197295,818289683,7498,1,562206
286,1574590915.478768,192.168.1.4,192.168.1.5,1072204793,818289683,7176,1,569382
287,1574590915.479869,192.168.1.4,192.168.1.5,1072211969,818289683,3458,1,572840
288,1574590915.487189,192.168.1.5,192.168.1.4,818289683,1072215427,124,0,572716
289,1574590915.487607,192.168.1.4,192.168.1.5,1072215427,818289807,16406,1,589122
290,1574590915.487845,192.168.1.4,192.168.1.5,1072231833,818289807,19838,1,608960
291,1574590915.509724,192.168.1.5,192.168.1.4,818289807,1072251671,125,0,608835
292,1574590915.509911,192.168.1.5,192.168.1.4,818289932,1072251671,116,0,608719
293,1574590915.510011,192.168.1.5,192.168.1.4,818290048,1072251671,124,0,608595
294,1574590915.510144,192.168.1.4,192.168.1.5,1072251671,818290048,10136,1,618731
295,1574590915.510311,192.168.1.4,192.168.1.5,1072261807,818290048,6270,1,625001
296,1574590915.51034,192.168.1.4,192.168.1.5,1072268077,818290172,14578,1,639579
297,1574590915.514002,192.168.1.5,192.168.1.4,818290172,1072282655,123,0,639456
298,1574590915.514303,192.168.1.5,192.168.1.4,818290295,1072282655,124,0,639332
299,1574590915.532358,192.168.1.4,192.168.1.5,1072282655,818290419,109,1,639441
300,1574590915.533228,192.168.1.5,192.168.1.4,818290419,1072282764,124,0,639317
301,1574590915.53356,192.168.1.4,192.168.1.5,1072282764,818290543,670,1,639987
302,1574590915.534273,192.168.1.5,192.168.1.4,818290543,1072283434,124,0,639863
303,1574590915.53708,192.168.1.4,192.168.1.5,1072283434,818290667,2070,1,641933
304,1574590915.548927,192.168.1.5,192.168.1.4,818290667,1072285504,115,0,641818
305,1574590915.549176,192.168.1.5,192.168.1.4,818290782,1072285504,116,0,641702
306,1574590915.549315,192.168.1.5,192.168.1.4,818290898,1072285504,116,0,641586
307,1574590915.549563,192.168.1.4,192.168.1.5,1072285504,818291014,16406,1,657992
308,1574590915.549669,192.168.1.5,192.168.1.4,818291014,1072301910,116,0,657876
309,1574590915.549872,192.168.1.4,192.168.1.5,1072301910,818291130,14480,1,672356
310,1574590915.550117,192.168.1.4,192.168.1.5,1072316390,818291130,1926,1,674282
311,1574590915.550157,192.168.1.4,192.168.1.5,1072318316,818291130,16406,1,690688
312,1574590915.550389,192.168.1.4,192.168.1.5,1072334722,818291130,13032,1,703720
313,1574590915.551168,192.168.1.5,192.168.1.4,818291130,1072347754,124,0,703596
314,1574590915.551255,192.168.1.4,192.168.1.5,1072347754,818291130,1574,1,705170
315,1574590915.552088,192.168.1.5,192.168.1.4,818291254,1072349328,115,0,705055
316,1574590915.552231,192.168.1.5,192.168.1.4,818291369,1072349328,124,0,704931
317,1574590915.552371,192.168.1.5,192.168.1.4,818291493,1072349328,124,0,704807
318,1574590915.552512,192.168.1.5,192.168.1.4,818291617,1072349328,123,0,704684
319,1574590915.553401,192.168.1.4,192.168.1.5,1072349328,818291740,2070,1,706754
320,1574590915.568505,192.168.1.5,192.168.1.4,818291740,1072351398,116,0,706638
321,1574590915.569095,192.168.1.4,192.168.1.5,1072351398,818291856,16406,1,723044
322,1574590915.569269,192.168.1.4,192.168.1.5,1072367804,818291856,15928,1,738972
323,1574590915.56949,192.168.1.4,192.168.1.5,1072383732,818291856,478,1,739450
324,1574590915.56951,192.168.1.4,192.168.1.5,1072384210,818291856,13699,1,753149
325,1574590915.583831,192.168.1.5,192.168.1.4,818291856,1072397909,116,0,753033
326,1574590915.584308,192.168.1.4,192.168.1.5,1072397909,818291972,16406,1,769439
327,1574590915.584433,192.168.1.4,192.168.1.5,1072414315,818291972,16406,1,785845
328,1574590915.584648,192.168.1.4,192.168.1.5,1072430721,818291972,4620,1,790465
329,1574590915.586514,192.168.1.4,192.168.1.5,1653870249,2291432676,91,1,790556
330,1574590915.590162,192.168.1.5,192.168.1.4,818291972,1072435341,116,0,790440
331,1574590915.590398,192.168.1.5,192.168.1.4,818292088,1072435341,116,0,790324
332,1574590915.590585,192.168.1.4,192.168.1.5,1072435341,818292204,12514,1,802838
333,1574590915.610784,192.168.1.5,192.168.1.4,2291432676,1653870340,539,0,802299
334,1574590915.638147,192.168.1.4,192.168.1.5,1072447855,818292204,2070,1,804369
335,1574590915.654448,192.168.1.4,192.168.1.5,1072449925,818292204,11584,1,815953
336,1574590915.654596,192.168.1.4,192.168.1.5,1072461509,818292204,4822,1,820775
337,1574590915.654642,192.168.1.4,192.168.1.5,1072466331,818292204,16406,1,837181
338,1574590915.654707,192.168.1.4,192.168.1.5,1072482737,818292204,13032,1,850213
339,1574590915.654879,192.168.1.4,192.168.1.5,1072495769,818292204,7240,1,857453
340,1574590915.654926,192.168.1.4,192.168.1.5,1072503009,818292204,13786,1,871239
341,1574590915.667393,192.168.1.4,192.168.1.5,1653870340,2291433215,2070,1,873309
342,1574590915.6731,192.168.1.4,192.168.1.5,1072516795,818292204,16406,1,889715
343,1574590915.673234,192.168.1.4,192.168.1.5,1072533201,818292204,16406,1,906121
344,1574590915.67332,192.168.1.4,192.168.1.5,1072549607,818292204,16406,1,922527
345,1574590915.673606,192.168.1.4,192.168.1.5,1072566013,818292204,17607,1,940134
346,1574590915.71647,192.168.1.4,192.168.1.5,1653872410,2291433215,1120,1,941254
347,1574590915.716502,192.168.1.4,192.168.1.5,1072583620,818292204,16406,1,957660
348,1574590915.716603,192.168.1.4,192.168.1.5,1072600026,818292204,16406,1,974066
349,1574590915.716846,192.168.1.4,192.168.1.5,1072616432,818292204,18824,1,992890
350,1574590915.717129,192.168.1.4,192.168.1.5,1072635256,818292204,1740,1,994630
351,1574590915.737276,192.168.1.5,192.168.1.4,2291433215,1653873530,86,0,994544
352,1574590915.740825,192.168.1.5,192.168.1.4,2291433301,1653873530,108,0,994436
353,1574590915.746612,192.168.1.5,192.168.1.4,1491991988,2671343743,24,0,994412
354,1574590915.747885,192.168.1.5,192.168.1.4,1445255837,1144047094,24,0,994388
355,1574590915.748007,192.168.1.5,192.168.1.4,2497130013,3369060198,24,0,994364
356,1574590915.748109,192.168.1.5,192.168.1.4,755363847,4292279094,24,0,994340
357,1574590915.755981,192.168.1.5,192.168.1.4,2291433409,1653873530,356,0,993984
358,1574590915.766351,192.168.1.5,192.168.1.4,2291433765,1653873530,119,0,993865
359,1574590915.776317,192.168.1.5,192.168.1.4,2291433884,1653873530,167,0,993698
360,1574590915.778394,192.168.1.5,192.168.1.4,2291434051,1653873530,101,0,993597
361,1574590915.778521,192.168.1.5,192.168.1.4,2291434152,1653873530,100,0,993497
362,1574590915.782955,192.168.1.4,192.168.1.5,1072636996,818292204,1410,1,994907
363,1574590915.787411,192.168.1.4,192.168.1.5,1072638406,818292204,2070,1,996977
364,1574590915.787455,192.168.1.4,192.168.1.5,1072640476,818292204,2070,1,999047
365,1574590915.790654,192.168.1.4,192.168.1.5,1653873530,2291434252,274,1,999321
366,1574590915.790898,192.168.1.5,192.168.1.4,2291434252,1653873804,53,0,999268
367,1574590915.830354,192.168.1.4,192.168.1.5,1072642546,818292204,16406,1,1015674
368,1574590915.830421,192.168.1.4,192.168.1.5,1072658952,818292204,7302,1,1022976
369,1574590915.84916,192.168.1.4,192.168.1.5,1653873804,2291434305,441,1,1023417
370,1574590915.873875,192.168.1.4,192.168.1.5,1072666254,818292204,16406,1,1039823
371,1574590915.873973,192.168.1.4,192.168.1.5,1072682660,818292204,16406,1,1056229
372,1574590915.874025,192.168.1.4,192.168.1.5,1072699066,818292204,4344,1,1060573
373,1574590915.874094,192.168.1.4,192.168.1.5,1072703410,818292204,12062,1,1072635
374,1574590915.87426,192.168.1.4,192.168.1.5,1072715472,818292204,4344,1,1076979
375,1574590915.874357,192.168.1.4,192.168.1.5,1072719816,818292204,12009,1,1088988
376,1574590915.87463,192.168.1.4,192.168.1.5,1072731825,818292204,4575,1,1093563
377,1574590915.882792,192.168.1.4,192.168.1.5,1653874245,2291434305,8688,1,1102251
378,1574590915.882982,192.168.1.4,192.168.1.5,1653882933,2291434305,4344,1,1106595
379,1574590915.88305,192.168.1.4,192.168.1.5,1653887277,2291434305,5792,1,1112387
380,1574590915.883173,192.168.1.4,192.168.1.5,1653893069,2291434305,11584,1,1123971
381,1574590915.883287,192.168.1.4,192.168.1.5,1653904653,2291434305,2909,1,1126880
382,1574590915.889199,192.168.1.4,192.168.1.5,1072736400,818292204,16406,1,1143286
383,1574590915.889302,192.168.1.4,192.168.1.5,1072752806,818292204,16406,1,1159692
384,1574590915.889452,192.168.1.4,192.168.1.5,1072769212,818292204,16406,1,1176098
385,1574590915.889582,192.168.1.4,192.168.1.5,1072785618,818292204,16353,1,1192451
386,1574590915.889722,192.168.1.4,192.168.1.5,1072801971,818292204,1231,1,1193682
387,1574590915.889834,192.168.1.4,192.168.1.5,1072803202,818292204,750,1,1194432
388,1574590915.89288,192.168.1.4,192.168.1.5,1072803952,818292204,2070,1,1196502
389,1574590915.892936,192.168.1.4,192.168.1.5,1072806022,818292204,2070,1,1198572
390,1574590915.925964,192.168.1.4,192.168.1.5,1072808092,818292204,16406,1,1214978
391,1574590915.926048,192.168.1.4,192.168.1.5,1072824498,818292204,16406,1,1231384
392,1574590915.926069,192.168.1.4,192.168.1.5,1653907562,2291434305,7007,1,1238391
393,1574590915.926139,192.168.1.4,192.168.1.5,1072840904,818292204,5792,1,1244183
394,1574590915.926849,192.168.1.4,192.168.1.5,1072846696,818292204,13032,1,1257215
395,1574590915.926976,192.168.1.4,192.168.1.5,1072859728,818292204,13935,1,1271150
396,1574590915.926989,192.168.1.4,192.168.1.5,1072873663,818292204,1051,1,1272201
397,1574590915.929697,192.168.1.4,192.168.1.5,1072874714,818292204,2070,1,1274271
398,1574590915.929741,192.168.1.4,192.168.1.5,1072876784,818292204,2070,1,1276341
399,1574590915.954534,192.168.1.4,192.168.1.5,1072878854,818292204,16406,1,1292747
400,1574590915.954604,192.168.1.4,192.168.1.5,1072895260,818292204,16406,1,1309153
401,1574590915.954643,192.168.1.4,192.168.1.5,1072911666,818292204,8688,1,1317841
402,1574590915.954869,192.168.1.4,192.168.1.5,1072920354,818292204,11584,1,1329425
403,1574590915.956453,192.168.1.4,192.168.1.5,1072931938,818292204,16121,1,1345546
404,1574590915.956509,192.168.1.4,192.168.1.5,1072948059,818292204,2070,1,1347616
405,1574590915.956519,192.168.1.4,192.168.1.5,1072950129,818292204,2070,1,1349686
406,1574590915.998428,192.168.1.4,192.168.1.5,1072952199,818292204,16406,1,1366092
407,1574590915.998583,192.168.1.4,192.168.1.5,1072968605,818292204,16406,1,1382498
408,1574590915.998648,192.168.1.4,192.168.1.5,1072985011,818292204,10136,1,1392634
409,1574590915.998769,192.168.1.4,192.168.1.5,1072995147,818292204,6270,1,1398904
410,1574590915.999067,192.168.1.4,192.168.1.5,1073001417,818292204,2577,1,1401481
411,1574590916.442176,192.168.1.5,192.168.1.4,2291434305,1653914569,101,0,1401380
412,1574590916.462698,192.168.1.4,192.168.1.5,1653914569,2291434406,353,1,1401733
413,1574590916.636573,192.168.1.5,192.168.1.4,295074942,1888355676,343,0,1401390
414,1574590916.636881,192.168.1.4,192.168.1.5,1888355676,295075285,99,1,1401489
415,1574590916.637299,192.168.1.5,192.168.1.4,295075285,1888355775,382,0,1401107
416,1574590916.647064,192.168.1.4,192.168.1.5,1888355775,295075667,2266,1,1403373
417,1574590916.647932,192.168.1.5,192.168.1.4,295075667,1888358041,74,0,1403299
418,1574590916.648052,192.168.1.5,192.168.1.4,295075741,1888358041,239,0,1403060
419,1574590916.648296,192.168.1.4,192.168.1.5,1888358041,295075980,79,1,1403139
420,1574590916.65648,192.168.1.4,192.168.1.5,1888358120,295075980,79,1,1403218
421,1574590916.761163,192.168.1.5,192.168.1.4,3249693041,1932687572,365,0,1402853
422,1574590916.785676,192.168.1.4,192.168.1.5,1932687572,3249693406,57,1,1402910
423,1574590916.794307,192.168.1.5,192.168.1.4,2291434406,1653914922,98,0,1402812
424,1574590916.814175,192.168.1.4,192.168.1.5,1653914922,2291434504,4118,1,1406930
425,1574590916.835246,192.168.1.4,192.168.1.5,1932687629,3249693406,1570,1,1408500
426,1574590916.854556,192.168.1.4,192.168.1.5,1653919040,2291434504,1675,1,1410175
427,1574590916.865487,192.168.1.5,192.168.1.4,3249693406,1932689199,146,0,1410029
428,1574590916.86605,192.168.1.5,192.168.1.4,3249693552,1932689199,2724,0,1407305
429,1574590916.874207,192.168.1.5,192.168.1.4,3249696276,1932689199,89,0,1407216
430,1574590916.874876,192.168.1.5,192.168.1.4,3249696365,1932689199,1912,0,1405304
431,1574590916.884695,192.168.1.4,192.168.1.5,1932689199,3249698277,57,1,1405361
432,1574590916.92635,192.168.1.4,192.168.1.5,1932689256,3249698277,57,1,1405418
433,1574590916.943523,192.168.1.4,192.168.1.5,1932689313,3249698277,289,1,1405707
