index,time,src_ip,dst_ip,tcp_seq,tcp_ack,tcp_len,direction,cumul_sum
1,1574590803.384812,192.168.1.4,192.168.1.5,3302861584,1223930468,91,1,91
2,1574590803.384842,192.168.1.4,192.168.1.5,3302861675,1223930468,24,1,115
3,1574590803.74299,192.168.1.4,192.168.1.5,2575812658,3243876897,91,1,206
4,1574590803.743015,192.168.1.4,192.168.1.5,2575812749,3243876897,24,1,230
5,1574590804.096624,192.168.1.4,192.168.1.5,3721281233,3491363005,91,1,321
6,1574590804.096676,192.168.1.4,192.168.1.5,3721281324,3491363005,24,1,345
7,1574590804.818462,192.168.1.4,192.168.1.5,2534322532,2109462321,91,1,436
8,1574590804.818486,192.168.1.4,192.168.1.5,2534322623,2109462321,24,1,460
9,1574590806.93803,192.168.1.5,192.168.1.4,94378774,2162030971,343,0,117
10,1574590806.938898,192.168.1.4,192.168.1.5,2162030971,94379117,99,1,216
11,1574590806.939635,192.168.1.5,192.168.1.4,94379117,2162031070,382,0,-166
12,1574590806.951522,192.168.1.4,192.168.1.5,2162031070,94379499,2266,1,2100
13,1574590806.952487,192.168.1.5,192.168.1.4,94379499,2162033336,74,0,2026
14,1574590806.952614,192.168.1.5,192.168.1.4,94379573,2162033336,245,0,1781
15,1574590806.952903,192.168.1.4,192.168.1.5,2162033336,94379818,79,1,1860
16,1574590806.958031,192.168.1.4,192.168.1.5,2162033415,94379818,79,1,1939
17,1574590807.099957,192.168.1.5,192.168.1.4,727860340,824682827,343,0,1596
18,1574590807.100597,192.168.1.4,192.168.1.5,824682827,727860683,99,1,1695
19,1574590807.10094,192.168.1.5,192.168.1.4,727860683,824682926,382,0,1313
20,1574590807.103411,192.168.1.5,192.168.1.4,4158376472,2547550967,343,0,970
21,1574590807.106712,192.168.1.4,192.168.1.5,2547550967,4158376815,99,1,1069
22,1574590807.107082,192.168.1.5,192.168.1.4,4158376815,2547551066,382,0,687
23,1574590807.121577,192.168.1.4,192.168.1.5,824682926,727861065,2266,1,2953
24,1574590807.122848,192.168.1.5,192.168.1.4,727861065,824685192,74,0,2879
25,1574590807.123327,192.168.1.5,192.168.1.4,727861139,824685192,239,0,2640
26,1574590807.131504,192.168.1.4,192.168.1.5,2547551066,4158377197,2266,1,4906
27,1574590807.13171,192.168.1.4,192.168.1.5,824685192,727861378,79,1,4985
28,1574590807.131868,192.168.1.4,192.168.1.5,824685271,727861378,79,1,5064
29,1574590807.133483,192.168.1.5,192.168.1.4,4158377197,2547553332,74,0,4990
30,1574590807.133739,192.168.1.5,192.168.1.4,4158377271,2547553332,239,0,4751
31,1574590807.134117,192.168.1.4,192.168.1.5,2547553332,4158377510,79,1,4830
32,1574590807.13481,192.168.1.4,192.168.1.5,2547553411,4158377510,79,1,4909
33,1574590808.338063,192.168.1.4,192.168.1.5,2162033494,94379818,91,1,5000
34,1574590808.340134,192.168.1.5,192.168.1.4,94379818,2162033585,539,0,4461
35,1574590808.387647,192.168.1.4,192.168.1.5,2162033585,94380357,2070,1,6531
36,1574590808.430588,192.168.1.4,192.168.1.5,2162035655,94380357,1018,1,7549
37,1574590808.443298,192.168.1.5,192.168.1.4,94380357,2162036673,86,0,7463
38,1574590808.443903,192.168.1.5,192.168.1.4,94380443,2162036673,108,0,7355
39,1574590808.444367,192.168.1.5,192.168.1.4,94380551,2162036673,321,0,7034
40,1574590808.444489,192.168.1.5,192.168.1.4,94380872,2162036673,54,0,6980
41,1574590808.476968,192.168.1.4,192.168.1.5,2162036673,94380926,586,1,7566
42,1574590808.477759,192.168.1.5,192.168.1.4,94380926,2162037259,53,0,7513
43,1574590808.48105,192.168.1.4,192.168.1.5,2162037259,94380979,53,1,7566
44,1574590808.515306,192.168.1.4,192.168.1.5,824685350,727861378,91,1,7657
45,1574590808.515959,192.168.1.5,192.168.1.4,727861378,824685441,539,0,7118
46,1574590808.516077,192.168.1.4,192.168.1.5,2547553490,4158377510,91,1,7209
47,1574590808.516546,192.168.1.5,192.168.1.4,4158377510,2547553581,539,0,6670
48,1574590808.522351,192.168.1.4,192.168.1.5,2162037312,94380979,1342,1,8012
49,1574590808.529824,192.168.1.5,192.168.1.4,94380979,2162038654,61,0,7951
50,1574590808.540718,192.168.1.4,192.168.1.5,824685441,727861917,2070,1,10021
51,1574590808.54081,192.168.1.4,192.168.1.5,2547553581,4158378049,2070,1,12091
52,1574590808.582372,192.168.1.4,192.168.1.5,824687511,727861917,1119,1,13210
53,1574590808.582395,192.168.1.4,192.168.1.5,2547555651,4158378049,1119,1,14329
54,1574590808.589569,192.168.1.5,192.168.1.4,727861917,824688630,86,0,14243
55,1574590808.595559,192.168.1.5,192.168.1.4,4158378049,2547556770,86,0,14157
56,1574590808.596058,192.168.1.5,192.168.1.4,4158378135,2547556770,24,0,14133
57,1574590808.596344,192.168.1.5,192.168.1.4,727862003,824688630,108,0,14025
58,1574590808.59665,192.168.1.4,192.168.1.5,2547556770,4158378159,24,1,14049
59,1574590808.598318,192.168.1.5,192.168.1.4,727862111,824688630,347,0,13702
60,1574590808.61435,192.168.1.4,192.168.1.5,824688630,727862458,200,1,13902
61,1574590808.65848,192.168.1.4,192.168.1.5,824688830,727862458,162,1,14064
62,1574590808.660629,192.168.1.5,192.168.1.4,727862458,824688992,53,0,14011
63,1574590809.248705,192.168.1.4,192.168.1.5,824688992,727862511,1410,1,15421
64,1574590809.278718,192.168.1.4,192.168.1.5,824690402,727862511,13032,1,28453
65,1574590809.279005,192.168.1.4,192.168.1.5,824703434,727862511,5792,1,34245
66,1574590809.279165,192.168.1.4,192.168.1.5,824709226,727862511,5792,1,40037
67,1574590809.279208,192.168.1.4,192.168.1.5,824715018,727862511,5792,1,45829
68,1574590809.279309,192.168.1.4,192.168.1.5,824720810,727862511,2630,1,48459
69,1574590809.322239,192.168.1.4,192.168.1.5,824723440,727862511,79,1,48538
70,1574590809.333231,192.168.1.5,192.168.1.4,3540351506,2691606844,343,0,48195
71,1574590809.333616,192.168.1.4,192.168.1.5,2691606844,3540351849,99,1,48294
72,1574590809.33403,192.168.1.5,192.168.1.4,3540351849,2691606943,382,0,47912
73,1574590809.336903,192.168.1.5,192.168.1.4,4173110477,2413267712,343,0,47569
74,1574590809.340423,192.168.1.5,192.168.1.4,2410336341,2462725190,343,0,47226
75,1574590809.340903,192.168.1.4,192.168.1.5,2413267712,4173110820,99,1,47325
76,1574590809.341236,192.168.1.5,192.168.1.4,4173110820,2413267811,382,0,46943
77,1574590809.343848,192.168.1.5,192.168.1.4,1834744070,2970615656,343,0,46600
78,1574590809.344333,192.168.1.4,192.168.1.5,2462725190,2410336684,99,1,46699
79,1574590809.344603,192.168.1.5,192.168.1.4,2410336684,2462725289,382,0,46317
80,1574590809.347316,192.168.1.5,192.168.1.4,1654617150,104116635,343,0,45974
81,1574590809.350942,192.168.1.4,192.168.1.5,2970615656,1834744413,99,1,46073
82,1574590809.351176,192.168.1.5,192.168.1.4,1834744413,2970615755,382,0,45691
83,1574590809.351327,192.168.1.5,192.168.1.4,3800843582,2783505025,343,0,45348
84,1574590809.359995,192.168.1.5,192.168.1.4,3160705804,873058079,343,0,45005
85,1574590809.361829,192.168.1.5,192.168.1.4,929047147,3066269332,343,0,44662
86,1574590809.362471,192.168.1.4,192.168.1.5,104116635,1654617493,99,1,44761
87,1574590809.362721,192.168.1.5,192.168.1.4,1654617493,104116734,382,0,44379
88,1574590809.363062,192.168.1.4,192.168.1.5,2783505025,3800843925,99,1,44478
89,1574590809.363284,192.168.1.5,192.168.1.4,3800843925,2783505124,382,0,44096
90,1574590809.370991,192.168.1.4,192.168.1.5,2691606943,3540352231,2266,1,46362
91,1574590809.371685,192.168.1.4,192.168.1.5,873058079,3160706147,99,1,46461
92,1574590809.372039,192.168.1.5,192.168.1.4,3540352231,2691609209,74,0,46387
93,1574590809.372153,192.168.1.4,192.168.1.5,3066269332,929047490,99,1,46486
94,1574590809.372269,192.168.1.5,192.168.1.4,3540352305,2691609209,245,0,46241
95,1574590809.372499,192.168.1.5,192.168.1.4,3160706147,873058178,382,0,45859
96,1574590809.372699,192.168.1.5,192.168.1.4,929047490,3066269431,382,0,45477
97,1574590809.383211,192.168.1.4,192.168.1.5,3066269431,929047872,2266,1,47743
98,1574590809.384231,192.168.1.5,192.168.1.4,929047872,3066271697,74,0,47669
99,1574590809.384347,192.168.1.5,192.168.1.4,929047946,3066271697,263,0,47406
100,1574590809.38804,192.168.1.4,192.168.1.5,2413267811,4173111202,2266,1,49672
101,1574590809.388937,192.168.1.5,192.168.1.4,4173111202,2413270077,74,0,49598
102,1574590809.389137,192.168.1.5,192.168.1.4,4173111276,2413270077,245,0,49353
103,1574590809.394417,192.168.1.5,192.168.1.4,3540352305,2691609209,245,0,49108
104,1574590809.397849,192.168.1.5,192.168.1.4,929047946,3066271697,263,0,48845
105,1574590809.398219,192.168.1.4,192.168.1.5,2691609209,3540352550,79,1,48924
106,1574590809.398308,192.168.1.4,192.168.1.5,2691609288,3540352550,79,1,49003
107,1574590809.410528,192.168.1.4,192.168.1.5,2783505124,3800844307,2266,1,51269
108,1574590809.412975,192.168.1.5,192.168.1.4,3800844307,2783507390,74,0,51195
109,1574590809.413117,192.168.1.5,192.168.1.4,3800844381,2783507390,245,0,50950
110,1574590809.416384,192.168.1.4,192.168.1.5,2462725289,2410337066,2266,1,53216
111,1574590809.416676,192.168.1.4,192.168.1.5,2413270077,4173111521,79,1,53295
112,1574590809.416743,192.168.1.4,192.168.1.5,2413270156,4173111521,79,1,53374
113,1574590809.417679,192.168.1.5,192.168.1.4,2410337066,2462727555,74,0,53300
114,1574590809.417883,192.168.1.5,192.168.1.4,2410337140,2462727555,245,0,53055
115,1574590809.418232,192.168.1.4,192.168.1.5,2462727555,2410337385,79,1,53134
116,1574590809.4183,192.168.1.4,192.168.1.5,2462727634,2410337385,79,1,53213
117,1574590809.420073,192.168.1.4,192.168.1.5,104116734,1654617875,2266,1,55479
118,1574590809.421268,192.168.1.5,192.168.1.4,1654617875,104119000,74,0,55405
119,1574590809.421393,192.168.1.5,192.168.1.4,1654617949,104119000,245,0,55160
120,1574590809.422449,192.168.1.4,192.168.1.5,2970615755,1834744795,2266,1,57426
121,1574590809.422638,192.168.1.4,192.168.1.5,104119000,1654618194,79,1,57505
122,1574590809.423635,192.168.1.5,192.168.1.4,1834744795,2970618021,74,0,57431
123,1574590809.423725,192.168.1.4,192.168.1.5,104119079,1654618194,79,1,57510
124,1574590809.423751,192.168.1.4,192.168.1.5,873058178,3160706529,1448,1,58958
125,1574590809.423826,192.168.1.4,192.168.1.5,873059626,3160706529,818,1,59776
126,1574590809.423889,192.168.1.5,192.168.1.4,1834744869,2970618021,245,0,59531
127,1574590809.423954,192.168.1.4,192.168.1.5,2970618021,1834744869,79,1,59610
128,1574590809.424075,192.168.1.4,192.168.1.5,2970618100,1834745114,79,1,59689
129,1574590809.425045,192.168.1.4,192.168.1.5,3066271697,929048209,79,1,59768
130,1574590809.425061,192.168.1.4,192.168.1.5,3066271776,929048209,79,1,59847
131,1574590809.42522,192.168.1.5,192.168.1.4,3160706529,873060444,74,0,59773
132,1574590809.4254,192.168.1.5,192.168.1.4,3160706603,873060444,263,0,59510
133,1574590809.426691,192.168.1.4,192.168.1.5,2783507390,3800844626,79,1,59589
134,1574590809.426708,192.168.1.4,192.168.1.5,2783507469,3800844626,79,1,59668
135,1574590809.427242,192.168.1.4,192.168.1.5,873060444,3160706866,79,1,59747
136,1574590809.427258,192.168.1.4,192.168.1.5,873060523,3160706866,79,1,59826
137,1574590810.461881,192.168.1.4,192.168.1.5,2691609367,3540352550,91,1,59917
138,1574590810.462235,192.168.1.5,192.168.1.4,3540352550,2691609458,539,0,59378
139,1574590810.484591,192.168.1.4,192.168.1.5,2691609458,3540353089,2070,1,61448
140,1574590810.527356,192.168.1.4,192.168.1.5,2691611528,3540353089,1120,1,62568
141,1574590810.52953,192.168.1.5,192.168.1.4,3540353089,2691612648,86,0,62482
142,1574590810.529903,192.168.1.5,192.168.1.4,3540353175,2691612648,108,0,62374
143,1574590810.533766,192.168.1.5,192.168.1.4,4173111521,2413270235,24,0,62350
144,1574590810.533942,192.168.1.5,192.168.1.4,2410337385,2462727713,24,0,62326
145,1574590810.53408,192.168.1.5,192.168.1.4,1834745114,2970618179,24,0,62302
146,1574590810.534185,192.168.1.5,192.168.1.4,1654618194,104119158,24,0,62278
147,1574590810.534286,192.168.1.5,192.168.1.4,3800844626,2783507548,24,0,62254
148,1574590810.551171,192.168.1.4,192.168.1.5,2691612648,3540353283,274,1,62528
149,1574590810.553439,192.168.1.5,192.168.1.4,3540353283,2691612922,338,0,62190
150,1574590810.553662,192.168.1.5,192.168.1.4,3540353621,2691612922,122,0,62068
151,1574590810.553804,192.168.1.5,192.168.1.4,3540353743,2691612922,121,0,61947
152,1574590810.553965,192.168.1.4,192.168.1.5,2691612922,3540353864,53,1,62000
153,1574590810.554124,192.168.1.5,192.168.1.4,3540353864,2691612975,122,0,61878
154,1574590810.554269,192.168.1.5,192.168.1.4,3540353986,2691612975,122,0,61756
155,1574590810.555464,192.168.1.5,192.168.1.4,3540354108,2691612975,122,0,61634
156,1574590810.555625,192.168.1.5,192.168.1.4,3540354230,2691612975,121,0,61513
157,1574590810.555755,192.168.1.5,192.168.1.4,3540354351,2691612975,121,0,61392
158,1574590810.555895,192.168.1.5,192.168.1.4,3540354472,2691612975,53,0,61339
159,1574590810.556062,192.168.1.5,192.168.1.4,3540354525,2691612975,122,0,61217
160,1574590810.556218,192.168.1.5,192.168.1.4,3540354647,2691612975,120,0,61097
161,1574590810.574684,192.168.1.4,192.168.1.5,2691612975,3540354767,2070,1,63167
162,1574590810.578557,192.168.1.4,192.168.1.5,2691615045,3540354767,7240,1,70407
163,1574590810.578721,192.168.1.4,192.168.1.5,2691622285,3540354767,7240,1,77647
164,1574590810.578803,192.168.1.4,192.168.1.5,2691629525,3540354767,14480,1,92127
165,1574590810.578948,192.168.1.4,192.168.1.5,2691644005,3540354767,5065,1,97192
166,1574590810.595629,192.168.1.4,192.168.1.5,2783507548,3800844650,91,1,97283
167,1574590810.595697,192.168.1.4,192.168.1.5,873060602,3160706866,91,1,97374
168,1574590810.595872,192.168.1.4,192.168.1.5,2413270235,4173111545,91,1,97465
169,1574590810.595882,192.168.1.4,192.168.1.5,2462727713,2410337409,91,1,97556
170,1574590810.595978,192.168.1.4,192.168.1.5,104119158,1654618218,91,1,97647
171,1574590810.59609,192.168.1.4,192.168.1.5,3066271855,929048209,91,1,97738
172,1574590810.596208,192.168.1.4,192.168.1.5,2462727804,2410337409,24,1,97762
173,1574590810.597273,192.168.1.4,192.168.1.5,2413270326,4173111545,24,1,97786
174,1574590810.598043,192.168.1.4,192.168.1.5,2783507639,3800844651,24,1,97810
175,1574590810.598991,192.168.1.4,192.168.1.5,104119249,1654618219,24,1,97834
176,1574590810.604085,192.168.1.5,192.168.1.4,3160706866,873060693,539,0,97295
177,1574590810.604475,192.168.1.5,192.168.1.4,929048209,3066271946,539,0,96756
178,1574590810.608465,192.168.1.4,192.168.1.5,2691649070,3540354767,16406,1,113162
179,1574590810.608859,192.168.1.4,192.168.1.5,2691665476,3540354767,16406,1,129568
180,1574590810.608902,192.168.1.4,192.168.1.5,2691681882,3540354767,104,1,129672
181,1574590810.613204,192.168.1.4,192.168.1.5,2691681986,3540354767,16406,1,146078
182,1574590810.61337,192.168.1.4,192.168.1.5,2691698392,3540354767,16406,1,162484
183,1574590810.613609,192.168.1.4,192.168.1.5,2691714798,3540354767,1109,1,163593
184,1574590810.627298,192.168.1.4,192.168.1.5,3066271946,929048748,2070,1,165663
185,1574590810.629223,192.168.1.4,192.168.1.5,2970618179,1834745138,91,1,165754
186,1574590810.629402,192.168.1.4,192.168.1.5,873060693,3160707405,2070,1,167824
187,1574590810.62983,192.168.1.4,192.168.1.5,2970618270,1834745139,24,1,167848
188,1574590810.630918,192.168.1.4,192.168.1.5,2691715907,3540354767,16406,1,184254
189,1574590810.63118,192.168.1.4,192.168.1.5,2691732313,3540354767,16406,1,200660
190,1574590810.631226,192.168.1.4,192.168.1.5,2691748719,3540354767,1020,1,201680
191,1574590810.63883,192.168.1.4,192.168.1.5,2691749739,3540354767,16406,1,218086
192,1574590810.639117,192.168.1.4,192.168.1.5,2691766145,3540354767,16406,1,234492
193,1574590810.639172,192.168.1.4,192.168.1.5,2691782551,3540354767,1210,1,235702
194,1574590810.670303,192.168.1.4,192.168.1.5,3066274016,929048748,1121,1,236823
195,1574590810.670323,192.168.1.4,192.168.1.5,873062763,3160707405,1120,1,237943
196,1574590810.682166,192.168.1.4,192.168.1.5,2691783761,3540354767,7240,1,245183
197,1574590810.68236,192.168.1.4,192.168.1.5,2691791001,3540354767,9166,1,254349
198,1574590810.682429,192.168.1.4,192.168.1.5,2691800167,3540354767,16406,1,270755
199,1574590810.682615,192.168.1.4,192.168.1.5,2691816573,3540354767,11584,1,282339
200,1574590810.682699,192.168.1.4,192.168.1.5,2691828157,3540354767,4822,1,287161
201,1574590810.682721,192.168.1.4,192.168.1.5,2691832979,3540354767,1576,1,288737
202,1574590810.693014,192.168.1.5,192.168.1.4,929048748,3066275137,86,0,288651
203,1574590810.700301,192.168.1.5,192.168.1.4,3160707405,873063883,86,0,288565
204,1574590810.71238,192.168.1.4,192.168.1.5,3066275137,929048834,274,1,288839
205,1574590810.725833,192.168.1.4,192.168.1.5,873063883,3160707491,274,1,289113
206,1574590810.734752,192.168.1.5,192.168.1.4,3160707491,873064157,24,0,289089
207,1574590810.735185,192.168.1.4,192.168.1.5,873064157,3160707515,24,1,289113
208,1574590810.748696,192.168.1.5,192.168.1.4,929048834,3066275411,108,0,289005
209,1574590810.753103,192.168.1.5,192.168.1.4,929048942,3066275411,53,0,288952
210,1574590810.75336,192.168.1.5,192.168.1.4,929048995,3066275411,451,0,288501
211,1574590810.753514,192.168.1.5,192.168.1.4,929049446,3066275411,235,0,288266
212,1574590810.770949,192.168.1.4,192.168.1.5,3066275411,929049681,53,1,288319
213,1574590810.814359,192.168.1.4,192.168.1.5,3066275464,929049681,4113,1,292432
214,1574590810.840179,192.168.1.5,192.168.1.4,477482390,2404255632,343,0,292089
215,1574590810.840607,192.168.1.4,192.168.1.5,2404255632,477482733,99,1,292188
216,1574590810.84083,192.168.1.5,192.168.1.4,477482733,2404255731,382,0,291806
217,1574590810.841459,192.168.1.5,192.168.1.4,929049681,3066279577,235,0,291571
218,1574590810.850323,192.168.1.4,192.168.1.5,2404255731,477483115,2266,1,293837
219,1574590810.851635,192.168.1.5,192.168.1.4,477483115,2404257997,74,0,293763
220,1574590810.851766,192.168.1.5,192.168.1.4,477483189,2404257997,245,0,293518
221,1574590810.852012,192.168.1.4,192.168.1.5,2404257997,477483434,79,1,293597
222,1574590810.852078,192.168.1.4,192.168.1.5,2404258076,477483434,79,1,293676
223,1574590810.868525,192.168.1.4,192.168.1.5,3066279577,929049916,2070,1,295746
224,1574590810.9103,192.168.1.4,192.168.1.5,3066281647,929049916,288,1,296034
225,1574590810.933256,192.168.1.5,192.168.1.4,723404181,1264789185,343,0,295691
226,1574590810.933841,192.168.1.4,192.168.1.5,1264789185,723404524,99,1,295790
227,1574590810.934391,192.168.1.5,192.168.1.4,723404524,1264789284,382,0,295408
228,1574590810.949072,192.168.1.4,192.168.1.5,1264789284,723404906,2266,1,297674
229,1574590810.949935,192.168.1.5,192.168.1.4,723404906,1264791550,74,0,297600
230,1574590810.950077,192.168.1.5,192.168.1.4,723404980,1264791550,231,0,297369
231,1574590810.950438,192.168.1.4,192.168.1.5,1264791550,723405211,79,1,297448
232,1574590810.950535,192.168.1.4,192.168.1.5,1264791629,723405211,79,1,297527
233,1574590811.319094,192.168.1.5,192.168.1.4,1781890058,3071857655,343,0,297184
234,1574590811.319594,192.168.1.4,192.168.1.5,3071857655,1781890401,99,1,297283
235,1574590811.319894,192.168.1.5,192.168.1.4,1781890401,3071857754,382,0,296901
236,1574590811.329444,192.168.1.4,192.168.1.5,3071857754,1781890783,2266,1,299167
237,1574590811.330484,192.168.1.5,192.168.1.4,1781890783,3071860020,74,0,299093
238,1574590811.330995,192.168.1.5,192.168.1.4,1781890857,3071860020,245,0,298848
239,1574590811.331105,192.168.1.4,192.168.1.5,3071860020,1781890857,79,1,298927
240,1574590811.331125,192.168.1.4,192.168.1.5,3071860099,1781890857,79,1,299006
241,1574590811.359012,192.168.1.5,192.168.1.4,3154597420,15885311,343,0,298663
242,1574590811.359604,192.168.1.4,192.168.1.5,15885311,3154597763,99,1,298762
243,1574590811.359929,192.168.1.5,192.168.1.4,3154597763,15885410,382,0,298380
244,1574590811.375272,192.168.1.4,192.168.1.5,15885410,3154598145,2266,1,300646
245,1574590811.376212,192.168.1.5,192.168.1.4,3154598145,15887676,74,0,300572
246,1574590811.376369,192.168.1.5,192.168.1.4,3154598219,15887676,245,0,300327
247,1574590811.376727,192.168.1.4,192.168.1.5,15887676,3154598464,79,1,300406
248,1574590811.377939,192.168.1.4,192.168.1.5,15887755,3154598464,79,1,300485
249,1574590811.394747,192.168.1.5,192.168.1.4,2976667778,956045453,343,0,300142
250,1574590811.395151,192.168.1.4,192.168.1.5,956045453,2976668121,99,1,300241
251,1574590811.395633,192.168.1.5,192.168.1.4,2976668121,956045552,382,0,299859
252,1574590811.411085,192.168.1.4,192.168.1.5,956045552,2976668503,2266,1,302125
253,1574590811.412081,192.168.1.5,192.168.1.4,2976668503,956047818,74,0,302051
254,1574590811.412213,192.168.1.5,192.168.1.4,2976668577,956047818,245,0,301806
255,1574590811.412475,192.168.1.4,192.168.1.5,956047818,2976668822,79,1,301885
256,1574590811.412566,192.168.1.4,192.168.1.5,956047897,2976668822,79,1,301964
257,1574590811.41339,192.168.1.5,192.168.1.4,3540354767,2691834555,124,0,301840
258,1574590811.415082,192.168.1.5,192.168.1.4,3540354891,2691834555,124,0,301716
259,1574590811.417118,192.168.1.5,192.168.1.4,3540355015,2691834555,115,0,301601
260,1574590811.430139,192.168.1.5,192.168.1.4,3540355130,2691834555,125,0,301476
261,1574590811.432201,192.168.1.5,192.168.1.4,3540355255,2691834555,116,0,301360
262,1574590811.436252,192.168.1.4,192.168.1.5,2691834555,3540355371,7240,1,308600
263,1574590811.436514,192.168.1.4,192.168.1.5,2691841795,3540355371,2992,1,311592
264,1574590811.436543,192.168.1.4,192.168.1.5,2691844787,3540355371,1410,1,313002
265,1574590811.437602,192.168.1.4,192.168.1.5,2691846197,3540355371,12514,1,325516
266,1574590811.440076,192.168.1.4,192.168.1.5,2691858711,3540355371,4118,1,329634
267,1574590811.467585,192.168.1.4,192.168.1.5,2691862829,3540355371,13032,1,342666
268,1574590811.468514,192.168.1.4,192.168.1.5,2691875861,3540355371,3374,1,346040
269,1574590811.468611,192.168.1.4,192.168.1.5,2691879235,3540355371,8688,1,354728
270,1574590811.469699,192.168.1.4,192.168.1.5,2691887923,3540355371,18824,1,373552
271,1574590811.469977,192.168.1.4,192.168.1.5,2691906747,3540355371,15928,1,389480
272,1574590811.470052,192.168.1.4,192.168.1.5,2691922675,3540355371,18096,1,407576
273,1574590811.470372,192.168.1.4,192.168.1.5,2691940771,3540355371,6962,1,414538
274,1574590811.471777,192.168.1.4,192.168.1.5,2691947733,3540355371,4186,1,418724
275,1574590811.4723,192.168.1.4,192.168.1.5,2691951919,3540355371,1410,1,420134
276,1574590811.473408,192.168.1.4,192.168.1.5,2691953329,3540355371,3155,1,423289
277,1574590811.475401,192.168.1.4,192.168.1.5,2691956484,3540355371,2798,1,426087
278,1574590811.477718,192.168.1.4,192.168.1.5,2691959282,3540355371,5574,1,431661
279,1574590811.501526,192.168.1.4,192.168.1.5,2691964856,3540355371,6962,1,438623
280,1574590811.504099,192.168.1.4,192.168.1.5,2691971818,3540355371,11126,1,449749
281,1574590811.508133,192.168.1.4,192.168.1.5,2691982944,3540355371,12514,1,462263
282,1574590811.509517,192.168.1.4,192.168.1.5,2691995458,3540355371,2798,1,465061
283,1574590811.512469,192.168.1.4,192.168.1.5,2691998256,3540355371,5574,1,470635
284,1574590811.51347,192.168.1.4,192.168.1.5,2692003830,3540355371,4186,1,474821
285,1574590811.51476,192.168.1.4,192.168.1.5,2692008016,3540355371,6962,1,481783
286,1574590811.516483,192.168.1.4,192.168.1.5,2692014978,3540355371,1410,1,483193
287,1574590811.521468,192.168.1.4,192.168.1.5,2692016388,3540355371,12731,1,495924
288,1574590811.523455,192.168.1.4,192.168.1.5,2692029119,3540355371,9738,1,505662
289,1574590811.528429,192.168.1.4,192.168.1.5,2692038857,3540355371,16406,1,522068
290,1574590811.528625,192.168.1.4,192.168.1.5,2692055263,3540355371,1764,1,523832
291,1574590811.529877,192.168.1.4,192.168.1.5,2692057027,3540355371,13902,1,537734
292,1574590811.531624,192.168.1.4,192.168.1.5,2692070929,3540355371,8350,1,546084
293,1574590811.532106,192.168.1.4,192.168.1.5,2692079279,3540355371,2798,1,548882
294,1574590811.535823,192.168.1.4,192.168.1.5,2692082077,3540355371,6627,1,555509
295,1574590811.965471,192.168.1.5,192.168.1.4,3540355371,2692088704,116,0,555393
296,1574590811.969094,192.168.1.5,192.168.1.4,3540355487,2692088704,124,0,555269
297,1574590811.971351,192.168.1.5,192.168.1.4,3540355611,2692088704,124,0,555145
298,1574590811.98027,192.168.1.5,192.168.1.4,3540355735,2692088704,125,0,555020
299,1574590811.983235,192.168.1.5,192.168.1.4,3540355860,2692088704,124,0,554896
300,1574590811.985851,192.168.1.4,192.168.1.5,2692088704,3540355984,2070,1,556966
301,1574590811.985916,192.168.1.4,192.168.1.5,2692090774,3540355984,2070,1,559036
302,1574590811.986101,192.168.1.4,192.168.1.5,2692092844,3540355984,236,1,559272
303,1574590811.98811,192.168.1.4,192.168.1.5,2692093080,3540355984,2070,1,561342
304,1574590811.988331,192.168.1.4,192.168.1.5,2692095150,3540355984,991,1,562333
305,1574590811.990501,192.168.1.4,192.168.1.5,2692096141,3540355984,2070,1,564403
306,1574590811.990737,192.168.1.4,192.168.1.5,2692098211,3540355984,2070,1,566473
307,1574590811.991624,192.168.1.4,192.168.1.5,2692100281,3540355984,385,1,566858
308,1574590811.991655,192.168.1.4,192.168.1.5,2692100666,3540355984,236,1,567094
309,1574590811.993178,192.168.1.4,192.168.1.5,2692100902,3540355984,2070,1,569164
310,1574590811.993225,192.168.1.4,192.168.1.5,2692102972,3540355984,2070,1,571234
311,1574590811.993254,192.168.1.4,192.168.1.5,2692105042,3540355984,2070,1,573304
312,1574590811.993414,192.168.1.4,192.168.1.5,2692107112,3540355984,818,1,574122
313,1574590811.994973,192.168.1.4,192.168.1.5,2692107930,3540355984,2070,1,576192
314,1574590812.010765,192.168.1.5,192.168.1.4,3540355984,2692110000,124,0,576068
315,1574590812.011249,192.168.1.4,192.168.1.5,2692110000,3540356108,15928,1,591996
316,1574590812.01138,192.168.1.4,192.168.1.5,2692125928,3540356108,478,1,592474
317,1574590812.011495,192.168.1.4,192.168.1.5,2692126406,3540356108,18824,1,611298
318,1574590812.011658,192.168.1.4,192.168.1.5,2692145230,3540356108,13032,1,624330
319,1574590812.01183,192.168.1.4,192.168.1.5,2692158262,3540356108,4344,1,628674
320,1574590812.011921,192.168.1.4,192.168.1.5,2692162606,3540356108,8275,1,636949
321,1574590812.032785,192.168.1.5,192.168.1.4,3540356108,2692170881,125,0,636824
322,1574590812.033195,192.168.1.4,192.168.1.5,2692170881,3540356233,7735,1,644559
323,1574590812.060038,192.168.1.5,192.168.1.4,3540356233,2692178616,116,0,644443
324,1574590812.060201,192.168.1.5,192.168.1.4,3540356349,2692178616,124,0,644319
325,1574590812.0603,192.168.1.5,192.168.1.4,3540356473,2692178616,123,0,644196
326,1574590812.060398,192.168.1.5,192.168.1.4,3540356596,2692178616,124,0,644072
327,1574590812.06049,192.168.1.5,192.168.1.4,3540356720,2692178616,124,0,643948
328,1574590812.06059,192.168.1.5,192.168.1.4,3540356844,2692178616,124,0,643824
329,1574590812.060684,192.168.1.4,192.168.1.5,2692178616,3540356720,14480,1,658304
330,1574590812.060786,192.168.1.4,192.168.1.5,2692193096,3540356720,1926,1,660230
331,1574590812.06079,192.168.1.4,192.168.1.5,2692195022,3540356968,278,1,660508
332,1574590812.064792,192.168.1.5,192.168.1.4,3540356968,2692195300,116,0,660392
333,1574590812.068123,192.168.1.5,192.168.1.4,3540357084,2692195300,124,0,660268
334,1574590812.068271,192.168.1.5,192.168.1.4,3540357208,2692195300,124,0,660144
335,1574590812.068368,192.168.1.5,192.168.1.4,3540357332,2692195300,123,0,660021
336,1574590812.068461,192.168.1.5,192.168.1.4,3540357455,2692195300,116,0,659905
337,1574590812.068562,192.168.1.5,192.168.1.4,3540357571,2692195300,116,0,659789
338,1574590812.070771,192.168.1.5,192.168.1.4,3540357687,2692195300,116,0,659673
339,1574590812.073781,192.168.1.5,192.168.1.4,3540357803,2692195300,116,0,659557
340,1574590812.075945,192.168.1.5,192.168.1.4,3540357919,2692195300,116,0,659441
341,1574590812.081865,192.168.1.4,192.168.1.5,2692195300,3540358035,2070,1,661511
342,1574590812.102427,192.168.1.4,192.168.1.5,2692197370,3540358035,16406,1,677917
343,1574590812.102501,192.168.1.4,192.168.1.5,2692213776,3540358035,16406,1,694323
344,1574590812.102827,192.168.1.4,192.168.1.5,2692230182,3540358035,15928,1,710251
345,1574590812.107887,192.168.1.4,192.168.1.5,2692246110,3540358035,17103,1,727354
346,1574590812.146295,192.168.1.4,192.168.1.5,2692263213,3540358035,16406,1,743760
347,1574590812.146382,192.168.1.4,192.168.1.5,2692279619,3540358035,16406,1,760166
348,1574590812.146436,192.168.1.4,192.168.1.5,2692296025,3540358035,5792,1,765958
349,1574590812.146501,192.168.1.4,192.168.1.5,2692301817,3540358035,10136,1,776094
350,1574590812.146512,192.168.1.4,192.168.1.5,2692311953,3540358035,478,1,776572
351,1574590812.146583,192.168.1.4,192.168.1.5,2692312431,3540358035,7240,1,783812
352,1574590812.146651,192.168.1.4,192.168.1.5,2692319671,3540358035,1871,1,785683
353,1574590812.173465,192.168.1.4,192.168.1.5,2692321542,3540358035,2070,1,787753
354,1574590812.173519,192.168.1.4,192.168.1.5,2692323612,3540358035,750,1,788503
355,1574590812.17399,192.168.1.4,192.168.1.5,2692324362,3540358035,2070,1,790573
356,1574590812.174248,192.168.1.4,192.168.1.5,2692326432,3540358035,750,1,791323
357,1574590812.180062,192.168.1.4,192.168.1.5,2692327182,3540358035,2070,1,793393
358,1574590812.18795,192.168.1.4,192.168.1.5,2692329252,3540358035,2070,1,795463
359,1574590812.222387,192.168.1.4,192.168.1.5,2692331322,3540358035,16406,1,811869
360,1574590812.222453,192.168.1.4,192.168.1.5,2692347728,3540358035,16406,1,828275
361,1574590812.222471,192.168.1.4,192.168.1.5,2692364134,3540358035,4619,1,832894
362,1574590812.255694,192.168.1.4,192.168.1.5,2692368753,3540358035,16406,1,849300
363,1574590812.255828,192.168.1.4,192.168.1.5,2692385159,3540358035,16406,1,865706
364,1574590812.255888,192.168.1.4,192.168.1.5,2692401565,3540358035,16406,1,882112
365,1574590812.255995,192.168.1.4,192.168.1.5,2692417971,3540358035,16353,1,898465
366,1574590812.256115,192.168.1.4,192.168.1.5,2692434324,3540358035,1448,1,899913
367,1574590812.257547,192.168.1.4,192.168.1.5,2692435772,3540358035,4174,1,904087
368,1574590812.268966,192.168.1.4,192.168.1.5,2692439946,3540358035,16406,1,920493
369,1574590812.26905,192.168.1.4,192.168.1.5,2692456352,3540358035,16406,1,936899
370,1574590812.269406,192.168.1.4,192.168.1.5,2692472758,3540358035,16406,1,953305
371,1574590812.269461,192.168.1.4,192.168.1.5,2692489164,3540358035,16353,1,969658
372,1574590812.269477,192.168.1.4,192.168.1.5,2692505517,3540358035,1483,1,971141
373,1574590812.269559,192.168.1.4,192.168.1.5,2692507000,3540358035,2070,1,973211
374,1574590812.269628,192.168.1.4,192.168.1.5,2692509070,3540358035,2070,1,975281
375,1574590812.270057,192.168.1.4,192.168.1.5,2692511140,3540358035,16406,1,991687
376,1574590812.270143,192.168.1.4,192.168.1.5,2692527546,3540358035,14480,1,1006167
377,1574590812.270256,192.168.1.4,192.168.1.5,2692542026,3540358035,1926,1,1008093
378,1574590812.270272,192.168.1.4,192.168.1.5,2692543952,3540358035,16406,1,1024499
379,1574590812.270358,192.168.1.4,192.168.1.5,2692560358,3540358035,16353,1,1040852
380,1574590812.270451,192.168.1.4,192.168.1.5,2692576711,3540358035,75,1,1040927
381,1574590812.270583,192.168.1.4,192.168.1.5,2692576786,3540358035,2070,1,1042997
382,1574590812.270621,192.168.1.4,192.168.1.5,2692578856,3540358035,1448,1,1044445
383,1574590812.271657,192.168.1.4,192.168.1.5,2692580304,3540358035,622,1,1045067
384,1574590812.302112,192.168.1.4,192.168.1.5,2692580926,3540358035,16406,1,1061473
385,1574590812.302195,192.168.1.4,192.168.1.5,2692597332,3540358035,16406,1,1077879
386,1574590812.30224,192.168.1.4,192.168.1.5,2692613738,3540358035,16406,1,1094285
387,1574590812.302298,192.168.1.4,192.168.1.5,2692630144,3540358035,4344,1,1098629
388,1574590812.302539,192.168.1.4,192.168.1.5,2692634488,3540358035,11584,1,1110213
389,1574590812.302687,192.168.1.4,192.168.1.5,2692646072,3540358035,5448,1,1115661
390,1574590812.30271,192.168.1.4,192.168.1.5,2692651520,3540358035,4140,1,1119801
391,1574590812.302819,192.168.1.4,192.168.1.5,2692655660,3540358035,4140,1,1123941
392,1574590812.302943,192.168.1.4,192.168.1.5,2692659800,3540358035,2070,1,1126011
393,1574590812.303074,192.168.1.4,192.168.1.5,2692661870,3540358035,2070,1,1128081
394,1574590812.303146,192.168.1.4,192.168.1.5,2692663940,3540358035,4140,1,1132221
395,1574590812.303307,192.168.1.4,192.168.1.5,2692668080,3540358035,2070,1,1134291
396,1574590812.30363,192.168.1.4,192.168.1.5,2692670150,3540358035,16406,1,1150697
397,1574590812.303701,192.168.1.4,192.168.1.5,2692686556,3540358035,16406,1,1167103
398,1574590812.30376,192.168.1.4,192.168.1.5,2692702962,3540358035,16406,1,1183509
399,1574590812.303905,192.168.1.4,192.168.1.5,2692719368,3540358035,16353,1,1199862
400,1574590812.303921,192.168.1.4,192.168.1.5,2692735721,3540358035,75,1,1199937
401,1574590812.304026,192.168.1.4,192.168.1.5,2692735796,3540358035,2070,1,1202007
402,1574590812.304075,192.168.1.4,192.168.1.5,2692737866,3540358035,2070,1,1204077
403,1574590812.321884,192.168.1.4,192.168.1.5,2692739936,3540358035,16406,1,1220483
404,1574590812.321979,192.168.1.4,192.168.1.5,2692756342,3540358035,16406,1,1236889
405,1574590812.322435,192.168.1.4,192.168.1.5,2692772748,3540358035,14480,1,1251369
406,1574590812.322806,192.168.1.4,192.168.1.5,2692787228,3540358035,1926,1,1253295
407,1574590812.322857,192.168.1.4,192.168.1.5,2692789154,3540358035,16353,1,1269648
408,1574590812.322877,192.168.1.4,192.168.1.5,2692805507,3540358035,237,1,1269885
409,1574590812.322919,192.168.1.4,192.168.1.5,2692805744,3540358035,2070,1,1271955
410,1574590812.322926,192.168.1.4,192.168.1.5,2692807814,3540358035,2070,1,1274025
411,1574590812.366458,192.168.1.4,192.168.1.5,2692809884,3540358035,4038,1,1278063
412,1574590812.922823,192.168.1.4,192.168.1.5,2404258155,477483434,91,1,1278154
413,1574590812.923442,192.168.1.5,192.168.1.4,477483434,2404258246,539,0,1277615
414,1574590812.947307,192.168.1.4,192.168.1.5,2404258246,477483973,2070,1,1279685
415,1574590812.990484,192.168.1.4,192.168.1.5,2404260316,477483973,1121,1,1280806
416,1574590812.992714,192.168.1.5,192.168.1.4,477483973,2404261437,86,0,1280720
417,1574590812.993153,192.168.1.5,192.168.1.4,477484059,2404261437,108,0,1280612
418,1574590812.99352,192.168.1.5,192.168.1.4,1781891102,3071860178,24,0,1280588
419,1574590812.993897,192.168.1.5,192.168.1.4,3154598464,15887834,24,0,1280564
420,1574590812.994139,192.168.1.5,192.168.1.4,2976668822,956047976,24,0,1280540
421,1574590812.999603,192.168.1.5,192.168.1.4,477484167,2404261437,356,0,1280184
422,1574590812.999898,192.168.1.5,192.168.1.4,477484523,2404261437,166,0,1280018
423,1574590813.000188,192.168.1.5,192.168.1.4,477484689,2404261437,121,0,1279897
424,1574590813.000464,192.168.1.5,192.168.1.4,477484810,2404261437,100,0,1279797
425,1574590813.000677,192.168.1.5,192.168.1.4,477484910,2404261437,101,0,1279696
426,1574590813.019416,192.168.1.4,192.168.1.5,2404261437,477485011,305,1,1280001
427,1574590813.019804,192.168.1.5,192.168.1.4,477485011,2404261742,53,0,1279948
428,1574590813.024555,192.168.1.4,192.168.1.5,2404261742,477485064,2070,1,1282018
429,1574590813.028246,192.168.1.4,192.168.1.5,2404263812,477485064,13032,1,1295050
430,1574590813.028504,192.168.1.4,192.168.1.5,2404276844,477485064,1448,1,1296498
431,1574590813.0287,192.168.1.4,192.168.1.5,2404278292,477485064,8688,1,1305186
432,1574590813.029058,192.168.1.4,192.168.1.5,2404286980,477485064,11535,1,1316721
433,1574590813.070268,192.168.1.4,192.168.1.5,2404298515,477485064,2661,1,1319382
434,1574590813.257531,192.168.1.4,192.168.1.5,3071860178,1781891126,91,1,1319473
435,1574590813.257844,192.168.1.4,192.168.1.5,3071860269,1781891126,24,1,1319497
436,1574590813.369008,192.168.1.4,192.168.1.5,1264791708,723405211,91,1,1319588
437,1574590813.369528,192.168.1.4,192.168.1.5,15887834,3154598488,91,1,1319679
438,1574590813.369556,192.168.1.4,192.168.1.5,15887925,3154598488,24,1,1319703
439,1574590813.372412,192.168.1.5,192.168.1.4,723405211,1264791799,539,0,1319164
440,1574590813.443766,192.168.1.4,192.168.1.5,1264791799,723405750,2070,1,1321234
441,1574590813.479731,192.168.1.4,192.168.1.5,956047976,2976668846,91,1,1321325
442,1574590813.479861,192.168.1.4,192.168.1.5,956048067,2976668846,24,1,1321349
443,1574590813.486322,192.168.1.4,192.168.1.5,1264793869,723405750,1121,1,1322470
444,1574590813.488922,192.168.1.5,192.168.1.4,723405750,1264794990,86,0,1322384
445,1574590813.489547,192.168.1.5,192.168.1.4,723405836,1264794990,108,0,1322276
446,1574590813.490118,192.168.1.5,192.168.1.4,723405944,1264794990,295,0,1321981
447,1574590813.512112,192.168.1.4,192.168.1.5,1264794990,723406239,318,1,1322299
448,1574590813.512434,192.168.1.5,192.168.1.4,723406239,1264795308,53,0,1322246
449,1574590813.559811,192.168.1.4,192.168.1.5,1264795308,723406292,984,1,1323230
450,1574590813.596399,192.168.1.5,192.168.1.4,793701096,4090838992,343,0,1322887
451,1574590813.59676,192.168.1.4,192.168.1.5,4090838992,793701439,99,1,1322986
452,1574590813.597156,192.168.1.5,192.168.1.4,793701439,4090839091,382,0,1322604
453,1574590813.608386,192.168.1.4,192.168.1.5,4090839091,793701821,2266,1,1324870
454,1574590813.609427,192.168.1.5,192.168.1.4,793701821,4090841357,74,0,1324796
455,1574590813.609794,192.168.1.4,192.168.1.5,4090841357,793701895,79,1,1324875
456,1574590813.610002,192.168.1.5,192.168.1.4,793701895,4090841436,239,0,1324636
457,1574590813.610057,192.168.1.4,192.168.1.5,4090841436,793701895,79,1,1324715
458,1574590813.630698,192.168.1.5,192.168.1.4,727862511,824723519,363,0,1324352
459,1574590813.652138,192.168.1.4,192.168.1.5,824723519,727862874,57,1,1324409
460,1574590813.653061,192.168.1.5,192.168.1.4,477485064,2404301176,98,0,1324311
461,1574590813.672967,192.168.1.4,192.168.1.5,2404301176,477485162,4118,1,1328429
462,1574590813.683617,192.168.1.5,192.168.1.4,2647252132,1987440835,343,0,1328086
463,1574590813.683974,192.168.1.4,192.168.1.5,1987440835,2647252475,99,1,1328185
464,1574590813.684443,192.168.1.5,192.168.1.4,2647252475,1987440934,382,0,1327803
465,1574590813.693772,192.168.1.4,192.168.1.5,1987440934,2647252857,2266,1,1330069
466,1574590813.694706,192.168.1.5,192.168.1.4,2647252857,1987443200,74,0,1329995
467,1574590813.694822,192.168.1.5,192.168.1.4,2647252931,1987443200,170,0,1329825
468,1574590813.69507,192.168.1.4,192.168.1.5,1987443200,2647252931,79,1,1329904
469,1574590813.695187,192.168.1.4,192.168.1.5,1987443279,2647253101,79,1,1329983
470,1574590813.700542,192.168.1.4,192.168.1.5,824723576,727862874,1536,1,1331519
471,1574590813.714297,192.168.1.4,192.168.1.5,2404305294,477485162,1675,1,1333194
472,1574590814.262417,192.168.1.4,192.168.1.5,1987443358,2647253101,670,1,1333864
473,1574590814.262444,192.168.1.4,192.168.1.5,1987444028,2647253101,24,1,1333888
474,1574590814.263619,192.168.1.5,192.168.1.4,2647253101,1987444052,24,0,1333864
475,1574590814.267943,192.168.1.5,192.168.1.4,1022435236,2052468807,343,0,1333521
476,1574590814.268264,192.168.1.4,192.168.1.5,2052468807,1022435579,99,1,1333620
477,1574590814.268699,192.168.1.5,192.168.1.4,1022435579,2052468906,382,0,1333238
478,1574590814.277941,192.168.1.4,192.168.1.5,2052468906,1022435961,2266,1,1335504
479,1574590814.278895,192.168.1.5,192.168.1.4,1022435961,2052471172,74,0,1335430
480,1574590814.279044,192.168.1.5,192.168.1.4,1022436035,2052471172,170,0,1335260
481,1574590814.279285,192.168.1.4,192.168.1.5,2052471172,1022436205,79,1,1335339
482,1574590814.279891,192.168.1.4,192.168.1.5,2052471251,1022436205,79,1,1335418
483,1574590814.690095,192.168.1.4,192.168.1.5,4090841515,793702134,91,1,1335509
484,1574590814.690899,192.168.1.5,192.168.1.4,793702134,4090841606,539,0,1334970
485,1574590814.714051,192.168.1.4,192.168.1.5,4090841606,793702673,2070,1,1337040
486,1574590814.754497,192.168.1.4,192.168.1.5,4090843676,793702673,1120,1,1338160
487,1574590814.757466,192.168.1.5,192.168.1.4,793702673,4090844796,86,0,1338074
488,1574590814.758045,192.168.1.5,192.168.1.4,793702759,4090844796,108,0,1337966
489,1574590814.758581,192.168.1.5,192.168.1.4,793702867,4090844796,236,0,1337730
490,1574590814.776792,192.168.1.4,192.168.1.5,4090844796,793703103,274,1,1338004
491,1574590814.777325,192.168.1.5,192.168.1.4,793703103,4090845070,53,0,1337951
492,1574590814.781183,192.168.1.4,192.168.1.5,4090845070,793703156,66,1,1338017
493,1574590814.829422,192.168.1.4,192.168.1.5,4090845136,793703156,1307,1,1339324
494,1574590815.993435,192.168.1.4,192.168.1.5,2052471330,1022436205,670,1,1339994
495,1574590815.993488,192.168.1.4,192.168.1.5,2052472000,1022436205,24,1,1340018
496,1574590815.994762,192.168.1.5,192.168.1.4,1022436205,2052472024,24,0,1339994
497,1574590816.003148,192.168.1.5,192.168.1.4,521261692,3173466241,343,0,1339651
498,1574590816.004057,192.168.1.4,192.168.1.5,3173466241,521262035,99,1,1339750
499,1574590816.005145,192.168.1.5,192.168.1.4,521262035,3173466340,382,0,1339368
500,1574590816.016261,192.168.1.4,192.168.1.5,3173466340,521262417,2266,1,1341634
501,1574590816.017261,192.168.1.5,192.168.1.4,521262417,3173468606,74,0,1341560
502,1574590816.01747,192.168.1.5,192.168.1.4,521262491,3173468606,170,0,1341390
503,1574590816.017805,192.168.1.4,192.168.1.5,3173468606,521262661,79,1,1341469
504,1574590816.017913,192.168.1.4,192.168.1.5,3173468685,521262661,79,1,1341548
505,1574590817.558408,192.168.1.4,192.168.1.5,3173468764,521262661,670,1,1342218
506,1574590817.558459,192.168.1.4,192.168.1.5,3173469434,521262661,24,1,1342242
507,1574590817.559691,192.168.1.5,192.168.1.4,521262661,3173469458,24,0,1342218
508,1574590817.56733,192.168.1.5,192.168.1.4,3095999454,2761435880,343,0,1341875
509,1574590817.568057,192.168.1.4,192.168.1.5,2761435880,3095999797,99,1,1341974
510,1574590817.568953,192.168.1.5,192.168.1.4,3095999797,2761435979,382,0,1341592
511,1574590817.582197,192.168.1.4,192.168.1.5,2761435979,3096000179,2266,1,1343858
512,1574590817.584745,192.168.1.5,192.168.1.4,3096000179,2761438245,74,0,1343784
513,1574590817.585054,192.168.1.5,192.168.1.4,3096000253,2761438245,170,0,1343614
514,1574590817.585318,192.168.1.4,192.168.1.5,2761438245,3096000423,79,1,1343693
515,1574590817.585337,192.168.1.4,192.168.1.5,2761438324,3096000423,79,1,1343772
516,1574590817.826442,192.168.1.5,192.168.1.4,185913621,125977902,343,0,1343429
517,1574590817.827265,192.168.1.4,192.168.1.5,125977902,185913964,99,1,1343528
518,1574590817.828309,192.168.1.5,192.168.1.4,185913964,125978001,382,0,1343146
519,1574590817.84009,192.168.1.4,192.168.1.5,125978001,185914346,2266,1,1345412
520,1574590817.841002,192.168.1.5,192.168.1.4,185914346,125980267,74,0,1345338
521,1574590817.841157,192.168.1.5,192.168.1.4,185914420,125980267,237,0,1345101
522,1574590817.841381,192.168.1.4,192.168.1.5,125980267,185914657,79,1,1345180
523,1574590817.842654,192.168.1.4,192.168.1.5,125980346,185914657,79,1,1345259
524,1574590819.229541,192.168.1.4,192.168.1.5,2761438403,3096000423,125,1,1345384
525,1574590819.23017,192.168.1.4,192.168.1.5,2761438528,3096000423,567,1,1345951
526,1574590819.230249,192.168.1.4,192.168.1.5,2761439095,3096000423,24,1,1345975
527,1574590819.230511,192.168.1.5,192.168.1.4,3096000423,2761439119,24,0,1345951
528,1574590819.260998,192.168.1.5,192.168.1.4,727862874,824725112,146,0,1345805
529,1574590819.261664,192.168.1.5,192.168.1.4,727863020,824725112,2739,0,1343066
530,1574590819.269851,192.168.1.5,192.168.1.4,727865759,824725112,89,0,1342977
531,1574590819.270487,192.168.1.5,192.168.1.4,727865848,824725112,2211,0,1340766
532,1574590819.280126,192.168.1.4,192.168.1.5,824725112,727868059,57,1,1340823
533,1574590819.290529,192.168.1.4,192.168.1.5,824725169,727868059,57,1,1340880
534,1574590819.330567,192.168.1.4,192.168.1.5,824725226,727868059,312,1,1341192
535,1574590819.35166,192.168.1.4,192.168.1.5,824725538,727868059,168,1,1341360
