index,time,src_ip,dst_ip,tcp_seq,tcp_ack,tcp_len,direction,cumul_sum
1,1574590862.595116,192.168.1.4,192.168.1.5,4214272931,4076284149,91,1,91
2,1574590862.595457,192.168.1.4,192.168.1.5,4214273022,4076284149,24,1,115
3,1574590862.782272,192.168.1.4,192.168.1.5,2420206835,645740602,91,1,206
4,1574590862.782804,192.168.1.4,192.168.1.5,1384161030,2568957078,91,1,297
5,1574590862.784101,192.168.1.4,192.168.1.5,1384161121,2568957078,24,1,321
6,1574590862.785909,192.168.1.4,192.168.1.5,2420206926,645740603,24,1,345
7,1574590862.787391,192.168.1.4,192.168.1.5,2522812638,363752076,91,1,436
8,1574590862.78779,192.168.1.4,192.168.1.5,2522812729,363752076,24,1,460
9,1574590863.206974,192.168.1.4,192.168.1.5,1566627447,1442224353,91,1,551
10,1574590863.207,192.168.1.4,192.168.1.5,1566627538,1442224353,24,1,575
11,1574590863.362333,192.168.1.4,192.168.1.5,3390193892,2914150072,91,1,666
12,1574590863.362652,192.168.1.4,192.168.1.5,3390193983,2914150072,24,1,690
13,1574590867.618246,192.168.1.5,192.168.1.4,3410585946,1440951509,343,0,347
14,1574590867.619171,192.168.1.4,192.168.1.5,1440951509,3410586289,99,1,446
15,1574590867.61979,192.168.1.5,192.168.1.4,3410586289,1440951608,382,0,64
16,1574590867.631256,192.168.1.4,192.168.1.5,1440951608,3410586671,2266,1,2330
17,1574590867.63216,192.168.1.5,192.168.1.4,3410586671,1440953874,74,0,2256
18,1574590867.632336,192.168.1.5,192.168.1.4,3410586745,1440953874,245,0,2011
19,1574590867.632605,192.168.1.4,192.168.1.5,1440953874,3410586990,79,1,2090
20,1574590867.63717,192.168.1.4,192.168.1.5,1440953953,3410586990,79,1,2169
21,1574590867.774596,192.168.1.5,192.168.1.4,3845634318,1473834967,343,0,1826
22,1574590867.774981,192.168.1.4,192.168.1.5,1473834967,3845634661,99,1,1925
23,1574590867.775307,192.168.1.5,192.168.1.4,3845634661,1473835066,382,0,1543
24,1574590867.777338,192.168.1.5,192.168.1.4,2415746435,1704949575,343,0,1200
25,1574590867.784198,192.168.1.4,192.168.1.5,1704949575,2415746778,99,1,1299
26,1574590867.785443,192.168.1.5,192.168.1.4,2415746778,1704949674,382,0,917
27,1574590867.793507,192.168.1.4,192.168.1.5,1473835066,3845635043,2266,1,3183
28,1574590867.794346,192.168.1.5,192.168.1.4,3845635043,1473837332,74,0,3109
29,1574590867.794456,192.168.1.5,192.168.1.4,3845635117,1473837332,239,0,2870
30,1574590867.794671,192.168.1.4,192.168.1.5,1473837332,3845635356,79,1,2949
31,1574590867.795627,192.168.1.4,192.168.1.5,1473837411,3845635356,79,1,3028
32,1574590867.798161,192.168.1.4,192.168.1.5,1704949674,2415747160,2266,1,5294
33,1574590867.799102,192.168.1.5,192.168.1.4,2415747160,1704951940,74,0,5220
34,1574590867.799228,192.168.1.5,192.168.1.4,2415747234,1704951940,239,0,4981
35,1574590867.799535,192.168.1.4,192.168.1.5,1704951940,2415747473,79,1,5060
36,1574590867.799553,192.168.1.4,192.168.1.5,1704952019,2415747473,79,1,5139
37,1574590869.461157,192.168.1.4,192.168.1.5,1440954032,3410586990,91,1,5230
38,1574590869.46227,192.168.1.5,192.168.1.4,3410586990,1440954123,539,0,4691
39,1574590869.507002,192.168.1.4,192.168.1.5,1440954123,3410587529,2070,1,6761
40,1574590869.550501,192.168.1.4,192.168.1.5,1440956193,3410587529,1018,1,7779
41,1574590869.556928,192.168.1.5,192.168.1.4,3410587529,1440957211,86,0,7693
42,1574590869.557843,192.168.1.5,192.168.1.4,3410587615,1440957211,108,0,7585
43,1574590869.558475,192.168.1.5,192.168.1.4,3410587723,1440957211,321,0,7264
44,1574590869.558749,192.168.1.5,192.168.1.4,3410588044,1440957211,54,0,7210
45,1574590869.595574,192.168.1.4,192.168.1.5,1440957211,3410588098,617,1,7827
46,1574590869.596249,192.168.1.5,192.168.1.4,3410588098,1440957828,53,0,7774
47,1574590869.610599,192.168.1.4,192.168.1.5,1440957828,3410588151,1455,1,9229
48,1574590869.613471,192.168.1.5,192.168.1.4,3410588151,1440959283,61,0,9168
49,1574590869.616428,192.168.1.4,192.168.1.5,1704952098,2415747473,91,1,9259
50,1574590869.616789,192.168.1.5,192.168.1.4,2415747473,1704952189,539,0,8720
51,1574590869.641736,192.168.1.4,192.168.1.5,1704952189,2415748012,2070,1,10790
52,1574590869.682288,192.168.1.4,192.168.1.5,1704954259,2415748012,1120,1,11910
53,1574590869.688133,192.168.1.5,192.168.1.4,2415748012,1704955379,86,0,11824
54,1574590869.688484,192.168.1.5,192.168.1.4,2415748098,1704955379,108,0,11716
55,1574590869.689014,192.168.1.5,192.168.1.4,2415748206,1704955379,347,0,11369
56,1574590869.70957,192.168.1.4,192.168.1.5,1704955379,2415748553,305,1,11674
57,1574590869.709951,192.168.1.5,192.168.1.4,2415748553,1704955684,53,0,11621
58,1574590869.711586,192.168.1.4,192.168.1.5,1704955684,2415748606,57,1,11678
59,1574590869.727703,192.168.1.4,192.168.1.5,1473837490,3845635356,91,1,11769
60,1574590869.728245,192.168.1.5,192.168.1.4,3845635356,1473837581,539,0,11230
61,1574590869.755013,192.168.1.4,192.168.1.5,1473837581,3845635895,234,1,11464
62,1574590869.759156,192.168.1.5,192.168.1.4,3845635895,1473837815,86,0,11378
63,1574590869.780542,192.168.1.4,192.168.1.5,1473837815,3845635981,260,1,11638
64,1574590869.884583,192.168.1.4,192.168.1.5,1704955741,2415748606,8688,1,20326
65,1574590869.884872,192.168.1.4,192.168.1.5,1704964429,2415748606,2623,1,22949
66,1574590869.904401,192.168.1.4,192.168.1.5,1704967052,2415748606,4118,1,27067
67,1574590869.946416,192.168.1.4,192.168.1.5,1704971170,2415748606,16406,1,43473
68,1574590869.946491,192.168.1.4,192.168.1.5,1704987576,2415748606,3404,1,46877
69,1574590869.961194,192.168.1.5,192.168.1.4,3483863017,853796898,343,0,46534
70,1574590869.961627,192.168.1.4,192.168.1.5,853796898,3483863360,99,1,46633
71,1574590869.961943,192.168.1.5,192.168.1.4,3483863360,853796997,382,0,46251
72,1574590869.964661,192.168.1.5,192.168.1.4,1412677243,229054077,343,0,45908
73,1574590869.967647,192.168.1.5,192.168.1.4,2977453288,781246147,343,0,45565
74,1574590869.968029,192.168.1.4,192.168.1.5,229054077,1412677586,99,1,45664
75,1574590869.968511,192.168.1.5,192.168.1.4,1412677586,229054176,382,0,45282
76,1574590869.97129,192.168.1.5,192.168.1.4,1138864920,3902152131,343,0,44939
77,1574590869.974701,192.168.1.5,192.168.1.4,1096573504,887507718,343,0,44596
78,1574590869.975402,192.168.1.4,192.168.1.5,781246147,2977453631,99,1,44695
79,1574590869.975434,192.168.1.4,192.168.1.5,3902152131,1138865263,99,1,44794
80,1574590869.975691,192.168.1.5,192.168.1.4,2977453631,781246246,382,0,44412
81,1574590869.975928,192.168.1.5,192.168.1.4,1138865263,3902152230,382,0,44030
82,1574590869.97948,192.168.1.4,192.168.1.5,887507718,1096573847,99,1,44129
83,1574590869.979728,192.168.1.5,192.168.1.4,1096573847,887507817,382,0,43747
84,1574590869.979885,192.168.1.5,192.168.1.4,3670763912,3509434435,343,0,43404
85,1574590869.987232,192.168.1.5,192.168.1.4,1174763438,3008219899,343,0,43061
86,1574590869.987489,192.168.1.4,192.168.1.5,3509434435,3670764255,99,1,43160
87,1574590869.98796,192.168.1.5,192.168.1.4,3670764255,3509434534,382,0,42778
88,1574590869.99056,192.168.1.5,192.168.1.4,3998071144,3405922004,343,0,42435
89,1574590869.991364,192.168.1.4,192.168.1.5,3008219899,1174763781,99,1,42534
90,1574590869.991619,192.168.1.5,192.168.1.4,1174763781,3008219998,382,0,42152
91,1574590869.992281,192.168.1.4,192.168.1.5,853796997,3483863742,2266,1,44418
92,1574590869.993195,192.168.1.5,192.168.1.4,3483863742,853799263,74,0,44344
93,1574590869.993366,192.168.1.5,192.168.1.4,3483863816,853799263,245,0,44099
94,1574590870.002239,192.168.1.4,192.168.1.5,887507817,1096574229,2266,1,46365
95,1574590870.003157,192.168.1.5,192.168.1.4,1096574229,887510083,74,0,46291
96,1574590870.003277,192.168.1.5,192.168.1.4,1096574303,887510083,245,0,46046
97,1574590870.01117,192.168.1.4,192.168.1.5,3509434534,3670764637,2266,1,48312
98,1574590870.012094,192.168.1.5,192.168.1.4,3670764637,3509436800,74,0,48238
99,1574590870.012251,192.168.1.5,192.168.1.4,3670764711,3509436800,245,0,47993
100,1574590870.017078,192.168.1.5,192.168.1.4,3483863816,853799263,245,0,47748
101,1574590870.017572,192.168.1.4,192.168.1.5,3405922004,3998071487,99,1,47847
102,1574590870.01785,192.168.1.5,192.168.1.4,3998071487,3405922103,382,0,47465
103,1574590870.02359,192.168.1.5,192.168.1.4,1096574303,887510083,245,0,47220
104,1574590870.028942,192.168.1.5,192.168.1.4,3670764711,3509436800,245,0,46975
105,1574590870.029337,192.168.1.4,192.168.1.5,853799263,3483864061,79,1,47054
106,1574590870.029401,192.168.1.4,192.168.1.5,853799342,3483864061,79,1,47133
107,1574590870.037575,192.168.1.4,192.168.1.5,781246246,2977454013,2266,1,49399
108,1574590870.038196,192.168.1.4,192.168.1.5,229054176,1412677968,2266,1,51665
109,1574590870.038587,192.168.1.5,192.168.1.4,2977454013,781248512,74,0,51591
110,1574590870.03875,192.168.1.5,192.168.1.4,2977454087,781248512,245,0,51346
111,1574590870.040093,192.168.1.5,192.168.1.4,1412677968,229056442,74,0,51272
112,1574590870.04027,192.168.1.5,192.168.1.4,1412678042,229056442,245,0,51027
113,1574590870.040489,192.168.1.4,192.168.1.5,229056442,1412678287,79,1,51106
114,1574590870.040559,192.168.1.4,192.168.1.5,229056521,1412678287,79,1,51185
115,1574590870.046402,192.168.1.4,192.168.1.5,3902152230,1138865645,2266,1,53451
116,1574590870.046666,192.168.1.4,192.168.1.5,781248512,2977454332,79,1,53530
117,1574590870.04674,192.168.1.4,192.168.1.5,781248591,2977454332,79,1,53609
118,1574590870.048047,192.168.1.5,192.168.1.4,1138865645,3902154496,74,0,53535
119,1574590870.048146,192.168.1.4,192.168.1.5,887510083,1096574548,79,1,53614
120,1574590870.048329,192.168.1.4,192.168.1.5,887510162,1096574548,79,1,53693
121,1574590870.048439,192.168.1.5,192.168.1.4,1138865719,3902154496,245,0,53448
122,1574590870.051661,192.168.1.4,192.168.1.5,3405922103,3998071869,2266,1,55714
123,1574590870.053056,192.168.1.4,192.168.1.5,3008219998,1174764163,2266,1,57980
124,1574590870.053253,192.168.1.4,192.168.1.5,3509436800,3670764956,79,1,58059
125,1574590870.053337,192.168.1.4,192.168.1.5,3509436879,3670764956,79,1,58138
126,1574590870.054576,192.168.1.4,192.168.1.5,3902154496,1138865964,79,1,58217
127,1574590870.055351,192.168.1.5,192.168.1.4,1174764163,3008222264,74,0,58143
128,1574590870.055444,192.168.1.4,192.168.1.5,3902154575,1138865964,79,1,58222
129,1574590870.055638,192.168.1.5,192.168.1.4,1174764237,3008222264,263,0,57959
130,1574590870.055684,192.168.1.4,192.168.1.5,3008222264,1174764237,79,1,58038
131,1574590870.055842,192.168.1.4,192.168.1.5,3008222343,1174764500,79,1,58117
132,1574590870.056779,192.168.1.5,192.168.1.4,3998071869,3405924369,74,0,58043
133,1574590870.056931,192.168.1.5,192.168.1.4,3998071943,3405924369,263,0,57780
134,1574590870.057195,192.168.1.4,192.168.1.5,3405924369,3998072206,79,1,57859
135,1574590870.057277,192.168.1.4,192.168.1.5,3405924448,3998072206,79,1,57938
136,1574590872.688142,192.168.1.4,192.168.1.5,781248670,2977454332,91,1,58029
137,1574590872.688543,192.168.1.5,192.168.1.4,2977454332,781248761,539,0,57490
138,1574590872.711778,192.168.1.4,192.168.1.5,781248761,2977454871,2070,1,59560
139,1574590872.754385,192.168.1.4,192.168.1.5,781250831,2977454871,1119,1,60679
140,1574590872.756144,192.168.1.5,192.168.1.4,2977454871,781251950,86,0,60593
141,1574590872.756428,192.168.1.5,192.168.1.4,2977454957,781251950,108,0,60485
142,1574590872.756826,192.168.1.5,192.168.1.4,3483864061,853799421,24,0,60461
143,1574590872.757119,192.168.1.5,192.168.1.4,1412678287,229056600,24,0,60437
144,1574590872.757295,192.168.1.5,192.168.1.4,1138865964,3902154654,24,0,60413
145,1574590872.757618,192.168.1.5,192.168.1.4,1096574548,887510241,24,0,60389
146,1574590872.758025,192.168.1.5,192.168.1.4,3670764956,3509436958,24,0,60365
147,1574590872.772662,192.168.1.5,192.168.1.4,2977455065,781251950,338,0,60027
148,1574590872.772976,192.168.1.5,192.168.1.4,2977455403,781251950,122,0,59905
149,1574590872.77324,192.168.1.5,192.168.1.4,2977455525,781251950,121,0,59784
150,1574590872.773439,192.168.1.5,192.168.1.4,2977455646,781251950,122,0,59662
151,1574590872.773604,192.168.1.5,192.168.1.4,2977455768,781251950,122,0,59540
152,1574590872.773839,192.168.1.5,192.168.1.4,2977455890,781251950,122,0,59418
153,1574590872.775232,192.168.1.5,192.168.1.4,2977456012,781251950,121,0,59297
154,1574590872.775588,192.168.1.5,192.168.1.4,2977456133,781251950,121,0,59176
155,1574590872.776154,192.168.1.5,192.168.1.4,2977456254,781251950,122,0,59054
156,1574590872.778424,192.168.1.4,192.168.1.5,781251950,2977456376,305,1,59359
157,1574590872.779275,192.168.1.5,192.168.1.4,2977456376,781252255,120,0,59239
158,1574590872.77983,192.168.1.5,192.168.1.4,2977456496,781252255,53,0,59186
159,1574590872.790608,192.168.1.4,192.168.1.5,781252255,2977456549,2033,1,61219
160,1574590872.796401,192.168.1.4,192.168.1.5,781254288,2977456549,14480,1,75699
161,1574590872.79664,192.168.1.4,192.168.1.5,781268768,2977456549,11584,1,87283
162,1574590872.797013,192.168.1.4,192.168.1.5,781280352,2977456549,7042,1,94325
163,1574590872.817545,192.168.1.4,192.168.1.5,781287394,2977456549,14480,1,108805
164,1574590872.817678,192.168.1.4,192.168.1.5,781301874,2977456549,1926,1,110731
165,1574590872.817714,192.168.1.4,192.168.1.5,781303800,2977456549,11584,1,122315
166,1574590872.818625,192.168.1.4,192.168.1.5,781315384,2977456549,5067,1,127382
167,1574590872.832458,192.168.1.4,192.168.1.5,781320451,2977456549,16406,1,143788
168,1574590872.832649,192.168.1.4,192.168.1.5,781336857,2977456549,13032,1,156820
169,1574590872.832686,192.168.1.4,192.168.1.5,781349889,2977456549,3374,1,160194
170,1574590872.832868,192.168.1.4,192.168.1.5,781353263,2977456549,1005,1,161199
171,1574590872.840633,192.168.1.4,192.168.1.5,781354268,2977456549,15928,1,177127
172,1574590872.840946,192.168.1.4,192.168.1.5,781370196,2977456549,478,1,177605
173,1574590872.840968,192.168.1.4,192.168.1.5,781370674,2977456549,13032,1,190637
174,1574590872.841008,192.168.1.4,192.168.1.5,781383706,2977456549,3374,1,194011
175,1574590872.841238,192.168.1.4,192.168.1.5,781387080,2977456549,1770,1,195781
176,1574590872.886006,192.168.1.4,192.168.1.5,781388850,2977456549,16406,1,212187
177,1574590872.886107,192.168.1.4,192.168.1.5,781405256,2977456549,15928,1,228115
178,1574590872.886235,192.168.1.4,192.168.1.5,781421184,2977456549,21720,1,249835
179,1574590872.887007,192.168.1.4,192.168.1.5,781442904,2977456549,11437,1,261272
180,1574590872.894883,192.168.1.4,192.168.1.5,781454341,2977456549,1410,1,262682
181,1574590872.912286,192.168.1.4,192.168.1.5,781455751,2977456549,1410,1,264092
182,1574590872.917153,192.168.1.4,192.168.1.5,781457161,2977456549,1410,1,265502
183,1574590872.931507,192.168.1.4,192.168.1.5,781458571,2977456549,2070,1,267572
184,1574590872.931558,192.168.1.4,192.168.1.5,781460641,2977456549,2070,1,269642
185,1574590872.931704,192.168.1.4,192.168.1.5,781462711,2977456549,2070,1,271712
186,1574590872.931867,192.168.1.4,192.168.1.5,781464781,2977456549,2070,1,273782
187,1574590872.931889,192.168.1.4,192.168.1.5,781466851,2977456549,158,1,273940
188,1574590872.93392,192.168.1.4,192.168.1.5,887510241,1096574572,91,1,274031
189,1574590872.933941,192.168.1.4,192.168.1.5,853799421,3483864085,91,1,274122
190,1574590872.934105,192.168.1.4,192.168.1.5,3902154654,1138865988,91,1,274213
191,1574590872.934112,192.168.1.4,192.168.1.5,3008222422,1174764500,91,1,274304
192,1574590872.934173,192.168.1.4,192.168.1.5,229056600,1412678311,91,1,274395
193,1574590872.934255,192.168.1.4,192.168.1.5,3405924527,3998072206,91,1,274486
194,1574590872.934329,192.168.1.4,192.168.1.5,3509436958,3670764980,91,1,274577
195,1574590872.934413,192.168.1.4,192.168.1.5,3509437049,3670764980,24,1,274601
196,1574590872.935296,192.168.1.4,192.168.1.5,229056691,1412678311,24,1,274625
197,1574590872.935939,192.168.1.4,192.168.1.5,853799512,3483864086,24,1,274649
198,1574590872.937739,192.168.1.4,192.168.1.5,3902154745,1138865989,24,1,274673
199,1574590872.938429,192.168.1.4,192.168.1.5,887510332,1096574573,24,1,274697
200,1574590872.948761,192.168.1.4,192.168.1.5,781467009,2977456549,2070,1,276767
201,1574590872.949922,192.168.1.5,192.168.1.4,1174764500,3008222513,539,0,276228
202,1574590872.950145,192.168.1.5,192.168.1.4,3998072206,3405924618,539,0,275689
203,1574590872.973298,192.168.1.4,192.168.1.5,3008222513,1174765039,2070,1,277759
204,1574590872.973919,192.168.1.4,192.168.1.5,3405924618,3998072745,2070,1,279829
205,1574590872.990304,192.168.1.4,192.168.1.5,781469079,2977456549,4976,1,284805
206,1574590873.014361,192.168.1.4,192.168.1.5,3405926688,3998072745,1120,1,285925
207,1574590873.014384,192.168.1.4,192.168.1.5,3008224583,1174765039,1120,1,287045
208,1574590873.018698,192.168.1.5,192.168.1.4,1174765039,3008225703,86,0,286959
209,1574590873.019797,192.168.1.5,192.168.1.4,3998072745,3405927808,86,0,286873
210,1574590873.026864,192.168.1.5,192.168.1.4,3998072831,3405927808,24,0,286849
211,1574590873.027123,192.168.1.5,192.168.1.4,1174765125,3008225703,108,0,286741
212,1574590873.027632,192.168.1.4,192.168.1.5,3405927808,3998072855,24,1,286765
213,1574590873.030141,192.168.1.5,192.168.1.4,1174765233,3008225703,451,0,286314
214,1574590873.030874,192.168.1.5,192.168.1.4,1174765684,3008225703,235,0,286079
215,1574590873.036276,192.168.1.4,192.168.1.5,3008225703,1174765919,274,1,286353
216,1574590873.038809,192.168.1.5,192.168.1.4,1174765919,3008225977,53,0,286300
217,1574590873.046913,192.168.1.4,192.168.1.5,3008225977,1174765972,53,1,286353
218,1574590873.090324,192.168.1.4,192.168.1.5,3008226030,1174765972,4113,1,290466
219,1574590873.170319,192.168.1.5,192.168.1.4,1174765972,3008230143,235,0,290231
220,1574590873.192243,192.168.1.5,192.168.1.4,273268214,4152642794,343,0,289888
221,1574590873.192544,192.168.1.4,192.168.1.5,4152642794,273268557,99,1,289987
222,1574590873.192848,192.168.1.4,192.168.1.5,3008230143,1174766207,2336,1,292323
223,1574590873.193417,192.168.1.5,192.168.1.4,273268557,4152642893,382,0,291941
224,1574590873.202928,192.168.1.4,192.168.1.5,4152642893,273268939,2266,1,294207
225,1574590873.203766,192.168.1.5,192.168.1.4,273268939,4152645159,74,0,294133
226,1574590873.203912,192.168.1.5,192.168.1.4,273269013,4152645159,245,0,293888
227,1574590873.20416,192.168.1.4,192.168.1.5,4152645159,273269258,79,1,293967
228,1574590873.208229,192.168.1.4,192.168.1.5,4152645238,273269258,79,1,294046
229,1574590873.370834,192.168.1.5,192.168.1.4,4040518552,1275556226,343,0,293703
230,1574590873.371278,192.168.1.4,192.168.1.5,1275556226,4040518895,99,1,293802
231,1574590873.371722,192.168.1.5,192.168.1.4,4040518895,1275556325,382,0,293420
232,1574590873.386702,192.168.1.4,192.168.1.5,1275556325,4040519277,2266,1,295686
233,1574590873.38764,192.168.1.5,192.168.1.4,4040519277,1275558591,74,0,295612
234,1574590873.387842,192.168.1.5,192.168.1.4,4040519351,1275558591,231,0,295381
235,1574590873.388175,192.168.1.4,192.168.1.5,1275558591,4040519582,79,1,295460
236,1574590873.38835,192.168.1.4,192.168.1.5,1275558670,4040519582,79,1,295539
237,1574590873.748268,192.168.1.5,192.168.1.4,235443195,3402535108,343,0,295196
238,1574590873.748631,192.168.1.4,192.168.1.5,3402535108,235443538,99,1,295295
239,1574590873.749005,192.168.1.5,192.168.1.4,235443538,3402535207,382,0,294913
240,1574590873.758569,192.168.1.4,192.168.1.5,3402535207,235443920,2266,1,297179
241,1574590873.759662,192.168.1.5,192.168.1.4,235443920,3402537473,74,0,297105
242,1574590873.75984,192.168.1.5,192.168.1.4,235443994,3402537473,245,0,296860
243,1574590873.760083,192.168.1.4,192.168.1.5,3402537473,235444239,79,1,296939
244,1574590873.760211,192.168.1.4,192.168.1.5,3402537552,235444239,79,1,297018
245,1574590873.778668,192.168.1.5,192.168.1.4,3427166521,3642454199,343,0,296675
246,1574590873.779291,192.168.1.4,192.168.1.5,3642454199,3427166864,99,1,296774
247,1574590873.779647,192.168.1.5,192.168.1.4,3427166864,3642454298,382,0,296392
248,1574590873.789173,192.168.1.4,192.168.1.5,3642454298,3427167246,2266,1,298658
249,1574590873.790135,192.168.1.5,192.168.1.4,3427167246,3642456564,74,0,298584
250,1574590873.790325,192.168.1.5,192.168.1.4,3427167320,3642456564,245,0,298339
251,1574590873.790538,192.168.1.4,192.168.1.5,3642456564,3427167565,79,1,298418
252,1574590873.791175,192.168.1.4,192.168.1.5,3642456643,3427167565,79,1,298497
253,1574590873.832873,192.168.1.5,192.168.1.4,863268675,485580053,343,0,298154
254,1574590873.833166,192.168.1.4,192.168.1.5,485580053,863269018,99,1,298253
255,1574590873.833572,192.168.1.5,192.168.1.4,863269018,485580152,382,0,297871
256,1574590873.842835,192.168.1.4,192.168.1.5,485580152,863269400,2266,1,300137
257,1574590873.843859,192.168.1.5,192.168.1.4,863269400,485582418,74,0,300063
258,1574590873.843969,192.168.1.5,192.168.1.4,863269474,485582418,245,0,299818
259,1574590873.844181,192.168.1.4,192.168.1.5,485582418,863269719,79,1,299897
260,1574590873.844258,192.168.1.4,192.168.1.5,485582497,863269719,79,1,299976
261,1574590873.847899,192.168.1.5,192.168.1.4,2977456549,781474055,124,0,299852
262,1574590873.849796,192.168.1.5,192.168.1.4,2977456673,781474055,124,0,299728
263,1574590873.858797,192.168.1.5,192.168.1.4,2977456797,781474055,115,0,299613
264,1574590873.860465,192.168.1.5,192.168.1.4,2977456912,781474055,125,0,299488
265,1574590873.86226,192.168.1.5,192.168.1.4,2977457037,781474055,116,0,299372
266,1574590873.930775,192.168.1.4,192.168.1.5,781474055,2977457153,14480,1,313852
267,1574590873.930961,192.168.1.4,192.168.1.5,781488535,2977457153,10847,1,324699
268,1574590873.9328,192.168.1.4,192.168.1.5,781499382,2977457153,8688,1,333387
269,1574590873.932938,192.168.1.4,192.168.1.5,781508070,2977457153,7718,1,341105
270,1574590873.932954,192.168.1.4,192.168.1.5,781515788,2977457153,797,1,341902
271,1574590873.958183,192.168.1.4,192.168.1.5,781516585,2977457153,16406,1,358308
272,1574590873.958305,192.168.1.4,192.168.1.5,781532991,2977457153,11584,1,369892
273,1574590873.958489,192.168.1.4,192.168.1.5,781544575,2977457153,11584,1,381476
274,1574590873.958712,192.168.1.4,192.168.1.5,781556159,2977457153,28240,1,409716
275,1574590873.958972,192.168.1.4,192.168.1.5,781584399,2977457153,2798,1,412514
276,1574590873.959721,192.168.1.4,192.168.1.5,781587197,2977457153,1410,1,413924
277,1574590873.960597,192.168.1.4,192.168.1.5,781588607,2977457153,1410,1,415334
278,1574590873.990954,192.168.1.4,192.168.1.5,781590017,2977457153,16406,1,431740
279,1574590873.991109,192.168.1.4,192.168.1.5,781606423,2977457153,16406,1,448146
280,1574590873.991266,192.168.1.4,192.168.1.5,781622829,2977457153,1448,1,449594
281,1574590873.991359,192.168.1.4,192.168.1.5,781624277,2977457153,13032,1,462626
282,1574590873.991662,192.168.1.4,192.168.1.5,781637309,2977457153,18279,1,480905
283,1574590873.991688,192.168.1.4,192.168.1.5,781655588,2977457153,4331,1,485236
284,1574590873.991984,192.168.1.4,192.168.1.5,781659919,2977457153,1410,1,486646
285,1574590874.015669,192.168.1.4,192.168.1.5,781661329,2977457153,2765,1,489411
286,1574590874.017311,192.168.1.4,192.168.1.5,781664094,2977457153,4436,1,493847
287,1574590874.019039,192.168.1.4,192.168.1.5,781668530,2977457153,11584,1,505431
288,1574590874.019179,192.168.1.4,192.168.1.5,781680114,2977457153,4822,1,510253
289,1574590874.019212,192.168.1.4,192.168.1.5,781684936,2977457153,11584,1,521837
290,1574590874.019302,192.168.1.4,192.168.1.5,781696520,2977457153,4822,1,526659
291,1574590874.019328,192.168.1.4,192.168.1.5,781701342,2977457153,10136,1,536795
292,1574590874.019402,192.168.1.4,192.168.1.5,781711478,2977457153,5792,1,542587
293,1574590874.019523,192.168.1.4,192.168.1.5,781717270,2977457153,478,1,543065
294,1574590874.019532,192.168.1.4,192.168.1.5,781717748,2977457153,10301,1,553366
295,1574590874.390768,192.168.1.5,192.168.1.4,2977457153,781728049,116,0,553250
296,1574590874.393129,192.168.1.5,192.168.1.4,2977457269,781728049,124,0,553126
297,1574590874.395229,192.168.1.5,192.168.1.4,2977457393,781728049,124,0,553002
298,1574590874.398206,192.168.1.5,192.168.1.4,2977457517,781728049,125,0,552877
299,1574590874.406301,192.168.1.5,192.168.1.4,2977457642,781728049,124,0,552753
300,1574590874.408255,192.168.1.4,192.168.1.5,781728049,2977457766,258,1,553011
301,1574590874.408813,192.168.1.4,192.168.1.5,781728307,2977457766,2674,1,555685
302,1574590874.410069,192.168.1.4,192.168.1.5,781730981,2977457766,1444,1,557129
303,1574590874.412437,192.168.1.4,192.168.1.5,781732425,2977457766,276,1,557405
304,1574590874.415089,192.168.1.5,192.168.1.4,2977457766,781732701,124,0,557281
305,1574590874.417121,192.168.1.4,192.168.1.5,781732701,2977457890,2070,1,559351
306,1574590874.427113,192.168.1.5,192.168.1.4,2977457890,781734771,125,0,559226
307,1574590874.427668,192.168.1.4,192.168.1.5,781734771,2977458015,10136,1,569362
308,1574590874.427781,192.168.1.4,192.168.1.5,781744907,2977458015,6270,1,575632
309,1574590874.427811,192.168.1.4,192.168.1.5,781751177,2977458015,2896,1,578528
310,1574590874.427867,192.168.1.4,192.168.1.5,781754073,2977458015,13510,1,592038
311,1574590874.427952,192.168.1.4,192.168.1.5,781767583,2977458015,5747,1,597785
312,1574590874.448745,192.168.1.5,192.168.1.4,2977458015,781773330,116,0,597669
313,1574590874.448938,192.168.1.5,192.168.1.4,2977458131,781773330,124,0,597545
314,1574590874.449137,192.168.1.5,192.168.1.4,2977458255,781773330,123,0,597422
315,1574590874.44928,192.168.1.5,192.168.1.4,2977458378,781773330,124,0,597298
316,1574590874.449366,192.168.1.4,192.168.1.5,781773330,2977458378,7240,1,604538
317,1574590874.449439,192.168.1.4,192.168.1.5,781780570,2977458378,9166,1,613704
318,1574590874.449482,192.168.1.4,192.168.1.5,781789736,2977458378,11584,1,625288
319,1574590874.449598,192.168.1.4,192.168.1.5,781801320,2977458378,4822,1,630110
320,1574590874.449959,192.168.1.4,192.168.1.5,781806142,2977458502,11621,1,641731
321,1574590874.450415,192.168.1.4,192.168.1.5,781817763,2977458502,2070,1,643801
322,1574590874.470444,192.168.1.5,192.168.1.4,2977458502,781819833,124,0,643677
323,1574590874.470949,192.168.1.4,192.168.1.5,781819833,2977458626,14614,1,658291
324,1574590874.478439,192.168.1.5,192.168.1.4,2977458626,781834447,124,0,658167
325,1574590874.478603,192.168.1.5,192.168.1.4,2977458750,781834447,116,0,658051
326,1574590874.478745,192.168.1.5,192.168.1.4,2977458866,781834447,124,0,657927
327,1574590874.478993,192.168.1.4,192.168.1.5,781834447,2977458990,16406,1,674333
328,1574590874.479089,192.168.1.4,192.168.1.5,781850853,2977458990,5779,1,680112
329,1574590874.479137,192.168.1.5,192.168.1.4,2977458990,781856632,124,0,679988
330,1574590874.479393,192.168.1.5,192.168.1.4,2977459114,781856632,123,0,679865
331,1574590874.480618,192.168.1.5,192.168.1.4,2977459237,781856632,116,0,679749
332,1574590874.480763,192.168.1.5,192.168.1.4,2977459353,781856632,116,0,679633
333,1574590874.481804,192.168.1.4,192.168.1.5,781856632,2977459469,2070,1,681703
334,1574590874.499571,192.168.1.5,192.168.1.4,2977459469,781858702,116,0,681587
335,1574590874.499749,192.168.1.5,192.168.1.4,2977459585,781858702,116,0,681471
336,1574590874.500132,192.168.1.4,192.168.1.5,781858702,2977459701,16406,1,697877
337,1574590874.500269,192.168.1.4,192.168.1.5,781875108,2977459701,16406,1,714283
338,1574590874.500421,192.168.1.4,192.168.1.5,781891514,2977459701,2896,1,717179
339,1574590874.500496,192.168.1.4,192.168.1.5,781894410,2977459701,13510,1,730689
340,1574590874.500701,192.168.1.4,192.168.1.5,781907920,2977459701,7031,1,737720
341,1574590874.501243,192.168.1.5,192.168.1.4,2977459701,781914951,116,0,737604
342,1574590874.505476,192.168.1.4,192.168.1.5,781914951,2977459817,2070,1,739674
343,1574590874.525989,192.168.1.4,192.168.1.5,781917021,2977459817,16406,1,756080
344,1574590874.528225,192.168.1.4,192.168.1.5,781933427,2977459817,16406,1,772486
345,1574590874.528504,192.168.1.4,192.168.1.5,781949833,2977459817,13032,1,785518
346,1574590874.528636,192.168.1.4,192.168.1.5,781962865,2977459817,21587,1,807105
347,1574590874.54944,192.168.1.4,192.168.1.5,781984452,2977459817,16406,1,823511
348,1574590874.549533,192.168.1.4,192.168.1.5,782000858,2977459817,16406,1,839917
349,1574590874.549947,192.168.1.4,192.168.1.5,782017264,2977459817,16406,1,856323
350,1574590874.550127,192.168.1.4,192.168.1.5,782033670,2977459817,16353,1,872676
351,1574590874.550172,192.168.1.4,192.168.1.5,782050023,2977459817,1083,1,873759
352,1574590874.576311,192.168.1.4,192.168.1.5,782051106,2977459817,16406,1,890165
353,1574590874.576446,192.168.1.4,192.168.1.5,782067512,2977459817,16406,1,906571
354,1574590874.576795,192.168.1.4,192.168.1.5,782083918,2977459817,13032,1,919603
355,1574590874.576999,192.168.1.4,192.168.1.5,782096950,2977459817,3374,1,922977
356,1574590874.577038,192.168.1.4,192.168.1.5,782100324,2977459817,16353,1,939330
357,1574590874.577286,192.168.1.4,192.168.1.5,782116677,2977459817,503,1,939833
358,1574590874.606226,192.168.1.4,192.168.1.5,782117180,2977459817,16406,1,956239
359,1574590874.606349,192.168.1.4,192.168.1.5,782133586,2977459817,16406,1,972645
360,1574590874.606439,192.168.1.4,192.168.1.5,782149992,2977459817,14480,1,987125
361,1574590874.606597,192.168.1.4,192.168.1.5,782164472,2977459817,7240,1,994365
362,1574590874.606723,192.168.1.4,192.168.1.5,782171712,2977459817,11474,1,1005839
363,1574590874.63226,192.168.1.4,192.168.1.5,782183186,2977459817,11584,1,1017423
364,1574590874.63249,192.168.1.4,192.168.1.5,782194770,2977459817,4822,1,1022245
365,1574590874.632531,192.168.1.4,192.168.1.5,782199592,2977459817,16406,1,1038651
366,1574590874.632729,192.168.1.4,192.168.1.5,782215998,2977459817,8688,1,1047339
367,1574590874.632935,192.168.1.4,192.168.1.5,782224686,2977459817,5792,1,1053131
368,1574590874.633096,192.168.1.4,192.168.1.5,782230478,2977459817,1926,1,1055057
369,1574590874.633226,192.168.1.4,192.168.1.5,782232404,2977459817,16353,1,1071410
370,1574590874.633351,192.168.1.4,192.168.1.5,782248757,2977459817,1163,1,1072573
371,1574590874.658818,192.168.1.4,192.168.1.5,782249920,2977459817,16406,1,1088979
372,1574590874.659049,192.168.1.4,192.168.1.5,782266326,2977459817,1448,1,1090427
373,1574590874.659212,192.168.1.4,192.168.1.5,782267774,2977459817,14958,1,1105385
374,1574590874.659266,192.168.1.4,192.168.1.5,782282732,2977459817,16406,1,1121791
375,1574590874.659387,192.168.1.4,192.168.1.5,782299138,2977459817,10136,1,1131927
376,1574590874.659431,192.168.1.4,192.168.1.5,782309274,2977459817,6217,1,1138144
377,1574590874.659537,192.168.1.4,192.168.1.5,782315491,2977459817,747,1,1138891
378,1574590874.688372,192.168.1.4,192.168.1.5,782316238,2977459817,14480,1,1153371
379,1574590874.688501,192.168.1.4,192.168.1.5,782330718,2977459817,1926,1,1155297
380,1574590874.688537,192.168.1.4,192.168.1.5,782332644,2977459817,14480,1,1169777
381,1574590874.68863,192.168.1.4,192.168.1.5,782347124,2977459817,1926,1,1171703
382,1574590874.688661,192.168.1.4,192.168.1.5,782349050,2977459817,7240,1,1178943
383,1574590874.688743,192.168.1.4,192.168.1.5,782356290,2977459817,9166,1,1188109
384,1574590874.688972,192.168.1.4,192.168.1.5,782365456,2977459817,16353,1,1204462
385,1574590874.689101,192.168.1.4,192.168.1.5,782381809,2977459817,1711,1,1206173
386,1574590874.715416,192.168.1.4,192.168.1.5,782383520,2977459817,16406,1,1222579
387,1574590874.715523,192.168.1.4,192.168.1.5,782399926,2977459817,16406,1,1238985
388,1574590874.715557,192.168.1.4,192.168.1.5,782416332,2977459817,7240,1,1246225
389,1574590874.715657,192.168.1.4,192.168.1.5,782423572,2977459817,18824,1,1265049
390,1574590874.715859,192.168.1.4,192.168.1.5,782442396,2977459817,7240,1,1272289
391,1574590874.71657,192.168.1.4,192.168.1.5,782449636,2977459817,1094,1,1273383
392,1574590874.758264,192.168.1.4,192.168.1.5,782450730,2977459817,1877,1,1275260
393,1574590875.466046,192.168.1.5,192.168.1.4,4065447694,452888679,343,0,1274917
394,1574590875.466924,192.168.1.4,192.168.1.5,452888679,4065448037,99,1,1275016
395,1574590875.467614,192.168.1.5,192.168.1.4,4065448037,452888778,382,0,1274634
396,1574590875.484653,192.168.1.4,192.168.1.5,452888778,4065448419,2266,1,1276900
397,1574590875.486419,192.168.1.5,192.168.1.4,4065448419,452891044,74,0,1276826
398,1574590875.486662,192.168.1.5,192.168.1.4,4065448493,452891044,245,0,1276581
399,1574590875.48697,192.168.1.4,192.168.1.5,452891044,4065448738,79,1,1276660
400,1574590875.487088,192.168.1.4,192.168.1.5,452891123,4065448738,79,1,1276739
401,1574590875.612686,192.168.1.4,192.168.1.5,4152645317,273269258,91,1,1276830
402,1574590875.613433,192.168.1.5,192.168.1.4,273269258,4152645408,539,0,1276291
403,1574590875.636342,192.168.1.4,192.168.1.5,4152645408,273269797,1410,1,1277701
404,1574590875.678388,192.168.1.4,192.168.1.5,4152646818,273269797,1780,1,1279481
405,1574590875.680931,192.168.1.5,192.168.1.4,273269797,4152648598,86,0,1279395
406,1574590875.681296,192.168.1.5,192.168.1.4,273269883,4152648598,108,0,1279287
407,1574590875.681501,192.168.1.5,192.168.1.4,235444239,3402537631,24,0,1279263
408,1574590875.681832,192.168.1.5,192.168.1.4,3427167565,3642456722,24,0,1279239
409,1574590875.682058,192.168.1.5,192.168.1.4,863269719,485582576,24,0,1279215
410,1574590875.682297,192.168.1.5,192.168.1.4,4065448738,452891202,24,0,1279191
411,1574590875.68474,192.168.1.5,192.168.1.4,273269991,4152648598,356,0,1278835
412,1574590875.685983,192.168.1.5,192.168.1.4,273270347,4152648598,166,0,1278669
413,1574590875.686272,192.168.1.5,192.168.1.4,273270513,4152648598,100,0,1278569
414,1574590875.686532,192.168.1.5,192.168.1.4,273270613,4152648598,121,0,1278448
415,1574590875.687363,192.168.1.5,192.168.1.4,273270734,4152648598,101,0,1278347
416,1574590875.700168,192.168.1.4,192.168.1.5,4152648598,273270835,305,1,1278652
417,1574590875.700691,192.168.1.5,192.168.1.4,273270835,4152648903,53,0,1278599
418,1574590875.703193,192.168.1.4,192.168.1.5,4152648903,273270888,1798,1,1280397
419,1574590875.711139,192.168.1.4,192.168.1.5,4152650701,273270888,14480,1,1294877
420,1574590875.711568,192.168.1.4,192.168.1.5,4152665181,273270888,13032,1,1307909
421,1574590875.712183,192.168.1.4,192.168.1.5,4152678213,273270888,7642,1,1315551
422,1574590875.754271,192.168.1.4,192.168.1.5,4152685855,273270888,2527,1,1318078
423,1574590876.293489,192.168.1.4,192.168.1.5,1275558749,4040519582,91,1,1318169
424,1574590876.293894,192.168.1.5,192.168.1.4,4040519582,1275558840,539,0,1317630
425,1574590876.317365,192.168.1.4,192.168.1.5,1275558840,4040520121,2070,1,1319700
426,1574590876.358219,192.168.1.4,192.168.1.5,1275560910,4040520121,1119,1,1320819
427,1574590876.363422,192.168.1.5,192.168.1.4,4040520121,1275562029,86,0,1320733
428,1574590876.363753,192.168.1.5,192.168.1.4,4040520207,1275562029,108,0,1320625
429,1574590876.365117,192.168.1.5,192.168.1.4,4040520315,1275562029,295,0,1320330
430,1574590876.407866,192.168.1.4,192.168.1.5,1275562029,4040520610,340,1,1320670
431,1574590876.408199,192.168.1.5,192.168.1.4,4040520610,1275562369,53,0,1320617
432,1574590876.44277,192.168.1.4,192.168.1.5,1275562369,4040520663,981,1,1321598
433,1574590876.480764,192.168.1.5,192.168.1.4,541018591,3712120060,343,0,1321255
434,1574590876.481284,192.168.1.4,192.168.1.5,3712120060,541018934,99,1,1321354
435,1574590876.481565,192.168.1.5,192.168.1.4,541018934,3712120159,382,0,1320972
436,1574590876.491764,192.168.1.4,192.168.1.5,3712120159,541019316,2266,1,1323238
437,1574590876.492702,192.168.1.5,192.168.1.4,541019316,3712122425,74,0,1323164
438,1574590876.492847,192.168.1.5,192.168.1.4,541019390,3712122425,239,0,1322925
439,1574590876.493108,192.168.1.4,192.168.1.5,3712122425,541019629,79,1,1323004
440,1574590876.493126,192.168.1.4,192.168.1.5,3712122504,541019629,79,1,1323083
441,1574590876.519341,192.168.1.5,192.168.1.4,2415748606,1704990980,362,0,1322721
442,1574590876.540261,192.168.1.5,192.168.1.4,2792643552,971423729,343,0,1322378
443,1574590876.540664,192.168.1.4,192.168.1.5,971423729,2792643895,99,1,1322477
444,1574590876.540985,192.168.1.5,192.168.1.4,2792643895,971423828,382,0,1322095
445,1574590876.542622,192.168.1.4,192.168.1.5,1704990980,2415748968,57,1,1322152
446,1574590876.552989,192.168.1.4,192.168.1.5,971423828,2792644277,2266,1,1324418
447,1574590876.554273,192.168.1.5,192.168.1.4,2792644277,971426094,74,0,1324344
448,1574590876.554446,192.168.1.5,192.168.1.4,2792644351,971426094,237,0,1324107
449,1574590876.554765,192.168.1.4,192.168.1.5,971426094,2792644588,79,1,1324186
450,1574590876.555367,192.168.1.4,192.168.1.5,971426173,2792644588,79,1,1324265
451,1574590876.568169,192.168.1.5,192.168.1.4,273270888,4152688382,98,0,1324167
452,1574590876.59053,192.168.1.4,192.168.1.5,4152688382,273270986,57,1,1324224
453,1574590876.591316,192.168.1.4,192.168.1.5,4152688439,273270986,3031,1,1327255
454,1574590876.592199,192.168.1.4,192.168.1.5,4152691470,273270986,2750,1,1330005
455,1574590876.60246,192.168.1.4,192.168.1.5,1704991037,2415748968,1535,1,1331540
456,1574590876.617144,192.168.1.5,192.168.1.4,2779428517,1088185820,343,0,1331197
457,1574590876.617437,192.168.1.4,192.168.1.5,1088185820,2779428860,99,1,1331296
458,1574590876.617903,192.168.1.5,192.168.1.4,2779428860,1088185919,382,0,1330914
459,1574590876.628056,192.168.1.4,192.168.1.5,1088185919,2779429242,2266,1,1333180
460,1574590876.628969,192.168.1.5,192.168.1.4,2779429242,1088188185,74,0,1333106
461,1574590876.629145,192.168.1.5,192.168.1.4,2779429316,1088188185,170,0,1332936
462,1574590876.629398,192.168.1.4,192.168.1.5,1088188185,2779429486,79,1,1333015
463,1574590876.629412,192.168.1.4,192.168.1.5,1088188264,2779429486,79,1,1333094
464,1574590877.126552,192.168.1.4,192.168.1.5,485582576,863269743,91,1,1333185
465,1574590877.126583,192.168.1.4,192.168.1.5,485582667,863269743,24,1,1333209
466,1574590877.127376,192.168.1.4,192.168.1.5,3402537631,235444263,91,1,1333300
467,1574590877.127622,192.168.1.4,192.168.1.5,3402537722,235444263,24,1,1333324
468,1574590877.477153,192.168.1.4,192.168.1.5,3642456722,3427167589,91,1,1333415
469,1574590877.477181,192.168.1.4,192.168.1.5,3642456813,3427167589,24,1,1333439
470,1574590878.807567,192.168.1.4,192.168.1.5,452891202,4065448762,91,1,1333530
471,1574590878.807622,192.168.1.4,192.168.1.5,452891293,4065448762,24,1,1333554
472,1574590879.761925,192.168.1.4,192.168.1.5,1088188343,2779429486,125,1,1333679
473,1574590879.762471,192.168.1.4,192.168.1.5,1088188468,2779429486,23,1,1333702
474,1574590879.76327,192.168.1.4,192.168.1.5,1088188491,2779429486,23,1,1333725
475,1574590879.763589,192.168.1.4,192.168.1.5,1088188514,2779429486,23,1,1333748
476,1574590879.763838,192.168.1.4,192.168.1.5,1088188537,2779429486,23,1,1333771
477,1574590879.76429,192.168.1.4,192.168.1.5,1088188560,2779429486,23,1,1333794
478,1574590879.764536,192.168.1.4,192.168.1.5,1088188583,2779429486,23,1,1333817
479,1574590879.765044,192.168.1.4,192.168.1.5,1088188606,2779429486,23,1,1333840
480,1574590879.765318,192.168.1.4,192.168.1.5,1088188629,2779429486,23,1,1333863
481,1574590879.766304,192.168.1.5,192.168.1.4,2779429486,1088188652,24,0,1333839
482,1574590879.767879,192.168.1.4,192.168.1.5,1088188652,2779429511,559,1,1334398
483,1574590879.767981,192.168.1.4,192.168.1.5,1088189211,2779429511,24,1,1334422
484,1574590879.774905,192.168.1.5,192.168.1.4,3437816915,4016661862,343,0,1334079
485,1574590879.775464,192.168.1.4,192.168.1.5,4016661862,3437817258,99,1,1334178
486,1574590879.776293,192.168.1.5,192.168.1.4,3437817258,4016661961,382,0,1333796
487,1574590879.786796,192.168.1.4,192.168.1.5,4016661961,3437817640,2266,1,1336062
488,1574590879.788066,192.168.1.5,192.168.1.4,3437817640,4016664227,74,0,1335988
489,1574590879.788268,192.168.1.5,192.168.1.4,3437817714,4016664227,170,0,1335818
490,1574590879.788601,192.168.1.4,192.168.1.5,4016664227,3437817884,79,1,1335897
491,1574590879.78884,192.168.1.4,192.168.1.5,4016664306,3437817884,79,1,1335976
492,1574590880.04078,192.168.1.4,192.168.1.5,3712122583,541019629,91,1,1336067
493,1574590880.041547,192.168.1.4,192.168.1.5,971426252,2792644588,91,1,1336158
494,1574590880.042418,192.168.1.5,192.168.1.4,541019629,3712122674,539,0,1335619
495,1574590880.043002,192.168.1.5,192.168.1.4,2792644588,971426343,539,0,1335080
496,1574590880.096163,192.168.1.4,192.168.1.5,3712122674,541020168,2070,1,1337150
497,1574590880.11463,192.168.1.4,192.168.1.5,971426343,2792645127,2070,1,1339220
498,1574590880.138717,192.168.1.4,192.168.1.5,3712124744,541020168,1121,1,1340341
499,1574590880.141658,192.168.1.5,192.168.1.4,541020168,3712125865,86,0,1340255
500,1574590880.142575,192.168.1.5,192.168.1.4,541020254,3712125865,108,0,1340147
501,1574590880.14356,192.168.1.5,192.168.1.4,541020362,3712125865,236,0,1339911
502,1574590880.158748,192.168.1.4,192.168.1.5,971428413,2792645127,1756,1,1341667
503,1574590880.165204,192.168.1.5,192.168.1.4,2792645127,971430169,86,0,1341581
504,1574590880.165741,192.168.1.5,192.168.1.4,2792645213,971430169,108,0,1341473
505,1574590880.166233,192.168.1.5,192.168.1.4,2792645321,971430169,279,0,1341194
506,1574590880.17487,192.168.1.4,192.168.1.5,3712125865,541020598,318,1,1341512
507,1574590880.17531,192.168.1.5,192.168.1.4,541020598,3712126183,53,0,1341459
508,1574590880.207147,192.168.1.4,192.168.1.5,971430169,2792645600,617,1,1342076
509,1574590880.207806,192.168.1.5,192.168.1.4,2792645600,971430786,53,0,1342023
510,1574590880.208894,192.168.1.4,192.168.1.5,3712126183,541020651,1308,1,1343331
511,1574590880.209697,192.168.1.4,192.168.1.5,971430786,2792645653,381,1,1343712
512,1574590880.250641,192.168.1.4,192.168.1.5,971431167,2792645653,2521,1,1346233
513,1574590880.253675,192.168.1.5,192.168.1.4,2792645653,971433688,61,0,1346172
514,1574590881.668109,192.168.1.4,192.168.1.5,4016664385,3437817884,670,1,1346842
515,1574590881.668161,192.168.1.4,192.168.1.5,4016665055,3437817884,24,1,1346866
516,1574590881.669429,192.168.1.5,192.168.1.4,3437817884,4016665079,24,0,1346842
517,1574590881.676948,192.168.1.5,192.168.1.4,3343484608,2631713716,343,0,1346499
518,1574590881.67733,192.168.1.4,192.168.1.5,2631713716,3343484951,99,1,1346598
519,1574590881.677756,192.168.1.5,192.168.1.4,3343484951,2631713815,382,0,1346216
520,1574590881.690839,192.168.1.4,192.168.1.5,2631713815,3343485333,2266,1,1348482
521,1574590881.691991,192.168.1.5,192.168.1.4,3343485333,2631716081,74,0,1348408
522,1574590881.692197,192.168.1.5,192.168.1.4,3343485407,2631716081,170,0,1348238
523,1574590881.692486,192.168.1.4,192.168.1.5,2631716081,3343485577,79,1,1348317
524,1574590881.692576,192.168.1.4,192.168.1.5,2631716160,3343485577,79,1,1348396
