index,time,src_ip,dst_ip,tcp_seq,tcp_ack,tcp_len,direction,cumul_sum
1,1574590918.225842,192.168.1.4,192.168.1.5,1888358199,295076004,91,1,91
2,1574590918.225888,192.168.1.4,192.168.1.5,1888358290,295076004,24,1,115
3,1574590921.259193,192.168.1.5,192.168.1.4,693258136,677253598,343,0,-228
4,1574590921.260082,192.168.1.4,192.168.1.5,677253598,693258479,99,1,-129
5,1574590921.260801,192.168.1.5,192.168.1.4,693258479,677253697,382,0,-511
6,1574590921.274524,192.168.1.4,192.168.1.5,677253697,693258861,2266,1,1755
7,1574590921.275445,192.168.1.5,192.168.1.4,693258861,677255963,74,0,1681
8,1574590921.275594,192.168.1.5,192.168.1.4,693258935,677255963,245,0,1436
9,1574590921.275864,192.168.1.4,192.168.1.5,677255963,693259180,79,1,1515
10,1574590921.276371,192.168.1.4,192.168.1.5,677256042,693259180,79,1,1594
11,1574590921.419187,192.168.1.5,192.168.1.4,2789594331,1951791955,343,0,1251
12,1574590921.41976,192.168.1.4,192.168.1.5,1951791955,2789594674,99,1,1350
13,1574590921.420155,192.168.1.5,192.168.1.4,2789594674,1951792054,382,0,968
14,1574590921.422659,192.168.1.5,192.168.1.4,1770830661,746867538,343,0,625
15,1574590921.433454,192.168.1.4,192.168.1.5,746867538,1770831004,99,1,724
16,1574590921.433817,192.168.1.5,192.168.1.4,1770831004,746867637,382,0,342
17,1574590921.445602,192.168.1.4,192.168.1.5,1951792054,2789595056,2266,1,2608
18,1574590921.446989,192.168.1.5,192.168.1.4,2789595056,1951794320,74,0,2534
19,1574590921.447223,192.168.1.5,192.168.1.4,2789595130,1951794320,239,0,2295
20,1574590921.447716,192.168.1.4,192.168.1.5,1951794320,2789595369,79,1,2374
21,1574590921.447817,192.168.1.4,192.168.1.5,1951794399,2789595369,79,1,2453
22,1574590921.453813,192.168.1.4,192.168.1.5,746867637,1770831386,2266,1,4719
23,1574590921.454923,192.168.1.5,192.168.1.4,1770831386,746869903,74,0,4645
24,1574590921.455063,192.168.1.5,192.168.1.4,1770831460,746869903,239,0,4406
25,1574590921.455402,192.168.1.4,192.168.1.5,746869903,1770831699,79,1,4485
26,1574590921.455502,192.168.1.4,192.168.1.5,746869982,1770831699,79,1,4564
27,1574590922.213711,192.168.1.4,192.168.1.5,677256121,693259180,91,1,4655
28,1574590922.214252,192.168.1.5,192.168.1.4,693259180,677256212,539,0,4116
29,1574590922.273898,192.168.1.4,192.168.1.5,677256212,693259719,2070,1,6186
30,1574590922.31453,192.168.1.4,192.168.1.5,677258282,693259719,1018,1,7204
31,1574590922.328452,192.168.1.5,192.168.1.4,693259719,677259300,86,0,7118
32,1574590922.329053,192.168.1.5,192.168.1.4,693259805,677259300,108,0,7010
33,1574590922.329653,192.168.1.5,192.168.1.4,693259913,677259300,321,0,6689
34,1574590922.329864,192.168.1.5,192.168.1.4,693260234,677259300,54,0,6635
35,1574590922.388745,192.168.1.4,192.168.1.5,677259300,693260288,1657,1,8292
36,1574590922.390065,192.168.1.5,192.168.1.4,693260288,677260957,53,0,8239
37,1574590922.392828,192.168.1.4,192.168.1.5,677260957,693260341,367,1,8606
38,1574590922.3944,192.168.1.5,192.168.1.4,693260341,677261324,61,0,8545
39,1574590922.624243,192.168.1.4,192.168.1.5,1951794478,2789595369,91,1,8636
40,1574590922.625223,192.168.1.5,192.168.1.4,2789595369,1951794569,539,0,8097
41,1574590922.650279,192.168.1.4,192.168.1.5,1951794569,2789595908,2070,1,10167
42,1574590922.694442,192.168.1.4,192.168.1.5,1951796639,2789595908,1120,1,11287
43,1574590922.701339,192.168.1.5,192.168.1.4,2789595908,1951797759,86,0,11201
44,1574590922.703089,192.168.1.5,192.168.1.4,2789595994,1951797759,108,0,11093
45,1574590922.704409,192.168.1.5,192.168.1.4,2789596102,1951797759,382,0,10711
46,1574590922.734688,192.168.1.4,192.168.1.5,1951797759,2789596484,318,1,11029
47,1574590922.734855,192.168.1.4,192.168.1.5,746870061,1770831699,91,1,11120
48,1574590922.735374,192.168.1.5,192.168.1.4,1770831699,746870152,539,0,10581
49,1574590922.735522,192.168.1.5,192.168.1.4,2789596484,1951798077,53,0,10528
50,1574590922.760595,192.168.1.4,192.168.1.5,746870152,1770832238,234,1,10762
51,1574590922.763202,192.168.1.5,192.168.1.4,1770832238,746870386,86,0,10676
52,1574590922.794655,192.168.1.4,192.168.1.5,746870386,1770832324,260,1,10936
53,1574590922.794926,192.168.1.4,192.168.1.5,1951798077,2789596537,873,1,11809
54,1574590922.80091,192.168.1.5,192.168.1.4,2789596537,1951798950,107,0,11702
55,1574590922.833385,192.168.1.4,192.168.1.5,1951798950,2789596644,57,1,11759
56,1574590922.937431,192.168.1.4,192.168.1.5,1951799007,2789596644,2070,1,13829
57,1574590922.938073,192.168.1.4,192.168.1.5,1951801077,2789596644,2070,1,15899
58,1574590922.938156,192.168.1.4,192.168.1.5,1951803147,2789596644,2070,1,17969
59,1574590922.938754,192.168.1.4,192.168.1.5,1951805217,2789596644,4344,1,22313
60,1574590922.939956,192.168.1.4,192.168.1.5,1951809561,2789596644,638,1,22951
61,1574590922.940078,192.168.1.4,192.168.1.5,1951810199,2789596644,1410,1,24361
62,1574590922.941045,192.168.1.4,192.168.1.5,1951811609,2789596644,1410,1,25771
63,1574590922.9834,192.168.1.4,192.168.1.5,1951813019,2789596644,9308,1,35079
64,1574590923.011702,192.168.1.5,192.168.1.4,2437170047,2334066948,343,0,34736
65,1574590923.012071,192.168.1.4,192.168.1.5,2334066948,2437170390,99,1,34835
66,1574590923.012472,192.168.1.5,192.168.1.4,2437170390,2334067047,382,0,34453
67,1574590923.014467,192.168.1.5,192.168.1.4,3006290853,2833955632,343,0,34110
68,1574590923.01689,192.168.1.5,192.168.1.4,1487376859,2624432881,343,0,33767
69,1574590923.017374,192.168.1.4,192.168.1.5,2833955632,3006291196,99,1,33866
70,1574590923.017664,192.168.1.5,192.168.1.4,3006291196,2833955731,382,0,33484
71,1574590923.020081,192.168.1.5,192.168.1.4,4134185645,575575948,343,0,33141
72,1574590923.022667,192.168.1.4,192.168.1.5,2624432881,1487377202,99,1,33240
73,1574590923.022953,192.168.1.5,192.168.1.4,1487377202,2624432980,382,0,32858
74,1574590923.023161,192.168.1.4,192.168.1.5,575575948,4134185988,99,1,32957
75,1574590923.023367,192.168.1.5,192.168.1.4,4134185988,575576047,382,0,32575
76,1574590923.023784,192.168.1.5,192.168.1.4,1062163855,2616807247,343,0,32232
77,1574590923.026915,192.168.1.5,192.168.1.4,918957048,2283366129,343,0,31889
78,1574590923.036839,192.168.1.5,192.168.1.4,103448554,2842335454,343,0,31546
79,1574590923.043372,192.168.1.4,192.168.1.5,2616807247,1062164198,99,1,31645
80,1574590923.043796,192.168.1.5,192.168.1.4,1062164198,2616807346,382,0,31263
81,1574590923.043882,192.168.1.4,192.168.1.5,2283366129,918957391,99,1,31362
82,1574590923.044092,192.168.1.5,192.168.1.4,918957391,2283366228,382,0,30980
83,1574590923.063463,192.168.1.4,192.168.1.5,2842335454,103448897,99,1,31079
84,1574590923.063736,192.168.1.5,192.168.1.4,103448897,2842335553,382,0,30697
85,1574590923.0709,192.168.1.4,192.168.1.5,575576047,4134186370,2266,1,32963
86,1574590923.07188,192.168.1.5,192.168.1.4,4134186370,575578313,74,0,32889
87,1574590923.071996,192.168.1.5,192.168.1.4,4134186444,575578313,245,0,32644
88,1574590923.08033,192.168.1.4,192.168.1.5,2842335553,103449279,2266,1,34910
89,1574590923.081287,192.168.1.5,192.168.1.4,103449279,2842337819,74,0,34836
90,1574590923.081692,192.168.1.5,192.168.1.4,103449353,2842337819,231,0,34605
91,1574590923.083388,192.168.1.4,192.168.1.5,2334067047,2437170772,2266,1,36871
92,1574590923.084359,192.168.1.4,192.168.1.5,2833955731,3006291578,2266,1,39137
93,1574590923.084713,192.168.1.5,192.168.1.4,2437170772,2334069313,74,0,39063
94,1574590923.084881,192.168.1.5,192.168.1.4,2437170846,2334069313,245,0,38818
95,1574590923.086234,192.168.1.5,192.168.1.4,3006291578,2833957997,74,0,38744
96,1574590923.086396,192.168.1.5,192.168.1.4,3006291652,2833957997,245,0,38499
97,1574590923.086703,192.168.1.4,192.168.1.5,2334069313,2437171091,79,1,38578
98,1574590923.0885,192.168.1.4,192.168.1.5,2334069392,2437171091,79,1,38657
99,1574590923.088716,192.168.1.4,192.168.1.5,2833957997,3006291897,79,1,38736
100,1574590923.088778,192.168.1.4,192.168.1.5,2833958076,3006291897,79,1,38815
101,1574590923.090466,192.168.1.4,192.168.1.5,575578313,4134186689,79,1,38894
102,1574590923.090582,192.168.1.4,192.168.1.5,575578392,4134186689,79,1,38973
103,1574590923.091029,192.168.1.4,192.168.1.5,2624432980,1487377584,2266,1,41239
104,1574590923.092154,192.168.1.5,192.168.1.4,1487377584,2624435246,74,0,41165
105,1574590923.092275,192.168.1.5,192.168.1.4,1487377658,2624435246,245,0,40920
106,1574590923.092538,192.168.1.4,192.168.1.5,2624435246,1487377903,79,1,40999
107,1574590923.092619,192.168.1.4,192.168.1.5,2624435325,1487377903,79,1,41078
108,1574590923.094156,192.168.1.4,192.168.1.5,2616807346,1062164580,2266,1,43344
109,1574590923.094347,192.168.1.4,192.168.1.5,2842337819,103449584,79,1,43423
110,1574590923.094414,192.168.1.4,192.168.1.5,2842337898,103449584,79,1,43502
111,1574590923.095941,192.168.1.5,192.168.1.4,1062164580,2616809612,74,0,43428
112,1574590923.096114,192.168.1.5,192.168.1.4,1062164654,2616809612,245,0,43183
113,1574590923.098512,192.168.1.4,192.168.1.5,2616809612,1062164899,79,1,43262
114,1574590923.099535,192.168.1.4,192.168.1.5,2616809691,1062164899,79,1,43341
115,1574590923.099902,192.168.1.4,192.168.1.5,2283366228,918957773,2266,1,45607
116,1574590923.101635,192.168.1.5,192.168.1.4,918957773,2283368494,74,0,45533
117,1574590923.101742,192.168.1.5,192.168.1.4,918957847,2283368494,245,0,45288
118,1574590923.102127,192.168.1.4,192.168.1.5,2283368494,918958092,79,1,45367
119,1574590923.102218,192.168.1.4,192.168.1.5,2283368573,918958092,79,1,45446
120,1574590924.365667,192.168.1.4,192.168.1.5,2334069471,2437171091,91,1,45537
121,1574590924.366064,192.168.1.5,192.168.1.4,2437171091,2334069562,539,0,44998
122,1574590924.387575,192.168.1.4,192.168.1.5,2334069562,2437171630,2070,1,47068
123,1574590924.430289,192.168.1.4,192.168.1.5,2334071632,2437171630,1121,1,48189
124,1574590924.432153,192.168.1.5,192.168.1.4,2437171630,2334072753,86,0,48103
125,1574590924.432392,192.168.1.5,192.168.1.4,2437171716,2334072753,108,0,47995
126,1574590924.432715,192.168.1.5,192.168.1.4,3006291897,2833958155,24,0,47971
127,1574590924.432914,192.168.1.5,192.168.1.4,1487377903,2624435404,24,0,47947
128,1574590924.433119,192.168.1.5,192.168.1.4,4134186689,575578471,24,0,47923
129,1574590924.433245,192.168.1.5,192.168.1.4,1062164899,2616809770,24,0,47899
130,1574590924.43336,192.168.1.5,192.168.1.4,918958092,2283368652,24,0,47875
131,1574590924.451927,192.168.1.4,192.168.1.5,2334072753,2437171824,305,1,48180
132,1574590924.453816,192.168.1.5,192.168.1.4,2437171824,2334073058,338,0,47842
133,1574590924.454034,192.168.1.5,192.168.1.4,2437172162,2334073058,122,0,47720
134,1574590924.454146,192.168.1.5,192.168.1.4,2437172284,2334073058,121,0,47599
135,1574590924.454288,192.168.1.5,192.168.1.4,2437172405,2334073058,122,0,47477
136,1574590924.454407,192.168.1.5,192.168.1.4,2437172527,2334073058,122,0,47355
137,1574590924.454579,192.168.1.5,192.168.1.4,2437172649,2334073058,122,0,47233
138,1574590924.454741,192.168.1.5,192.168.1.4,2437172771,2334073058,121,0,47112
139,1574590924.455832,192.168.1.5,192.168.1.4,2437172892,2334073058,121,0,46991
140,1574590924.45632,192.168.1.5,192.168.1.4,2437173013,2334073058,53,0,46938
141,1574590924.456448,192.168.1.5,192.168.1.4,2437173066,2334073058,122,0,46816
142,1574590924.456627,192.168.1.5,192.168.1.4,2437173188,2334073058,121,0,46695
143,1574590924.457443,192.168.1.5,192.168.1.4,2437173309,2334073058,120,0,46575
144,1574590924.476503,192.168.1.4,192.168.1.5,2334073058,2437173429,2070,1,48645
145,1574590924.480332,192.168.1.4,192.168.1.5,2334075128,2437173429,14480,1,63125
146,1574590924.480591,192.168.1.4,192.168.1.5,2334089608,2437173429,11584,1,74709
147,1574590924.480738,192.168.1.4,192.168.1.5,2334101192,2437173429,8795,1,83504
148,1574590924.499423,192.168.1.4,192.168.1.5,2334109987,2437173429,16406,1,99910
149,1574590924.499533,192.168.1.4,192.168.1.5,2334126393,2437173429,16406,1,116316
150,1574590924.499553,192.168.1.4,192.168.1.5,2334142799,2437173429,1424,1,117740
151,1574590924.513525,192.168.1.4,192.168.1.5,2334144223,2437173429,16406,1,134146
152,1574590924.51361,192.168.1.4,192.168.1.5,2334160629,2437173429,16406,1,150552
153,1574590924.513637,192.168.1.4,192.168.1.5,2334177035,2437173429,453,1,151005
154,1574590924.524177,192.168.1.4,192.168.1.5,2334177488,2437173429,16406,1,167411
155,1574590924.524267,192.168.1.4,192.168.1.5,2334193894,2437173429,16406,1,183817
156,1574590924.524297,192.168.1.4,192.168.1.5,2334210300,2437173429,140,1,183957
157,1574590924.539396,192.168.1.4,192.168.1.5,2334210440,2437173429,16406,1,200363
158,1574590924.539504,192.168.1.4,192.168.1.5,2334226846,2437173429,16406,1,216769
159,1574590924.539534,192.168.1.4,192.168.1.5,2334243252,2437173429,717,1,217486
160,1574590924.582392,192.168.1.4,192.168.1.5,2334243969,2437173429,16406,1,233892
161,1574590924.582477,192.168.1.4,192.168.1.5,2334260375,2437173429,16290,1,250182
162,1574590924.590675,192.168.1.4,192.168.1.5,2334276665,2437173429,2070,1,252252
163,1574590924.590737,192.168.1.4,192.168.1.5,2334278735,2437173429,2070,1,254322
164,1574590924.591019,192.168.1.4,192.168.1.5,2334280805,2437173429,1478,1,255800
165,1574590924.591197,192.168.1.4,192.168.1.5,2334282283,2437173429,2070,1,257870
166,1574590924.591392,192.168.1.4,192.168.1.5,2334284353,2437173429,2070,1,259940
167,1574590924.591537,192.168.1.4,192.168.1.5,2334286423,2437173429,1478,1,261418
168,1574590924.594443,192.168.1.4,192.168.1.5,2334287901,2437173429,1410,1,262828
169,1574590924.594955,192.168.1.4,192.168.1.5,2334289311,2437173429,2070,1,264898
170,1574590924.595147,192.168.1.4,192.168.1.5,2334291381,2437173429,2070,1,266968
171,1574590924.595325,192.168.1.4,192.168.1.5,2334293451,2437173429,2070,1,269038
172,1574590924.595521,192.168.1.4,192.168.1.5,2334295521,2437173429,2070,1,271108
173,1574590924.595697,192.168.1.4,192.168.1.5,2334297591,2437173429,2070,1,273178
174,1574590924.634723,192.168.1.4,192.168.1.5,2283368652,918958116,91,1,273269
175,1574590924.634738,192.168.1.4,192.168.1.5,2283368743,918958116,24,1,273293
176,1574590924.638208,192.168.1.4,192.168.1.5,2334299661,2437173429,948,1,274241
177,1574590924.864144,192.168.1.5,192.168.1.4,2437173429,2334300609,124,0,274117
178,1574590924.866369,192.168.1.5,192.168.1.4,2437173553,2334300609,125,0,273992
179,1574590924.868574,192.168.1.5,192.168.1.4,2437173678,2334300609,124,0,273868
180,1574590924.870665,192.168.1.5,192.168.1.4,2437173802,2334300609,124,0,273744
181,1574590924.877522,192.168.1.5,192.168.1.4,2437173926,2334300609,115,0,273629
182,1574590924.880006,192.168.1.5,192.168.1.4,2437174041,2334300609,124,0,273505
183,1574590924.883687,192.168.1.5,192.168.1.4,2437174165,2334300609,125,0,273380
184,1574590924.88513,192.168.1.4,192.168.1.5,2334300609,2437174290,11364,1,284744
185,1574590924.886993,192.168.1.4,192.168.1.5,2334311973,2437174290,14857,1,299601
186,1574590924.897365,192.168.1.5,192.168.1.4,2437174290,2334326830,125,0,299476
187,1574590924.900206,192.168.1.4,192.168.1.5,2334326830,2437174415,2070,1,301546
188,1574590924.908091,192.168.1.5,192.168.1.4,2437174415,2334328900,124,0,301422
189,1574590924.908636,192.168.1.4,192.168.1.5,2334328900,2437174539,15928,1,317350
190,1574590924.908738,192.168.1.4,192.168.1.5,2334344828,2437174539,478,1,317828
191,1574590924.908771,192.168.1.4,192.168.1.5,2334345306,2437174539,14480,1,332308
192,1574590924.909083,192.168.1.4,192.168.1.5,2334359786,2437174539,29822,1,362130
193,1574590924.935545,192.168.1.4,192.168.1.5,2334389608,2437174539,16406,1,378536
194,1574590924.935637,192.168.1.4,192.168.1.5,2334406014,2437174539,16406,1,394942
195,1574590924.935677,192.168.1.4,192.168.1.5,2334422420,2437174539,5792,1,400734
196,1574590924.935786,192.168.1.4,192.168.1.5,2334428212,2437174539,18824,1,419558
197,1574590924.935948,192.168.1.4,192.168.1.5,2334447036,2437174539,9306,1,428864
198,1574590924.948641,192.168.1.4,192.168.1.5,2842337977,103449584,91,1,428955
199,1574590924.9593,192.168.1.5,192.168.1.4,103449584,2842338068,539,0,428416
200,1574590924.978361,192.168.1.4,192.168.1.5,2334456342,2437174539,15682,1,444098
201,1574590924.979752,192.168.1.4,192.168.1.5,2334472024,2437174539,2070,1,446168
202,1574590924.980427,192.168.1.4,192.168.1.5,2334474094,2437174539,2070,1,448238
203,1574590924.989055,192.168.1.4,192.168.1.5,2334476164,2437174539,16406,1,464644
204,1574590924.989126,192.168.1.4,192.168.1.5,2334492570,2437174539,16406,1,481050
205,1574590924.989161,192.168.1.4,192.168.1.5,2334508976,2437174539,8688,1,489738
206,1574590924.989472,192.168.1.4,192.168.1.5,2334517664,2437174539,24106,1,513844
207,1574590924.995952,192.168.1.4,192.168.1.5,2842338068,103450123,2070,1,515914
208,1574590924.996212,192.168.1.4,192.168.1.5,2334541770,2437174539,2070,1,517984
209,1574590924.99641,192.168.1.4,192.168.1.5,2334543840,2437174539,2070,1,520054
210,1574590925.00367,192.168.1.4,192.168.1.5,2334545910,2437174539,14480,1,534534
211,1574590925.005257,192.168.1.4,192.168.1.5,2334560390,2437174539,1926,1,536460
212,1574590925.005301,192.168.1.4,192.168.1.5,2334562316,2437174539,16406,1,552866
213,1574590925.005472,192.168.1.4,192.168.1.5,2334578722,2437174539,23168,1,576034
214,1574590925.005694,192.168.1.4,192.168.1.5,2334601890,2437174539,14367,1,590401
215,1574590925.037567,192.168.1.5,192.168.1.4,2437174539,2334616257,116,0,590285
216,1574590925.037842,192.168.1.5,192.168.1.4,2437174655,2334616257,116,0,590169
217,1574590925.038,192.168.1.5,192.168.1.4,2437174771,2334616257,124,0,590045
218,1574590925.03813,192.168.1.4,192.168.1.5,2334616257,2437174655,1541,1,591586
219,1574590925.03828,192.168.1.4,192.168.1.5,2842340138,103450123,1119,1,592705
220,1574590925.038605,192.168.1.5,192.168.1.4,2437174895,2334617798,124,0,592581
221,1574590925.03877,192.168.1.5,192.168.1.4,2437175019,2334617798,124,0,592457
222,1574590925.038937,192.168.1.5,192.168.1.4,2437175143,2334617798,124,0,592333
223,1574590925.03912,192.168.1.5,192.168.1.4,2437175267,2334617798,124,0,592209
224,1574590925.039281,192.168.1.5,192.168.1.4,2437175391,2334617798,124,0,592085
225,1574590925.039441,192.168.1.5,192.168.1.4,2437175515,2334617798,124,0,591961
226,1574590925.039615,192.168.1.5,192.168.1.4,2437175639,2334617798,123,0,591838
227,1574590925.039784,192.168.1.5,192.168.1.4,2437175762,2334617798,124,0,591714
228,1574590925.039988,192.168.1.5,192.168.1.4,2437175886,2334617798,124,0,591590
229,1574590925.040194,192.168.1.5,192.168.1.4,2437176010,2334617798,124,0,591466
230,1574590925.040327,192.168.1.5,192.168.1.4,2437176134,2334617798,124,0,591342
231,1574590925.040487,192.168.1.5,192.168.1.4,2437176258,2334617798,124,0,591218
232,1574590925.040619,192.168.1.5,192.168.1.4,2437176382,2334617798,116,0,591102
233,1574590925.04083,192.168.1.5,192.168.1.4,2437176498,2334617798,115,0,590987
234,1574590925.057375,192.168.1.4,192.168.1.5,2334617798,2437176613,122,1,591109
235,1574590925.075547,192.168.1.5,192.168.1.4,103450123,2842341257,86,0,591023
236,1574590925.075669,192.168.1.4,192.168.1.5,2334617920,2437176613,16406,1,607429
237,1574590925.075834,192.168.1.4,192.168.1.5,2334634326,2437176613,8688,1,616117
238,1574590925.075926,192.168.1.4,192.168.1.5,2334643014,2437176613,7718,1,623835
239,1574590925.075957,192.168.1.4,192.168.1.5,2334650732,2437176613,16406,1,640241
240,1574590925.076043,192.168.1.4,192.168.1.5,2334667138,2437176613,16353,1,656594
241,1574590925.076248,192.168.1.4,192.168.1.5,2334683491,2437176613,1089,1,657683
242,1574590925.076622,192.168.1.5,192.168.1.4,2437176613,2334684580,115,0,657568
243,1574590925.076875,192.168.1.4,192.168.1.5,2334684580,2437176728,4982,1,662550
244,1574590925.07734,192.168.1.5,192.168.1.4,2437176728,2334689562,115,0,662435
245,1574590925.077478,192.168.1.5,192.168.1.4,2437176843,2334689562,124,0,662311
246,1574590925.07779,192.168.1.4,192.168.1.5,2334689562,2437176967,2798,1,665109
247,1574590925.078082,192.168.1.5,192.168.1.4,2437176967,2334692360,124,0,664985
248,1574590925.078202,192.168.1.5,192.168.1.4,2437177091,2334692360,123,0,664862
249,1574590925.078306,192.168.1.5,192.168.1.4,2437177214,2334692360,116,0,664746
250,1574590925.07984,192.168.1.4,192.168.1.5,2334692360,2437177330,2070,1,666816
251,1574590925.106525,192.168.1.4,192.168.1.5,2334694430,2437177330,16406,1,683222
252,1574590925.1066,192.168.1.4,192.168.1.5,2334710836,2437177330,16406,1,699628
253,1574590925.106844,192.168.1.4,192.168.1.5,2334727242,2437177330,13032,1,712660
254,1574590925.106954,192.168.1.4,192.168.1.5,2334740274,2437177330,3374,1,716034
255,1574590925.106989,192.168.1.4,192.168.1.5,2334743648,2437177330,10136,1,726170
256,1574590925.107138,192.168.1.4,192.168.1.5,2334753784,2437177330,6217,1,732387
257,1574590925.107497,192.168.1.4,192.168.1.5,2334760001,2437177330,436,1,732823
258,1574590925.127115,192.168.1.4,192.168.1.5,2842341257,103450209,274,1,733097
259,1574590925.147712,192.168.1.5,192.168.1.4,103450209,2842341531,108,0,732989
260,1574590925.150122,192.168.1.4,192.168.1.5,2334760437,2437177330,16406,1,749395
261,1574590925.150194,192.168.1.4,192.168.1.5,2334776843,2437177330,4344,1,753739
262,1574590925.150294,192.168.1.4,192.168.1.5,2334781187,2437177330,3083,1,756822
263,1574590925.154768,192.168.1.5,192.168.1.4,3123192286,3826238361,343,0,756479
264,1574590925.155149,192.168.1.4,192.168.1.5,3826238361,3123192629,99,1,756578
265,1574590925.155562,192.168.1.5,192.168.1.4,3123192629,3826238460,382,0,756196
266,1574590925.156056,192.168.1.5,192.168.1.4,103450317,2842341531,53,0,756143
267,1574590925.15629,192.168.1.5,192.168.1.4,103450370,2842341531,295,0,755848
268,1574590925.166047,192.168.1.4,192.168.1.5,3826238460,3123193011,2266,1,758114
269,1574590925.166374,192.168.1.4,192.168.1.5,2334784270,2437177330,2798,1,760912
270,1574590925.166846,192.168.1.4,192.168.1.5,2334787068,2437177330,1410,1,762322
271,1574590925.167201,192.168.1.5,192.168.1.4,3123193011,3826240726,74,0,762248
272,1574590925.16733,192.168.1.5,192.168.1.4,3123193085,3826240726,245,0,762003
273,1574590925.167489,192.168.1.4,192.168.1.5,3826240726,3123193330,79,1,762082
274,1574590925.167555,192.168.1.4,192.168.1.5,3826240805,3123193330,79,1,762161
275,1574590925.168864,192.168.1.4,192.168.1.5,2334788478,2437177330,2798,1,764959
276,1574590925.169794,192.168.1.4,192.168.1.5,2334791276,2437177330,2798,1,767757
277,1574590925.170895,192.168.1.4,192.168.1.5,2334794074,2437177330,5574,1,773331
278,1574590925.172778,192.168.1.4,192.168.1.5,2334799648,2437177330,13032,1,786363
279,1574590925.172989,192.168.1.4,192.168.1.5,2334812680,2437177330,3374,1,789737
280,1574590925.173026,192.168.1.4,192.168.1.5,2334816054,2437177330,16406,1,806143
281,1574590925.173084,192.168.1.4,192.168.1.5,2334832460,2437177330,16406,1,822549
282,1574590925.17313,192.168.1.4,192.168.1.5,2334848866,2437177330,13032,1,835581
283,1574590925.1732,192.168.1.4,192.168.1.5,2334861898,2437177330,4344,1,839925
284,1574590925.173371,192.168.1.4,192.168.1.5,2334866242,2437177330,1241,1,841166
285,1574590925.191962,192.168.1.4,192.168.1.5,2842341531,103450665,53,1,841219
286,1574590925.191997,192.168.1.4,192.168.1.5,2334867483,2437177330,16406,1,857625
287,1574590925.192149,192.168.1.4,192.168.1.5,2334883889,2437177330,16406,1,874031
288,1574590925.192289,192.168.1.4,192.168.1.5,2334900295,2437177330,13032,1,887063
289,1574590925.192432,192.168.1.4,192.168.1.5,2334913327,2437177330,3374,1,890437
290,1574590925.192452,192.168.1.4,192.168.1.5,2334916701,2437177330,2896,1,893333
291,1574590925.192529,192.168.1.4,192.168.1.5,2334919597,2437177330,10136,1,903469
292,1574590925.192626,192.168.1.4,192.168.1.5,2334929733,2437177330,36452,1,939921
293,1574590925.195001,192.168.1.4,192.168.1.5,2334966185,2437177330,6962,1,946883
294,1574590925.198999,192.168.1.4,192.168.1.5,2334973147,2437177330,2798,1,949681
295,1574590925.200601,192.168.1.4,192.168.1.5,2334975945,2437177330,6962,1,956643
296,1574590925.202324,192.168.1.4,192.168.1.5,2334982907,2437177330,5574,1,962217
297,1574590925.204585,192.168.1.4,192.168.1.5,2334988481,2437177330,5574,1,967791
298,1574590925.205615,192.168.1.4,192.168.1.5,2334994055,2437177330,2798,1,970589
299,1574590925.206242,192.168.1.4,192.168.1.5,2334996853,2437177330,1410,1,971999
300,1574590925.206535,192.168.1.4,192.168.1.5,2334998263,2437177330,1410,1,973409
301,1574590925.207352,192.168.1.4,192.168.1.5,2334999673,2437177330,1410,1,974819
302,1574590925.207689,192.168.1.4,192.168.1.5,2335001083,2437177330,1410,1,976229
303,1574590925.208008,192.168.1.4,192.168.1.5,2335002493,2437177330,1410,1,977639
304,1574590925.234557,192.168.1.4,192.168.1.5,2842341584,103450665,57,1,977696
305,1574590925.237177,192.168.1.4,192.168.1.5,2335003903,2437177330,16406,1,994102
306,1574590925.237263,192.168.1.4,192.168.1.5,2335020309,2437177330,16406,1,1010508
307,1574590925.237333,192.168.1.4,192.168.1.5,2335036715,2437177330,16406,1,1026914
308,1574590925.237658,192.168.1.4,192.168.1.5,2335053121,2437177330,17376,1,1044290
309,1574590925.238547,192.168.1.4,192.168.1.5,2335070497,2437177330,1632,1,1045922
310,1574590925.238583,192.168.1.4,192.168.1.5,2335072129,2437177330,4186,1,1050108
311,1574590925.239899,192.168.1.4,192.168.1.5,2335076315,2437177330,4186,1,1054294
312,1574590925.242191,192.168.1.4,192.168.1.5,2335080501,2437177330,5574,1,1059868
313,1574590925.246124,192.168.1.4,192.168.1.5,2335086075,2437177330,6962,1,1066830
314,1574590925.246791,192.168.1.4,192.168.1.5,2335093037,2437177330,1410,1,1068240
315,1574590925.247083,192.168.1.4,192.168.1.5,2335094447,2437177330,1410,1,1069650
316,1574590925.248462,192.168.1.4,192.168.1.5,2842341641,103450665,981,1,1070631
317,1574590925.253567,192.168.1.4,192.168.1.5,2842342622,103450665,54,1,1070685
318,1574590925.274817,192.168.1.4,192.168.1.5,2335095857,2437177330,16406,1,1087091
319,1574590925.274878,192.168.1.4,192.168.1.5,2335112263,2437177330,16406,1,1103497
320,1574590925.274912,192.168.1.4,192.168.1.5,2335128669,2437177330,16406,1,1119903
321,1574590925.276468,192.168.1.4,192.168.1.5,2335145075,2437177330,19308,1,1139211
322,1574590925.280455,192.168.1.4,192.168.1.5,2335164383,2437177330,11126,1,1150337
323,1574590925.288189,192.168.1.4,192.168.1.5,2335175509,2437177330,2070,1,1152407
324,1574590925.288255,192.168.1.4,192.168.1.5,2335177579,2437177330,2070,1,1154477
325,1574590925.310534,192.168.1.4,192.168.1.5,2335179649,2437177330,16406,1,1170883
326,1574590925.310613,192.168.1.4,192.168.1.5,2335196055,2437177330,16406,1,1187289
327,1574590925.310719,192.168.1.4,192.168.1.5,2335212461,2437177330,16406,1,1203695
328,1574590925.310826,192.168.1.4,192.168.1.5,2335228867,2437177330,7240,1,1210935
329,1574590925.31105,192.168.1.4,192.168.1.5,2335236107,2437177330,10658,1,1221593
330,1574590925.314705,192.168.1.4,192.168.1.5,2335246765,2437177330,2070,1,1223663
331,1574590925.314768,192.168.1.4,192.168.1.5,2335248835,2437177330,2070,1,1225733
332,1574590925.339864,192.168.1.4,192.168.1.5,2335250905,2437177330,16406,1,1242139
333,1574590925.339934,192.168.1.4,192.168.1.5,2335267311,2437177330,16406,1,1258545
334,1574590925.339987,192.168.1.4,192.168.1.5,2335283717,2437177330,8688,1,1267233
335,1574590925.340129,192.168.1.4,192.168.1.5,2335292405,2437177330,7718,1,1274951
336,1574590925.340176,192.168.1.4,192.168.1.5,2335300123,2437177330,11584,1,1286535
337,1574590925.340281,192.168.1.4,192.168.1.5,2335311707,2437177330,4769,1,1291304
338,1574590925.340427,192.168.1.4,192.168.1.5,2335316476,2437177330,938,1,1292242
339,1574590925.340632,192.168.1.4,192.168.1.5,2335317414,2437177330,2070,1,1294312
340,1574590925.340741,192.168.1.4,192.168.1.5,2335319484,2437177330,1610,1,1295922
341,1574590925.340962,192.168.1.4,192.168.1.5,2335321094,2437177330,56,1,1295978
342,1574590925.341447,192.168.1.4,192.168.1.5,2335321150,2437177330,45,1,1296023
343,1574590925.343786,192.168.1.4,192.168.1.5,2335321195,2437177330,2070,1,1298093
344,1574590925.343889,192.168.1.4,192.168.1.5,2335323265,2437177330,2070,1,1300163
345,1574590925.344414,192.168.1.4,192.168.1.5,2833958155,3006291921,91,1,1300254
346,1574590925.344556,192.168.1.4,192.168.1.5,575578471,4134186713,91,1,1300345
347,1574590925.344685,192.168.1.4,192.168.1.5,575578562,4134186713,24,1,1300369
348,1574590925.345427,192.168.1.4,192.168.1.5,2833958246,3006291922,24,1,1300393
349,1574590925.372452,192.168.1.4,192.168.1.5,2335325335,2437177330,16406,1,1316799
350,1574590925.372532,192.168.1.4,192.168.1.5,2335341741,2437177330,16406,1,1333205
351,1574590925.372585,192.168.1.4,192.168.1.5,2335358147,2437177330,16406,1,1349611
352,1574590925.372632,192.168.1.4,192.168.1.5,2335374553,2437177330,14480,1,1364091
353,1574590925.372824,192.168.1.4,192.168.1.5,2335389033,2437177330,4682,1,1368773
354,1574590925.373578,192.168.1.4,192.168.1.5,2335393715,2437177330,2070,1,1370843
355,1574590925.374117,192.168.1.4,192.168.1.5,2335395785,2437177330,1444,1,1372287
356,1574590925.37413,192.168.1.4,192.168.1.5,2335397229,2437177330,56,1,1372343
357,1574590925.46307,192.168.1.5,192.168.1.4,3032268663,307910643,343,0,1372000
358,1574590925.463469,192.168.1.4,192.168.1.5,307910643,3032269006,99,1,1372099
359,1574590925.464026,192.168.1.5,192.168.1.4,3032269006,307910742,382,0,1371717
360,1574590925.473747,192.168.1.4,192.168.1.5,307910742,3032269388,2266,1,1373983
361,1574590925.47458,192.168.1.5,192.168.1.4,3032269388,307913008,74,0,1373909
362,1574590925.474909,192.168.1.4,192.168.1.5,307913008,3032269462,79,1,1373988
363,1574590925.475319,192.168.1.5,192.168.1.4,3032269462,307913087,245,0,1373743
364,1574590925.475399,192.168.1.4,192.168.1.5,307913087,3032269462,79,1,1373822
365,1574590925.771056,192.168.1.4,192.168.1.5,2616809770,1062164923,91,1,1373913
366,1574590925.771077,192.168.1.4,192.168.1.5,2616809861,1062164923,24,1,1373937
367,1574590925.771943,192.168.1.4,192.168.1.5,2624435404,1487377927,91,1,1374028
368,1574590925.772168,192.168.1.4,192.168.1.5,2624435495,1487377927,24,1,1374052
369,1574590926.654695,192.168.1.5,192.168.1.4,3892531523,3258253067,343,0,1373709
370,1574590926.655139,192.168.1.4,192.168.1.5,3258253067,3892531866,99,1,1373808
371,1574590926.655617,192.168.1.5,192.168.1.4,3892531866,3258253166,382,0,1373426
372,1574590926.671365,192.168.1.4,192.168.1.5,3258253166,3892532248,2266,1,1375692
373,1574590926.672327,192.168.1.5,192.168.1.4,3892532248,3258255432,74,0,1375618
374,1574590926.672468,192.168.1.5,192.168.1.4,3892532322,3258255432,247,0,1375371
375,1574590926.672832,192.168.1.4,192.168.1.5,3258255432,3892532569,79,1,1375450
376,1574590926.673106,192.168.1.4,192.168.1.5,3258255511,3892532569,79,1,1375529
377,1574590926.775511,192.168.1.5,192.168.1.4,2789596644,1951822327,201,0,1375328
378,1574590926.780186,192.168.1.5,192.168.1.4,2789596845,1951822327,108,0,1375220
379,1574590926.791566,192.168.1.5,192.168.1.4,2437177330,2335397285,124,0,1375096
380,1574590926.793731,192.168.1.5,192.168.1.4,2437177454,2335397285,123,0,1374973
381,1574590926.798834,192.168.1.5,192.168.1.4,2437177577,2335397285,116,0,1374857
382,1574590926.801713,192.168.1.5,192.168.1.4,2437177693,2335397285,116,0,1374741
383,1574590926.802597,192.168.1.4,192.168.1.5,1951822327,2789596953,8214,1,1382955
384,1574590926.808664,192.168.1.5,192.168.1.4,2437177809,2335397285,116,0,1382839
385,1574590926.811582,192.168.1.4,192.168.1.5,2335397285,2437177925,7766,1,1390605
386,1574590926.817493,192.168.1.4,192.168.1.5,2335405051,2437177925,4409,1,1395014
387,1574590926.81872,192.168.1.5,192.168.1.4,2437177925,2335409460,116,0,1394898
388,1574590926.820669,192.168.1.4,192.168.1.5,2335409460,2437178041,1410,1,1396308
389,1574590926.821646,192.168.1.5,192.168.1.4,2437178041,2335410870,116,0,1396192
390,1574590926.823782,192.168.1.4,192.168.1.5,2335410870,2437178157,2070,1,1398262
391,1574590926.823865,192.168.1.5,192.168.1.4,2437178157,2335412940,124,0,1398138
392,1574590926.824255,192.168.1.4,192.168.1.5,2335412940,2437178281,5654,1,1403792
393,1574590926.827146,192.168.1.5,192.168.1.4,2437178281,2335418594,116,0,1403676
394,1574590926.830177,192.168.1.4,192.168.1.5,2335418594,2437178397,2070,1,1405746
395,1574590926.846179,192.168.1.4,192.168.1.5,1951830541,2789596953,3648,1,1409394
396,1574590926.870698,192.168.1.4,192.168.1.5,2335420664,2437178397,16406,1,1425800
397,1574590926.870798,192.168.1.4,192.168.1.5,2335437070,2437178397,5792,1,1431592
398,1574590926.871054,192.168.1.4,192.168.1.5,2335442862,2437178397,8026,1,1439618
399,1574590926.914322,192.168.1.4,192.168.1.5,2335450888,2437178397,1085,1,1440703
400,1574590927.067579,192.168.1.5,192.168.1.4,4125402250,2781557392,343,0,1440360
401,1574590927.067928,192.168.1.4,192.168.1.5,2781557392,4125402593,99,1,1440459
402,1574590927.06833,192.168.1.5,192.168.1.4,4125402593,2781557491,382,0,1440077
403,1574590927.070361,192.168.1.5,192.168.1.4,2499747309,127720874,343,0,1439734
404,1574590927.071556,192.168.1.5,192.168.1.4,2905702459,1021430371,343,0,1439391
405,1574590927.074597,192.168.1.4,192.168.1.5,127720874,2499747652,99,1,1439490
406,1574590927.074902,192.168.1.5,192.168.1.4,2499747652,127720973,382,0,1439108
407,1574590927.075029,192.168.1.4,192.168.1.5,1021430371,2905702802,99,1,1439207
408,1574590927.075274,192.168.1.5,192.168.1.4,2905702802,1021430470,382,0,1438825
409,1574590927.087249,192.168.1.4,192.168.1.5,2781557491,4125402975,2266,1,1441091
410,1574590927.088178,192.168.1.5,192.168.1.4,4125402975,2781559757,74,0,1441017
411,1574590927.088285,192.168.1.5,192.168.1.4,4125403049,2781559757,245,0,1440772
412,1574590927.097189,192.168.1.4,192.168.1.5,1021430470,2905703184,2266,1,1443038
413,1574590927.097335,192.168.1.4,192.168.1.5,2781559757,4125403294,79,1,1443117
414,1574590927.097467,192.168.1.4,192.168.1.5,2781559836,4125403294,79,1,1443196
415,1574590927.098335,192.168.1.5,192.168.1.4,2905703184,1021432736,74,0,1443122
416,1574590927.098461,192.168.1.5,192.168.1.4,2905703258,1021432736,245,0,1442877
417,1574590927.099685,192.168.1.4,192.168.1.5,127720973,2499748034,2266,1,1445143
418,1574590927.099969,192.168.1.4,192.168.1.5,1021432736,2905703503,79,1,1445222
419,1574590927.100055,192.168.1.4,192.168.1.5,1021432815,2905703503,79,1,1445301
420,1574590927.100977,192.168.1.5,192.168.1.4,2499748034,127723239,74,0,1445227
421,1574590927.101159,192.168.1.5,192.168.1.4,2499748108,127723239,245,0,1444982
422,1574590927.101439,192.168.1.4,192.168.1.5,127723239,2499748353,79,1,1445061
423,1574590927.101515,192.168.1.4,192.168.1.5,127723318,2499748353,79,1,1445140
424,1574590927.103517,192.168.1.5,192.168.1.4,496219712,2259724885,343,0,1444797
425,1574590927.103892,192.168.1.4,192.168.1.5,2259724885,496220055,99,1,1444896
426,1574590927.104247,192.168.1.5,192.168.1.4,496220055,2259724984,382,0,1444514
427,1574590927.11444,192.168.1.4,192.168.1.5,2259724984,496220437,2266,1,1446780
428,1574590927.115341,192.168.1.5,192.168.1.4,496220437,2259727250,74,0,1446706
429,1574590927.115485,192.168.1.5,192.168.1.4,496220511,2259727250,237,0,1446469
430,1574590927.115725,192.168.1.4,192.168.1.5,2259727250,496220748,79,1,1446548
431,1574590927.11582,192.168.1.4,192.168.1.5,2259727329,496220748,79,1,1446627
432,1574590927.5185,192.168.1.5,192.168.1.4,4173878014,3963477153,343,0,1446284
433,1574590927.519183,192.168.1.4,192.168.1.5,3963477153,4173878357,99,1,1446383
434,1574590927.519899,192.168.1.5,192.168.1.4,4173878357,3963477252,382,0,1446001
435,1574590927.534902,192.168.1.4,192.168.1.5,3963477252,4173878739,2266,1,1448267
436,1574590927.536107,192.168.1.5,192.168.1.4,4173878739,3963479518,74,0,1448193
437,1574590927.536284,192.168.1.5,192.168.1.4,4173878813,3963479518,245,0,1447948
438,1574590927.536628,192.168.1.4,192.168.1.5,3963479518,4173879058,79,1,1448027
439,1574590927.53942,192.168.1.4,192.168.1.5,3963479597,4173879058,79,1,1448106
440,1574590930.560053,192.168.1.4,192.168.1.5,3826240884,3123193330,91,1,1448197
441,1574590930.560447,192.168.1.5,192.168.1.4,3123193330,3826240975,539,0,1447658
442,1574590930.583918,192.168.1.4,192.168.1.5,3826240975,3123193869,2070,1,1449728
443,1574590930.626252,192.168.1.4,192.168.1.5,3826243045,3123193869,1121,1,1450849
444,1574590930.627512,192.168.1.5,192.168.1.4,3123193869,3826244166,86,0,1450763
445,1574590930.627796,192.168.1.5,192.168.1.4,3123193955,3826244166,108,0,1450655
446,1574590930.627978,192.168.1.5,192.168.1.4,3032269707,307913166,24,0,1450631
447,1574590930.628362,192.168.1.5,192.168.1.4,4125403294,2781559915,24,0,1450607
448,1574590930.628521,192.168.1.5,192.168.1.4,2499748353,127723397,24,0,1450583
449,1574590930.628671,192.168.1.5,192.168.1.4,2905703503,1021432894,24,0,1450559
450,1574590930.628827,192.168.1.5,192.168.1.4,4173879058,3963479676,24,0,1450535
451,1574590930.629644,192.168.1.5,192.168.1.4,3123194063,3826244166,355,0,1450180
452,1574590930.629792,192.168.1.5,192.168.1.4,3123194418,3826244166,167,0,1450013
453,1574590930.629935,192.168.1.5,192.168.1.4,3123194585,3826244166,167,0,1449846
454,1574590930.630181,192.168.1.5,192.168.1.4,3123194752,3826244166,166,0,1449680
455,1574590930.630312,192.168.1.5,192.168.1.4,3123194918,3826244166,101,0,1449579
456,1574590930.630528,192.168.1.5,192.168.1.4,3123195019,3826244166,121,0,1449458
457,1574590930.659973,192.168.1.4,192.168.1.5,3826244166,3123195140,2070,1,1451528
458,1574590930.668841,192.168.1.5,192.168.1.4,3123195140,3826246236,53,0,1451475
459,1574590930.669415,192.168.1.4,192.168.1.5,3826246236,3123195193,14480,1,1465955
460,1574590930.66976,192.168.1.4,192.168.1.5,3826260716,3123195193,5804,1,1471759
461,1574590930.710393,192.168.1.4,192.168.1.5,3826266520,3123195193,16406,1,1488165
462,1574590930.710459,192.168.1.4,192.168.1.5,3826282926,3123195193,7140,1,1495305
463,1574590931.664684,192.168.1.4,192.168.1.5,307913166,3032269731,91,1,1495396
464,1574590931.664786,192.168.1.4,192.168.1.5,307913257,3032269731,24,1,1495420
465,1574590931.960462,192.168.1.4,192.168.1.5,3258255590,3892532569,91,1,1495511
466,1574590931.960914,192.168.1.5,192.168.1.4,3892532569,3258255681,539,0,1494972
467,1574590932.019806,192.168.1.4,192.168.1.5,3258255681,3892533108,2070,1,1497042
468,1574590932.042851,192.168.1.4,192.168.1.5,3963479676,4173879082,91,1,1497133
469,1574590932.043044,192.168.1.4,192.168.1.5,3963479767,4173879082,24,1,1497157
470,1574590932.06217,192.168.1.4,192.168.1.5,3258257751,3892533108,1121,1,1498278
471,1574590932.064638,192.168.1.5,192.168.1.4,3892533108,3258258872,86,0,1498192
472,1574590932.065,192.168.1.5,192.168.1.4,3892533194,3258258872,108,0,1498084
473,1574590932.06541,192.168.1.5,192.168.1.4,3892533302,3258258872,271,0,1497813
474,1574590932.113188,192.168.1.4,192.168.1.5,3258258872,3892533573,2070,1,1499883
475,1574590932.114373,192.168.1.5,192.168.1.4,3892533573,3258260942,53,0,1499830
476,1574590932.114769,192.168.1.4,192.168.1.5,3258260942,3892533626,7240,1,1507070
477,1574590932.114899,192.168.1.4,192.168.1.5,3258268182,3892533626,7240,1,1514310
478,1574590932.11507,192.168.1.4,192.168.1.5,3258275422,3892533626,8232,1,1522542
479,1574590932.15821,192.168.1.4,192.168.1.5,3258283654,3892533626,3318,1,1525860
480,1574590932.182013,192.168.1.5,192.168.1.4,3892533626,3258286972,112,0,1525748
481,1574590932.239738,192.168.1.4,192.168.1.5,3258286972,3892533738,2070,1,1527818
482,1574590932.268291,192.168.1.4,192.168.1.5,3258289042,3892533738,16406,1,1544224
483,1574590932.268423,192.168.1.4,192.168.1.5,3258305448,3892533738,16406,1,1560630
484,1574590932.268854,192.168.1.4,192.168.1.5,3258321854,3892533738,738,1,1561368
485,1574590932.269148,192.168.1.4,192.168.1.5,3258322592,3892533738,16406,1,1577774
486,1574590932.26955,192.168.1.4,192.168.1.5,3258338998,3892533738,16406,1,1594180
487,1574590932.269587,192.168.1.4,192.168.1.5,3258355404,3892533738,2070,1,1596250
488,1574590932.310255,192.168.1.4,192.168.1.5,3258357474,3892533738,16406,1,1612656
489,1574590932.310316,192.168.1.4,192.168.1.5,3258373880,3892533738,918,1,1613574
490,1574590932.35015,192.168.1.5,192.168.1.4,3892533738,3258374798,111,0,1613463
491,1574590932.371873,192.168.1.4,192.168.1.5,127723397,2499748377,91,1,1613554
492,1574590932.371902,192.168.1.4,192.168.1.5,2259727408,496220748,91,1,1613645
493,1574590932.372066,192.168.1.4,192.168.1.5,127723488,2499748377,24,1,1613669
494,1574590932.373225,192.168.1.5,192.168.1.4,496220748,2259727499,539,0,1613130
495,1574590932.396717,192.168.1.4,192.168.1.5,3258374798,3892533849,2070,1,1615200
496,1574590932.397395,192.168.1.4,192.168.1.5,3258376868,3892533849,2070,1,1617270
497,1574590932.403305,192.168.1.4,192.168.1.5,3258378938,3892533849,13032,1,1630302
498,1574590932.403591,192.168.1.4,192.168.1.5,3258391970,3892533849,3374,1,1633676
499,1574590932.403662,192.168.1.4,192.168.1.5,3258395344,3892533849,16406,1,1650082
500,1574590932.4039,192.168.1.4,192.168.1.5,3258411750,3892533849,1399,1,1651481
501,1574590932.404014,192.168.1.4,192.168.1.5,3258413149,3892533849,2070,1,1653551
502,1574590932.406294,192.168.1.4,192.168.1.5,3258415219,3892533849,2070,1,1655621
503,1574590932.415213,192.168.1.4,192.168.1.5,3258417289,3892533849,16406,1,1672027
504,1574590932.415385,192.168.1.4,192.168.1.5,3258433695,3892533849,16406,1,1688433
505,1574590932.41543,192.168.1.4,192.168.1.5,3258450101,3892533849,702,1,1689135
506,1574590932.41565,192.168.1.4,192.168.1.5,3258450803,3892533849,2070,1,1691205
507,1574590932.416204,192.168.1.4,192.168.1.5,3258452873,3892533849,2070,1,1693275
508,1574590932.427554,192.168.1.4,192.168.1.5,2259727499,496221287,2070,1,1695345
509,1574590932.458566,192.168.1.4,192.168.1.5,3258454943,3892533849,7747,1,1703092
510,1574590932.470453,192.168.1.4,192.168.1.5,2259729569,496221287,1756,1,1704848
511,1574590932.478805,192.168.1.5,192.168.1.4,496221287,2259731325,86,0,1704762
512,1574590932.479277,192.168.1.5,192.168.1.4,496221373,2259731325,108,0,1704654
513,1574590932.479669,192.168.1.5,192.168.1.4,496221481,2259731325,279,0,1704375
514,1574590932.497275,192.168.1.5,192.168.1.4,2789596953,1951834189,298,0,1704077
515,1574590932.501923,192.168.1.5,192.168.1.4,2789597251,1951834189,271,0,1703806
516,1574590932.513956,192.168.1.4,192.168.1.5,2259731325,496221760,954,1,1704760
517,1574590932.517693,192.168.1.5,192.168.1.4,496221760,2259732279,53,0,1704707
518,1574590932.518154,192.168.1.4,192.168.1.5,2259732279,496221813,2521,1,1707228
519,1574590932.518782,192.168.1.5,192.168.1.4,496221813,2259734800,61,0,1707167
520,1574590932.524224,192.168.1.4,192.168.1.5,1951834189,2789597522,298,1,1707465
521,1574590932.528518,192.168.1.4,192.168.1.5,1951834487,2789597522,179,1,1707644
522,1574590932.625324,192.168.1.5,192.168.1.4,3001226643,565604879,343,0,1707301
523,1574590932.62596,192.168.1.4,192.168.1.5,565604879,3001226986,99,1,1707400
524,1574590932.626394,192.168.1.5,192.168.1.4,3001226986,565604978,382,0,1707018
525,1574590932.643876,192.168.1.4,192.168.1.5,565604978,3001227368,2266,1,1709284
526,1574590932.644866,192.168.1.5,192.168.1.4,3001227368,565607244,74,0,1709210
527,1574590932.645218,192.168.1.4,192.168.1.5,565607244,3001227442,79,1,1709289
528,1574590932.6453,192.168.1.4,192.168.1.5,565607323,3001227442,79,1,1709368
529,1574590932.645442,192.168.1.5,192.168.1.4,3001227442,565607402,170,0,1709198
530,1574590933.313754,192.168.1.4,192.168.1.5,1021432894,2905703527,91,1,1709289
531,1574590933.31378,192.168.1.4,192.168.1.5,1021432985,2905703527,24,1,1709313
532,1574590933.314491,192.168.1.4,192.168.1.5,2781559915,4125403318,91,1,1709404
533,1574590933.314688,192.168.1.4,192.168.1.5,2781560006,4125403318,24,1,1709428
534,1574590935.213869,192.168.1.5,192.168.1.4,2789597522,1951834666,149,0,1709279
535,1574590935.214811,192.168.1.5,192.168.1.4,2789597671,1951834666,2896,0,1706383
536,1574590935.214876,192.168.1.5,192.168.1.4,2789600567,1951834666,9,0,1706374
537,1574590935.214971,192.168.1.5,192.168.1.4,2789600576,1951834666,829,0,1705545
538,1574590935.237422,192.168.1.4,192.168.1.5,1951834666,2789601405,57,1,1705602
539,1574590935.308719,192.168.1.4,192.168.1.5,1951834723,2789601405,311,1,1705913
540,1574590935.5075,192.168.1.4,192.168.1.5,565607402,3001227612,670,1,1706583
541,1574590935.508755,192.168.1.5,192.168.1.4,3001227612,565608072,24,0,1706559
542,1574590935.508914,192.168.1.4,192.168.1.5,565608072,3001227612,24,1,1706583
543,1574590935.517148,192.168.1.5,192.168.1.4,3960884179,1933101790,343,0,1706240
544,1574590935.517794,192.168.1.4,192.168.1.5,1933101790,3960884522,99,1,1706339
545,1574590935.518827,192.168.1.5,192.168.1.4,3960884522,1933101889,382,0,1705957
546,1574590935.532059,192.168.1.4,192.168.1.5,1933101889,3960884904,2266,1,1708223
547,1574590935.533293,192.168.1.5,192.168.1.4,3960884904,1933104155,74,0,1708149
548,1574590935.533506,192.168.1.5,192.168.1.4,3960884978,1933104155,170,0,1707979
549,1574590935.533801,192.168.1.4,192.168.1.5,1933104155,3960885148,79,1,1708058
550,1574590935.533936,192.168.1.4,192.168.1.5,1933104234,3960885148,79,1,1708137
551,1574590936.624185,192.168.1.5,192.168.1.4,3123195193,3826290066,98,0,1708039
552,1574590936.654231,192.168.1.4,192.168.1.5,3826290066,3123195291,4118,1,1712157
553,1574590936.694495,192.168.1.4,192.168.1.5,3826294184,3123195291,1698,1,1713855
554,1574590937.550733,192.168.1.4,192.168.1.5,1933104313,3960885148,670,1,1714525
555,1574590937.551871,192.168.1.5,192.168.1.4,3960885148,1933104983,24,0,1714501
556,1574590937.552014,192.168.1.4,192.168.1.5,1933104983,3960885148,24,1,1714525
557,1574590937.558168,192.168.1.5,192.168.1.4,2412601049,186286520,343,0,1714182
558,1574590937.55879,192.168.1.4,192.168.1.5,186286520,2412601392,99,1,1714281
559,1574590937.559213,192.168.1.5,192.168.1.4,2412601392,186286619,382,0,1713899
560,1574590937.571835,192.168.1.4,192.168.1.5,186286619,2412601774,2266,1,1716165
561,1574590937.572972,192.168.1.5,192.168.1.4,2412601774,186288885,74,0,1716091
562,1574590937.573193,192.168.1.5,192.168.1.4,2412601848,186288885,170,0,1715921
563,1574590937.573462,192.168.1.4,192.168.1.5,186288885,2412602018,79,1,1716000
564,1574590937.573551,192.168.1.4,192.168.1.5,186288964,2412602018,79,1,1716079
565,1574590939.536663,192.168.1.4,192.168.1.5,186289043,2412602018,670,1,1716749
566,1574590939.538092,192.168.1.4,192.168.1.5,186289713,2412602018,24,1,1716773
567,1574590939.538722,192.168.1.5,192.168.1.4,2412602018,186289737,24,0,1716749
568,1574590939.571447,192.168.1.5,192.168.1.4,2789601405,1951835034,90,0,1716659
569,1574590939.572305,192.168.1.5,192.168.1.4,2789601495,1951835034,2021,0,1714638
570,1574590939.595148,192.168.1.4,192.168.1.5,1951835034,2789603516,57,1,1714695
571,1574590939.641845,192.168.1.4,192.168.1.5,1951835091,2789603516,187,1,1714882
