index,time,src_ip,dst_ip,tcp_seq,tcp_ack,tcp_len,direction,cumul_sum
1,1574590943.590427,192.168.1.5,192.168.1.4,3001241447,1750739768,343,0,-343
2,1574590943.590996,192.168.1.4,192.168.1.5,1750739768,3001241790,99,1,-244
3,1574590943.591548,192.168.1.5,192.168.1.4,3001241790,1750739867,382,0,-626
4,1574590943.606445,192.168.1.4,192.168.1.5,1750739867,3001242172,2266,1,1640
5,1574590943.607412,192.168.1.5,192.168.1.4,3001242172,1750742133,74,0,1566
6,1574590943.607639,192.168.1.5,192.168.1.4,3001242246,1750742133,245,0,1321
7,1574590943.608097,192.168.1.4,192.168.1.5,1750742133,3001242491,79,1,1400
8,1574590943.608257,192.168.1.4,192.168.1.5,1750742212,3001242491,79,1,1479
9,1574590943.753738,192.168.1.5,192.168.1.4,1645157572,4013497392,343,0,1136
10,1574590943.754293,192.168.1.4,192.168.1.5,4013497392,1645157915,99,1,1235
11,1574590943.754603,192.168.1.5,192.168.1.4,1645157915,4013497491,382,0,853
12,1574590943.75658,192.168.1.5,192.168.1.4,4152500069,2432590070,343,0,510
13,1574590943.763262,192.168.1.4,192.168.1.5,2432590070,4152500412,99,1,609
14,1574590943.763803,192.168.1.5,192.168.1.4,4152500412,2432590169,382,0,227
15,1574590943.779279,192.168.1.4,192.168.1.5,4013497491,1645158297,2266,1,2493
16,1574590943.780491,192.168.1.5,192.168.1.4,1645158297,4013499757,74,0,2419
17,1574590943.780674,192.168.1.5,192.168.1.4,1645158371,4013499757,239,0,2180
18,1574590943.782908,192.168.1.4,192.168.1.5,4013499757,1645158610,79,1,2259
19,1574590943.782941,192.168.1.4,192.168.1.5,4013499836,1645158610,79,1,2338
20,1574590943.787648,192.168.1.4,192.168.1.5,2432590169,4152500794,2266,1,4604
21,1574590943.788546,192.168.1.5,192.168.1.4,4152500794,2432592435,74,0,4530
22,1574590943.788641,192.168.1.5,192.168.1.4,4152500868,2432592435,239,0,4291
23,1574590943.78885,192.168.1.4,192.168.1.5,2432592435,4152501107,79,1,4370
24,1574590943.796176,192.168.1.4,192.168.1.5,2432592514,4152501107,79,1,4449
25,1574590944.344163,192.168.1.4,192.168.1.5,1750742291,3001242491,91,1,4540
26,1574590944.345123,192.168.1.5,192.168.1.4,3001242491,1750742382,539,0,4001
27,1574590944.385549,192.168.1.4,192.168.1.5,1750742382,3001243030,2070,1,6071
28,1574590944.426512,192.168.1.4,192.168.1.5,1750744452,3001243030,1018,1,7089
29,1574590944.435758,192.168.1.5,192.168.1.4,3001243030,1750745470,86,0,7003
30,1574590944.436912,192.168.1.5,192.168.1.4,3001243116,1750745470,108,0,6895
31,1574590944.437499,192.168.1.5,192.168.1.4,3001243224,1750745470,321,0,6574
32,1574590944.437637,192.168.1.5,192.168.1.4,3001243545,1750745470,54,0,6520
33,1574590944.467475,192.168.1.4,192.168.1.5,1750745470,3001243599,586,1,7106
34,1574590944.467964,192.168.1.5,192.168.1.4,3001243599,1750746056,53,0,7053
35,1574590944.471166,192.168.1.4,192.168.1.5,1750746056,3001243652,53,1,7106
36,1574590944.515394,192.168.1.4,192.168.1.5,1750746109,3001243652,1233,1,8339
37,1574590944.526549,192.168.1.5,192.168.1.4,3001243652,1750747342,61,0,8278
38,1574590944.699876,192.168.1.4,192.168.1.5,2432592593,4152501107,91,1,8369
39,1574590944.700246,192.168.1.4,192.168.1.5,4013499915,1645158610,91,1,8460
40,1574590944.70102,192.168.1.5,192.168.1.4,4152501107,2432592684,539,0,7921
41,1574590944.701494,192.168.1.5,192.168.1.4,1645158610,4013500006,539,0,7382
42,1574590944.723486,192.168.1.4,192.168.1.5,4013500006,1645159149,1410,1,8792
43,1574590944.723789,192.168.1.4,192.168.1.5,2432592684,4152501646,2070,1,10862
44,1574590944.766463,192.168.1.4,192.168.1.5,4013501416,1645159149,1780,1,12642
45,1574590944.766534,192.168.1.4,192.168.1.5,2432594754,4152501646,1120,1,13762
46,1574590944.772162,192.168.1.5,192.168.1.4,1645159149,4013503196,86,0,13676
47,1574590944.774389,192.168.1.5,192.168.1.4,4152501646,2432595874,86,0,13590
48,1574590944.775013,192.168.1.5,192.168.1.4,4152501732,2432595874,24,0,13566
49,1574590944.775594,192.168.1.5,192.168.1.4,1645159235,4013503196,108,0,13458
50,1574590944.77631,192.168.1.4,192.168.1.5,2432595874,4152501756,24,1,13482
51,1574590944.783057,192.168.1.5,192.168.1.4,1645159343,4013503196,382,0,13100
52,1574590944.793157,192.168.1.4,192.168.1.5,4013503196,1645159725,274,1,13374
53,1574590944.793624,192.168.1.5,192.168.1.4,1645159725,4013503470,53,0,13321
54,1574590944.797158,192.168.1.4,192.168.1.5,4013503470,1645159778,53,1,13374
55,1574590944.83848,192.168.1.4,192.168.1.5,4013503523,1645159778,57,1,13431
56,1574590944.859424,192.168.1.4,192.168.1.5,4013503580,1645159778,870,1,14301
57,1574590944.865337,192.168.1.5,192.168.1.4,1645159778,4013504450,107,0,14194
58,1574590944.888102,192.168.1.4,192.168.1.5,4013504450,1645159885,57,1,14251
59,1574590944.968207,192.168.1.4,192.168.1.5,4013504507,1645159885,2896,1,17147
60,1574590944.968969,192.168.1.4,192.168.1.5,4013507403,1645159885,2678,1,19825
61,1574590944.969032,192.168.1.4,192.168.1.5,4013510081,1645159885,2070,1,21895
62,1574590945.010392,192.168.1.4,192.168.1.5,4013512151,1645159885,11584,1,33479
63,1574590945.010655,192.168.1.4,192.168.1.5,4013523735,1645159885,2896,1,36375
64,1574590945.010681,192.168.1.4,192.168.1.5,4013526631,1645159885,1020,1,37395
65,1574590945.039758,192.168.1.5,192.168.1.4,3082670784,1056450975,343,0,37052
66,1574590945.040209,192.168.1.4,192.168.1.5,1056450975,3082671127,99,1,37151
67,1574590945.040656,192.168.1.5,192.168.1.4,3082671127,1056451074,382,0,36769
68,1574590945.043372,192.168.1.5,192.168.1.4,4078943597,2716631280,343,0,36426
69,1574590945.046848,192.168.1.4,192.168.1.5,2716631280,4078943940,99,1,36525
70,1574590945.047315,192.168.1.5,192.168.1.4,4078943940,2716631379,382,0,36143
71,1574590945.049841,192.168.1.5,192.168.1.4,1795007014,813410412,343,0,35800
72,1574590945.056983,192.168.1.5,192.168.1.4,1216300417,1703461252,343,0,35457
73,1574590945.057268,192.168.1.4,192.168.1.5,813410412,1795007357,99,1,35556
74,1574590945.057927,192.168.1.4,192.168.1.5,1703461252,1216300760,99,1,35655
75,1574590945.058087,192.168.1.5,192.168.1.4,1795007357,813410511,382,0,35273
76,1574590945.058393,192.168.1.5,192.168.1.4,1216300760,1703461351,382,0,34891
77,1574590945.061016,192.168.1.5,192.168.1.4,2425539026,3729293857,343,0,34548
78,1574590945.064024,192.168.1.5,192.168.1.4,933555082,941695354,343,0,34205
79,1574590945.075436,192.168.1.5,192.168.1.4,1807461677,2161276358,343,0,33862
80,1574590945.076082,192.168.1.4,192.168.1.5,3729293857,2425539369,99,1,33961
81,1574590945.076472,192.168.1.4,192.168.1.5,941695354,933555425,99,1,34060
82,1574590945.076668,192.168.1.5,192.168.1.4,2425539369,3729293956,382,0,33678
83,1574590945.07703,192.168.1.5,192.168.1.4,933555425,941695453,382,0,33296
84,1574590945.093394,192.168.1.4,192.168.1.5,2161276358,1807462020,99,1,33395
85,1574590945.093767,192.168.1.5,192.168.1.4,1807462020,2161276457,382,0,33013
86,1574590945.116107,192.168.1.4,192.168.1.5,1056451074,3082671509,2266,1,35279
87,1574590945.117424,192.168.1.5,192.168.1.4,3082671509,1056453340,74,0,35205
88,1574590945.118036,192.168.1.5,192.168.1.4,3082671583,1056453340,245,0,34960
89,1574590945.132002,192.168.1.4,192.168.1.5,3729293956,2425539751,2266,1,37226
90,1574590945.132166,192.168.1.4,192.168.1.5,1056453340,3082671828,79,1,37305
91,1574590945.132352,192.168.1.4,192.168.1.5,1056453419,3082671828,79,1,37384
92,1574590945.133585,192.168.1.5,192.168.1.4,2425539751,3729296222,74,0,37310
93,1574590945.133742,192.168.1.5,192.168.1.4,2425539825,3729296222,245,0,37065
94,1574590945.141593,192.168.1.4,192.168.1.5,1703461351,1216301142,2266,1,39331
95,1574590945.142919,192.168.1.4,192.168.1.5,2716631379,4078944322,2266,1,41597
96,1574590945.143259,192.168.1.5,192.168.1.4,1216301142,1703463617,74,0,41523
97,1574590945.143424,192.168.1.5,192.168.1.4,1216301216,1703463617,245,0,41278
98,1574590945.145091,192.168.1.5,192.168.1.4,4078944322,2716633645,74,0,41204
99,1574590945.145354,192.168.1.5,192.168.1.4,4078944396,2716633645,245,0,40959
100,1574590945.145543,192.168.1.4,192.168.1.5,2716633645,4078944641,79,1,41038
101,1574590945.145655,192.168.1.4,192.168.1.5,2716633724,4078944641,79,1,41117
102,1574590945.151417,192.168.1.4,192.168.1.5,813410511,1795007739,2266,1,43383
103,1574590945.152683,192.168.1.5,192.168.1.4,1795007739,813412777,74,0,43309
104,1574590945.152852,192.168.1.5,192.168.1.4,1795007813,813412777,245,0,43064
105,1574590945.154298,192.168.1.4,192.168.1.5,813412777,1795008058,79,1,43143
106,1574590945.155486,192.168.1.4,192.168.1.5,813412856,1795008058,79,1,43222
107,1574590945.155507,192.168.1.4,192.168.1.5,1703463617,1216301461,79,1,43301
108,1574590945.155515,192.168.1.4,192.168.1.5,1703463696,1216301461,79,1,43380
109,1574590945.157301,192.168.1.4,192.168.1.5,941695453,933555807,2266,1,45646
110,1574590945.157512,192.168.1.4,192.168.1.5,3729296222,2425540070,79,1,45725
111,1574590945.157645,192.168.1.4,192.168.1.5,3729296301,2425540070,79,1,45804
112,1574590945.158833,192.168.1.5,192.168.1.4,933555807,941697719,74,0,45730
113,1574590945.15905,192.168.1.5,192.168.1.4,933555881,941697719,245,0,45485
114,1574590945.159908,192.168.1.4,192.168.1.5,2161276457,1807462402,2266,1,47751
115,1574590945.160794,192.168.1.4,192.168.1.5,941697719,933556126,79,1,47830
116,1574590945.160888,192.168.1.4,192.168.1.5,941697798,933556126,79,1,47909
117,1574590945.161926,192.168.1.5,192.168.1.4,1807462402,2161278723,74,0,47835
118,1574590945.162062,192.168.1.5,192.168.1.4,1807462476,2161278723,231,0,47604
119,1574590945.162367,192.168.1.4,192.168.1.5,2161278723,1807462707,79,1,47683
120,1574590945.16247,192.168.1.4,192.168.1.5,2161278802,1807462707,79,1,47762
121,1574590946.838922,192.168.1.4,192.168.1.5,941697877,933556126,91,1,47853
122,1574590946.838948,192.168.1.4,192.168.1.5,2161278881,1807462707,91,1,47944
123,1574590946.839076,192.168.1.4,192.168.1.5,3729296380,2425540070,91,1,48035
124,1574590946.839797,192.168.1.5,192.168.1.4,2425540070,3729296471,539,0,47496
125,1574590946.839882,192.168.1.5,192.168.1.4,933556126,941697968,539,0,46957
126,1574590946.839995,192.168.1.5,192.168.1.4,1807462707,2161278972,539,0,46418
127,1574590946.862004,192.168.1.4,192.168.1.5,3729296471,2425540609,2070,1,48488
128,1574590946.862313,192.168.1.4,192.168.1.5,2161278972,1807463246,2070,1,50558
129,1574590946.866737,192.168.1.4,192.168.1.5,941697968,933556665,2070,1,52628
130,1574590946.902492,192.168.1.4,192.168.1.5,3729298541,2425540609,1121,1,53749
131,1574590946.904422,192.168.1.5,192.168.1.4,2425540609,3729299662,86,0,53663
132,1574590946.904686,192.168.1.5,192.168.1.4,2425540695,3729299662,108,0,53555
133,1574590946.905292,192.168.1.5,192.168.1.4,3082671828,1056453498,24,0,53531
134,1574590946.905526,192.168.1.5,192.168.1.4,4078944641,2716633803,24,0,53507
135,1574590946.906157,192.168.1.4,192.168.1.5,2161281042,1807463246,1120,1,54627
136,1574590946.90644,192.168.1.5,192.168.1.4,1795008058,813412935,24,0,54603
137,1574590946.906582,192.168.1.5,192.168.1.4,1216301461,1703463775,24,0,54579
138,1574590946.906742,192.168.1.5,192.168.1.4,933556665,941700038,24,0,54555
139,1574590946.906955,192.168.1.4,192.168.1.5,941700038,933556689,1120,1,55675
140,1574590946.907074,192.168.1.4,192.168.1.5,941701158,933556689,24,1,55699
141,1574590946.921709,192.168.1.4,192.168.1.5,3729299662,2425540803,305,1,56004
142,1574590946.92906,192.168.1.5,192.168.1.4,1807463246,2161282162,86,0,55918
143,1574590946.938117,192.168.1.5,192.168.1.4,2425540803,3729299967,338,0,55580
144,1574590946.938392,192.168.1.5,192.168.1.4,2425541141,3729299967,122,0,55458
145,1574590946.938545,192.168.1.5,192.168.1.4,2425541263,3729299967,122,0,55336
146,1574590946.938777,192.168.1.5,192.168.1.4,2425541385,3729299967,121,0,55215
147,1574590946.938916,192.168.1.5,192.168.1.4,2425541506,3729299967,122,0,55093
148,1574590946.939061,192.168.1.5,192.168.1.4,2425541628,3729299967,122,0,54971
149,1574590946.939282,192.168.1.5,192.168.1.4,2425541750,3729299967,121,0,54850
150,1574590946.939459,192.168.1.5,192.168.1.4,2425541871,3729299967,121,0,54729
151,1574590946.939679,192.168.1.5,192.168.1.4,2425541992,3729299967,53,0,54676
152,1574590946.939842,192.168.1.5,192.168.1.4,2425542045,3729299967,121,0,54555
153,1574590946.9401,192.168.1.5,192.168.1.4,2425542166,3729299967,122,0,54433
154,1574590946.940252,192.168.1.5,192.168.1.4,2425542288,3729299967,120,0,54313
155,1574590946.940684,192.168.1.5,192.168.1.4,1807463332,2161282162,108,0,54205
156,1574590946.942149,192.168.1.5,192.168.1.4,1807463440,2161282162,295,0,53910
157,1574590946.949451,192.168.1.4,192.168.1.5,2161282162,1807463735,274,1,54184
158,1574590946.949768,192.168.1.5,192.168.1.4,1807463735,2161282436,53,0,54131
159,1574590946.956613,192.168.1.4,192.168.1.5,3729299967,2425542408,144,1,54275
160,1574590946.964156,192.168.1.4,192.168.1.5,2161282436,1807463788,66,1,54341
161,1574590946.96437,192.168.1.4,192.168.1.5,3729300111,2425542408,7240,1,61581
162,1574590946.964475,192.168.1.4,192.168.1.5,3729307351,2425542408,5792,1,67373
163,1574590946.964552,192.168.1.4,192.168.1.5,3729313143,2425542408,4344,1,71717
164,1574590946.964624,192.168.1.4,192.168.1.5,3729317487,2425542408,13032,1,84749
165,1574590946.964725,192.168.1.4,192.168.1.5,3729330519,2425542408,3121,1,87870
166,1574590946.984574,192.168.1.4,192.168.1.5,3729333640,2425542408,26064,1,113934
167,1574590946.984741,192.168.1.4,192.168.1.5,3729359704,2425542408,2896,1,116830
168,1574590946.984926,192.168.1.4,192.168.1.5,3729362600,2425542408,3852,1,120682
169,1574590946.984936,192.168.1.4,192.168.1.5,3729366452,2425542408,395,1,121077
170,1574590946.992571,192.168.1.4,192.168.1.5,3729366847,2425542408,16406,1,137483
171,1574590946.992696,192.168.1.4,192.168.1.5,3729383253,2425542408,13032,1,150515
172,1574590946.993108,192.168.1.4,192.168.1.5,3729396285,2425542408,3374,1,153889
173,1574590946.993426,192.168.1.4,192.168.1.5,3729399659,2425542408,1380,1,155269
174,1574590947.003029,192.168.1.4,192.168.1.5,813412935,1795008082,91,1,155360
175,1574590947.003056,192.168.1.4,192.168.1.5,1703463775,1216301485,91,1,155451
176,1574590947.003337,192.168.1.4,192.168.1.5,1703463866,1216301485,24,1,155475
177,1574590947.00429,192.168.1.4,192.168.1.5,813413026,1795008083,24,1,155499
178,1574590947.005347,192.168.1.4,192.168.1.5,3729401039,2425542408,16406,1,171905
179,1574590947.005429,192.168.1.4,192.168.1.5,3729417445,2425542408,13032,1,184937
180,1574590947.005465,192.168.1.4,192.168.1.5,3729430477,2425542408,3374,1,188311
181,1574590947.005738,192.168.1.4,192.168.1.5,3729433851,2425542408,1782,1,190093
182,1574590947.005916,192.168.1.4,192.168.1.5,3729435633,2425542408,838,1,190931
183,1574590947.032361,192.168.1.4,192.168.1.5,3729436471,2425542408,16406,1,207337
184,1574590947.032536,192.168.1.4,192.168.1.5,3729452877,2425542408,15928,1,223265
185,1574590947.032722,192.168.1.4,192.168.1.5,3729468805,2425542408,478,1,223743
186,1574590947.032742,192.168.1.4,192.168.1.5,3729469283,2425542408,16406,1,240149
187,1574590947.033079,192.168.1.4,192.168.1.5,3729485689,2425542408,16353,1,256502
188,1574590947.033125,192.168.1.4,192.168.1.5,3729502042,2425542408,871,1,257373
189,1574590947.038591,192.168.1.4,192.168.1.5,2161282502,1807463788,982,1,258355
190,1574590947.074303,192.168.1.4,192.168.1.5,3729502913,2425542408,9078,1,267433
191,1574590947.08025,192.168.1.4,192.168.1.5,3729511991,2425542408,2070,1,269503
192,1574590947.080306,192.168.1.4,192.168.1.5,3729514061,2425542408,750,1,270253
193,1574590947.094344,192.168.1.4,192.168.1.5,1056453498,3082671852,91,1,270344
194,1574590947.094588,192.168.1.4,192.168.1.5,1056453589,3082671852,24,1,270368
195,1574590947.098352,192.168.1.4,192.168.1.5,3729514811,2425542408,2070,1,272438
196,1574590947.098406,192.168.1.4,192.168.1.5,3729516881,2425542408,2070,1,274508
197,1574590947.098522,192.168.1.4,192.168.1.5,3729518951,2425542408,90,1,274598
198,1574590947.103953,192.168.1.4,192.168.1.5,3729519041,2425542408,2070,1,276668
199,1574590947.104156,192.168.1.4,192.168.1.5,3729521111,2425542408,2070,1,278738
200,1574590947.104182,192.168.1.4,192.168.1.5,3729523181,2425542408,90,1,278828
201,1574590947.116419,192.168.1.4,192.168.1.5,3729523271,2425542408,2070,1,280898
202,1574590947.123079,192.168.1.4,192.168.1.5,3729525341,2425542408,750,1,281648
203,1574590947.123117,192.168.1.4,192.168.1.5,3729526091,2425542408,1472,1,283120
204,1574590947.227869,192.168.1.4,192.168.1.5,2716633803,4078944665,91,1,283211
205,1574590947.227982,192.168.1.4,192.168.1.5,2716633894,4078944665,24,1,283235
206,1574590947.343812,192.168.1.5,192.168.1.4,2425542408,3729527563,124,0,283111
207,1574590947.359743,192.168.1.5,192.168.1.4,2425542532,3729527563,125,0,282986
208,1574590947.361675,192.168.1.5,192.168.1.4,2425542657,3729527563,124,0,282862
209,1574590947.363537,192.168.1.5,192.168.1.4,2425542781,3729527563,124,0,282738
210,1574590947.365515,192.168.1.5,192.168.1.4,2425542905,3729527563,115,0,282623
211,1574590947.376663,192.168.1.5,192.168.1.4,2425543020,3729527563,124,0,282499
212,1574590947.378688,192.168.1.5,192.168.1.4,2425543144,3729527563,125,0,282374
213,1574590947.380515,192.168.1.5,192.168.1.4,2425543269,3729527563,125,0,282249
214,1574590947.382619,192.168.1.5,192.168.1.4,2425543394,3729527563,124,0,282125
215,1574590947.384645,192.168.1.5,192.168.1.4,2425543518,3729527563,116,0,282009
216,1574590947.389459,192.168.1.4,192.168.1.5,3729527563,2425543634,2070,1,284079
217,1574590947.389932,192.168.1.4,192.168.1.5,3729529633,2425543634,2070,1,286149
218,1574590947.390185,192.168.1.4,192.168.1.5,3729531703,2425543634,2070,1,288219
219,1574590947.390369,192.168.1.4,192.168.1.5,3729533773,2425543634,2070,1,290289
220,1574590947.390393,192.168.1.4,192.168.1.5,3729535843,2425543634,2070,1,292359
221,1574590947.39068,192.168.1.4,192.168.1.5,3729537913,2425543634,5792,1,298151
222,1574590947.392202,192.168.1.4,192.168.1.5,3729543705,2425543634,10190,1,308341
223,1574590947.393287,192.168.1.4,192.168.1.5,3729553895,2425543634,2070,1,310411
224,1574590947.394178,192.168.1.4,192.168.1.5,3729555965,2425543634,8214,1,318625
225,1574590947.401946,192.168.1.4,192.168.1.5,3729564179,2425543634,14480,1,333105
226,1574590947.402075,192.168.1.4,192.168.1.5,3729578659,2425543634,1926,1,335031
227,1574590947.402101,192.168.1.4,192.168.1.5,3729580585,2425543634,13032,1,348063
228,1574590947.402264,192.168.1.4,192.168.1.5,3729593617,2425543634,7240,1,355303
229,1574590947.402415,192.168.1.4,192.168.1.5,3729600857,2425543634,26064,1,381367
230,1574590947.402631,192.168.1.4,192.168.1.5,3729626921,2425543634,5067,1,386434
231,1574590947.402796,192.168.1.4,192.168.1.5,3729631988,2425543634,1410,1,387844
232,1574590947.403312,192.168.1.4,192.168.1.5,3729633398,2425543634,2070,1,389914
233,1574590947.403437,192.168.1.4,192.168.1.5,3729635468,2425543634,2070,1,391984
234,1574590947.446266,192.168.1.4,192.168.1.5,3729637538,2425543634,16406,1,408390
235,1574590947.446346,192.168.1.4,192.168.1.5,3729653944,2425543634,16406,1,424796
236,1574590947.446381,192.168.1.4,192.168.1.5,3729670350,2425543634,1448,1,426244
237,1574590947.44695,192.168.1.4,192.168.1.5,3729671798,2425543634,18824,1,445068
238,1574590947.447075,192.168.1.4,192.168.1.5,3729690622,2425543634,11312,1,456380
239,1574590947.490451,192.168.1.5,192.168.1.4,2425543634,3729701934,116,0,456264
240,1574590947.494121,192.168.1.4,192.168.1.5,3729701934,2425543750,2070,1,458334
241,1574590947.494535,192.168.1.5,192.168.1.4,2425543750,3729704004,124,0,458210
242,1574590947.494723,192.168.1.5,192.168.1.4,2425543874,3729704004,124,0,458086
243,1574590947.49491,192.168.1.4,192.168.1.5,3729704004,2425543998,16406,1,474492
244,1574590947.495098,192.168.1.4,192.168.1.5,3729720410,2425543998,16406,1,490898
245,1574590947.495217,192.168.1.4,192.168.1.5,3729736816,2425543998,2896,1,493794
246,1574590947.495301,192.168.1.4,192.168.1.5,3729739712,2425543998,8114,1,501908
247,1574590947.495666,192.168.1.5,192.168.1.4,2425543998,3729747826,124,0,501784
248,1574590947.495854,192.168.1.5,192.168.1.4,2425544122,3729747826,124,0,501660
249,1574590947.495997,192.168.1.5,192.168.1.4,2425544246,3729747826,124,0,501536
250,1574590947.496241,192.168.1.5,192.168.1.4,2425544370,3729747826,124,0,501412
251,1574590947.496774,192.168.1.4,192.168.1.5,3729747826,2425544494,2070,1,503482
252,1574590947.52374,192.168.1.4,192.168.1.5,3729749896,2425544494,16406,1,519888
253,1574590947.523809,192.168.1.4,192.168.1.5,3729766302,2425544494,16406,1,536294
254,1574590947.523866,192.168.1.4,192.168.1.5,3729782708,2425544494,5792,1,542086
255,1574590947.524169,192.168.1.4,192.168.1.5,3729788500,2425544494,28313,1,570399
256,1574590947.529169,192.168.1.5,192.168.1.4,2425544494,3729816813,124,0,570275
257,1574590947.529634,192.168.1.4,192.168.1.5,3729816813,2425544618,7690,1,577965
258,1574590947.531805,192.168.1.5,192.168.1.4,2425544618,3729824503,123,0,577842
259,1574590947.531972,192.168.1.5,192.168.1.4,2425544741,3729824503,124,0,577718
260,1574590947.532111,192.168.1.5,192.168.1.4,2425544865,3729824503,124,0,577594
261,1574590947.532363,192.168.1.4,192.168.1.5,3729824503,2425544989,16406,1,594000
262,1574590947.532416,192.168.1.5,192.168.1.4,2425544989,3729824503,124,0,593876
263,1574590947.532504,192.168.1.4,192.168.1.5,3729840909,2425544989,13032,1,606908
264,1574590947.532622,192.168.1.4,192.168.1.5,3729853941,2425544989,1764,1,608672
265,1574590947.532949,192.168.1.5,192.168.1.4,2425545113,3729855705,124,0,608548
266,1574590947.533139,192.168.1.5,192.168.1.4,2425545237,3729855705,124,0,608424
267,1574590947.533311,192.168.1.5,192.168.1.4,2425545361,3729855705,116,0,608308
268,1574590947.533482,192.168.1.5,192.168.1.4,2425545477,3729855705,115,0,608193
269,1574590947.533736,192.168.1.5,192.168.1.4,2425545592,3729855705,115,0,608078
270,1574590947.533903,192.168.1.5,192.168.1.4,2425545707,3729855705,115,0,607963
271,1574590947.536711,192.168.1.4,192.168.1.5,3729855705,2425545822,2070,1,610033
272,1574590947.550778,192.168.1.5,192.168.1.4,2425545822,3729857775,124,0,609909
273,1574590947.551031,192.168.1.5,192.168.1.4,2425545946,3729857775,124,0,609785
274,1574590947.551195,192.168.1.5,192.168.1.4,2425546070,3729857775,123,0,609662
275,1574590947.551361,192.168.1.5,192.168.1.4,2425546193,3729857775,116,0,609546
276,1574590947.551487,192.168.1.4,192.168.1.5,3729857775,2425546193,16406,1,625952
277,1574590947.551706,192.168.1.4,192.168.1.5,3729874181,2425546309,16406,1,642358
278,1574590947.55188,192.168.1.4,192.168.1.5,3729890587,2425546309,10136,1,652494
279,1574590947.552043,192.168.1.4,192.168.1.5,3729900723,2425546309,6270,1,658764
280,1574590947.552054,192.168.1.4,192.168.1.5,3729906993,2425546309,2845,1,661609
281,1574590947.57073,192.168.1.4,192.168.1.5,3729909838,2425546309,2070,1,663679
282,1574590947.581575,192.168.1.4,192.168.1.5,3729911908,2425546309,16406,1,680085
283,1574590947.58165,192.168.1.4,192.168.1.5,3729928314,2425546309,16406,1,696491
284,1574590947.582059,192.168.1.4,192.168.1.5,3729944720,2425546309,13032,1,709523
285,1574590947.582362,192.168.1.4,192.168.1.5,3729957752,2425546309,19727,1,729250
286,1574590947.582446,192.168.1.4,192.168.1.5,3729977479,2425546309,69,1,729319
287,1574590947.603732,192.168.1.4,192.168.1.5,3729977548,2425546309,16406,1,745725
288,1574590947.603843,192.168.1.4,192.168.1.5,3729993954,2425546309,16406,1,762131
289,1574590947.603948,192.168.1.4,192.168.1.5,3730010360,2425546309,16406,1,778537
290,1574590947.604186,192.168.1.4,192.168.1.5,3730026766,2425546309,16553,1,795090
291,1574590947.62706,192.168.1.5,192.168.1.4,584378161,3537269997,343,0,794747
292,1574590947.627637,192.168.1.4,192.168.1.5,3537269997,584378504,99,1,794846
293,1574590947.62797,192.168.1.5,192.168.1.4,584378504,3537270096,382,0,794464
294,1574590947.634511,192.168.1.4,192.168.1.5,3730043319,2425546309,16406,1,810870
295,1574590947.634717,192.168.1.4,192.168.1.5,3730059725,2425546309,16406,1,827276
296,1574590947.634786,192.168.1.4,192.168.1.5,3730076131,2425546309,7240,1,834516
297,1574590947.634873,192.168.1.4,192.168.1.5,3730083371,2425546309,18824,1,853340
298,1574590947.635119,192.168.1.4,192.168.1.5,3730102195,2425546309,7732,1,861072
299,1574590947.639326,192.168.1.4,192.168.1.5,3537270096,584378886,2266,1,863338
300,1574590947.640411,192.168.1.5,192.168.1.4,584378886,3537272362,74,0,863264
301,1574590947.640584,192.168.1.5,192.168.1.4,584378960,3537272362,245,0,863019
302,1574590947.640952,192.168.1.4,192.168.1.5,3537272362,584379205,79,1,863098
303,1574590947.640967,192.168.1.4,192.168.1.5,3537272441,584379205,79,1,863177
304,1574590947.678376,192.168.1.4,192.168.1.5,3730109927,2425546309,7030,1,870207
305,1574590947.687082,192.168.1.4,192.168.1.5,3730116957,2425546309,1410,1,871617
306,1574590947.688009,192.168.1.4,192.168.1.5,3730118367,2425546309,5574,1,877191
307,1574590947.688693,192.168.1.4,192.168.1.5,3730123941,2425546309,2798,1,879989
308,1574590947.690598,192.168.1.4,192.168.1.5,3730126739,2425546309,2798,1,882787
309,1574590947.691353,192.168.1.4,192.168.1.5,3730129537,2425546309,5574,1,888361
310,1574590947.695419,192.168.1.4,192.168.1.5,3730135111,2425546309,11126,1,899487
311,1574590947.697248,192.168.1.4,192.168.1.5,3730146237,2425546309,16406,1,915893
312,1574590947.697307,192.168.1.4,192.168.1.5,3730162643,2425546309,16406,1,932299
313,1574590947.697338,192.168.1.4,192.168.1.5,3730179049,2425546309,10136,1,942435
314,1574590947.697616,192.168.1.4,192.168.1.5,3730189185,2425546309,11584,1,954019
315,1574590947.697828,192.168.1.4,192.168.1.5,3730200769,2425546309,47784,1,1001803
316,1574590947.698074,192.168.1.4,192.168.1.5,3730248553,2425546309,3326,1,1005129
317,1574590947.721515,192.168.1.4,192.168.1.5,3730251879,2425546309,1410,1,1006539
318,1574590947.722705,192.168.1.4,192.168.1.5,3730253289,2425546309,14358,1,1020897
319,1574590947.726515,192.168.1.4,192.168.1.5,3730267647,2425546309,16406,1,1037303
320,1574590947.726591,192.168.1.4,192.168.1.5,3730284053,2425546309,15928,1,1053231
321,1574590947.726721,192.168.1.4,192.168.1.5,3730299981,2425546309,478,1,1053709
322,1574590947.726745,192.168.1.4,192.168.1.5,3730300459,2425546309,15928,1,1069637
323,1574590947.726996,192.168.1.4,192.168.1.5,3730316387,2425546309,24382,1,1094019
324,1574590947.728207,192.168.1.4,192.168.1.5,3730340769,2425546309,4118,1,1098137
325,1574590947.757344,192.168.1.4,192.168.1.5,3730344887,2425546309,16406,1,1114543
326,1574590947.757407,192.168.1.4,192.168.1.5,3730361293,2425546309,16406,1,1130949
327,1574590947.757447,192.168.1.4,192.168.1.5,3730377699,2425546309,16406,1,1147355
328,1574590947.757482,192.168.1.4,192.168.1.5,3730394105,2425546309,1448,1,1148803
329,1574590947.757717,192.168.1.4,192.168.1.5,3730395553,2425546309,17376,1,1166179
330,1574590947.758707,192.168.1.4,192.168.1.5,3730412929,2425546309,2476,1,1168655
331,1574590947.758745,192.168.1.4,192.168.1.5,3730415405,2425546309,2798,1,1171453
332,1574590947.760927,192.168.1.4,192.168.1.5,3730418203,2425546309,4932,1,1176385
333,1574590947.761797,192.168.1.4,192.168.1.5,3730423135,2425546309,2798,1,1179183
334,1574590947.763888,192.168.1.4,192.168.1.5,3730425933,2425546309,5574,1,1184757
335,1574590947.765662,192.168.1.4,192.168.1.5,3730431507,2425546309,4079,1,1188836
336,1574590947.766303,192.168.1.4,192.168.1.5,3730435586,2425546309,1467,1,1190303
337,1574590947.767192,192.168.1.4,192.168.1.5,3730437053,2425546309,1410,1,1191713
338,1574590947.767971,192.168.1.4,192.168.1.5,3730438463,2425546309,2736,1,1194449
339,1574590947.774331,192.168.1.4,192.168.1.5,3730441199,2425546309,12854,1,1207303
340,1574590947.779428,192.168.1.4,192.168.1.5,3730454053,2425546309,2070,1,1209373
341,1574590947.779631,192.168.1.4,192.168.1.5,3730456123,2425546309,2070,1,1211443
342,1574590947.803617,192.168.1.4,192.168.1.5,3730458193,2425546309,16406,1,1227849
343,1574590947.803743,192.168.1.4,192.168.1.5,3730474599,2425546309,16406,1,1244255
344,1574590947.803814,192.168.1.4,192.168.1.5,3730491005,2425546309,16406,1,1260661
345,1574590947.804213,192.168.1.4,192.168.1.5,3730507411,2425546309,18041,1,1278702
346,1574590947.804492,192.168.1.4,192.168.1.5,3730525452,2425546309,1410,1,1280112
347,1574590947.807429,192.168.1.4,192.168.1.5,3730526862,2425546309,2070,1,1282182
348,1574590947.808528,192.168.1.4,192.168.1.5,3730528932,2425546309,2070,1,1284252
349,1574590947.836756,192.168.1.4,192.168.1.5,3730531002,2425546309,16406,1,1300658
350,1574590947.836854,192.168.1.4,192.168.1.5,3730547408,2425546309,16406,1,1317064
351,1574590947.836916,192.168.1.4,192.168.1.5,3730563814,2425546309,16406,1,1333470
352,1574590947.836946,192.168.1.4,192.168.1.5,3730580220,2425546309,4344,1,1337814
353,1574590947.837229,192.168.1.4,192.168.1.5,3730584564,2425546309,17009,1,1354823
354,1574590947.878305,192.168.1.4,192.168.1.5,3730601573,2425546309,16406,1,1371229
355,1574590947.878397,192.168.1.4,192.168.1.5,3730617979,2425546309,5982,1,1377211
356,1574590947.940378,192.168.1.5,192.168.1.4,1694236131,4054463921,343,0,1376868
357,1574590947.940971,192.168.1.4,192.168.1.5,4054463921,1694236474,99,1,1376967
358,1574590947.941277,192.168.1.5,192.168.1.4,1694236474,4054464020,382,0,1376585
359,1574590947.950845,192.168.1.4,192.168.1.5,4054464020,1694236856,2266,1,1378851
360,1574590947.95183,192.168.1.5,192.168.1.4,1694236856,4054466286,74,0,1378777
361,1574590947.952021,192.168.1.5,192.168.1.4,1694236930,4054466286,245,0,1378532
362,1574590947.952374,192.168.1.4,192.168.1.5,4054466286,1694237175,79,1,1378611
363,1574590947.952577,192.168.1.4,192.168.1.5,4054466365,1694237175,79,1,1378690
364,1574590949.094601,192.168.1.4,192.168.1.5,3537272520,584379205,91,1,1378781
365,1574590949.095297,192.168.1.5,192.168.1.4,584379205,3537272611,539,0,1378242
366,1574590949.116777,192.168.1.4,192.168.1.5,3537272611,584379744,2070,1,1380312
367,1574590949.15828,192.168.1.4,192.168.1.5,3537274681,584379744,1119,1,1381431
368,1574590949.15973,192.168.1.5,192.168.1.4,584379744,3537275800,86,0,1381345
369,1574590949.160049,192.168.1.5,192.168.1.4,1694237175,4054466444,24,0,1381321
370,1574590949.16021,192.168.1.5,192.168.1.4,584379830,3537275800,108,0,1381213
371,1574590949.163534,192.168.1.5,192.168.1.4,584379938,3537275800,356,0,1380857
372,1574590949.163843,192.168.1.5,192.168.1.4,584380294,3537275800,101,0,1380756
373,1574590949.185546,192.168.1.4,192.168.1.5,3537275800,584380395,2070,1,1382826
374,1574590949.186839,192.168.1.5,192.168.1.4,584380395,3537277870,53,0,1382773
375,1574590949.187421,192.168.1.4,192.168.1.5,3537277870,584380448,7240,1,1390013
376,1574590949.187613,192.168.1.4,192.168.1.5,3537285110,584380448,7240,1,1397253
377,1574590949.187743,192.168.1.4,192.168.1.5,3537292350,584380448,834,1,1398087
378,1574590949.230355,192.168.1.4,192.168.1.5,3537293184,584380448,16406,1,1414493
379,1574590949.230398,192.168.1.4,192.168.1.5,3537309590,584380448,1236,1,1415729
380,1574590949.542894,192.168.1.5,192.168.1.4,990303935,3408346475,343,0,1415386
381,1574590949.543333,192.168.1.4,192.168.1.5,3408346475,990304278,99,1,1415485
382,1574590949.543786,192.168.1.5,192.168.1.4,990304278,3408346574,382,0,1415103
383,1574590949.553498,192.168.1.4,192.168.1.5,3408346574,990304660,2266,1,1417369
384,1574590949.554403,192.168.1.5,192.168.1.4,990304660,3408348840,74,0,1417295
385,1574590949.554524,192.168.1.5,192.168.1.4,990304734,3408348840,247,0,1417048
386,1574590949.55476,192.168.1.4,192.168.1.5,3408348840,990304981,79,1,1417127
387,1574590949.556017,192.168.1.4,192.168.1.5,3408348919,990304981,79,1,1417206
388,1574590949.623454,192.168.1.5,192.168.1.4,584380448,3537310826,166,0,1417040
389,1574590949.626077,192.168.1.5,192.168.1.4,584380614,3537310826,166,0,1416874
390,1574590949.629616,192.168.1.5,192.168.1.4,584380780,3537310826,167,0,1416707
391,1574590949.644758,192.168.1.5,192.168.1.4,584380947,3537310826,58,0,1416649
392,1574590949.652891,192.168.1.5,192.168.1.4,1645159885,4013527651,201,0,1416448
393,1574590949.654953,192.168.1.5,192.168.1.4,1645160086,4013527651,108,0,1416340
394,1574590949.664599,192.168.1.5,192.168.1.4,2425546309,3730623961,124,0,1416216
395,1574590949.667301,192.168.1.4,192.168.1.5,3537310826,584381005,4118,1,1420334
396,1574590949.668905,192.168.1.5,192.168.1.4,2425546433,3730623961,123,0,1420211
397,1574590949.671245,192.168.1.5,192.168.1.4,2425546556,3730623961,116,0,1420095
398,1574590949.673213,192.168.1.5,192.168.1.4,2425546672,3730623961,116,0,1419979
399,1574590949.676885,192.168.1.5,192.168.1.4,2425546788,3730623961,116,0,1419863
400,1574590949.678166,192.168.1.4,192.168.1.5,4013527651,1645160194,2833,1,1422696
401,1574590949.678216,192.168.1.4,192.168.1.5,4013530484,1645160194,3568,1,1426264
402,1574590949.681759,192.168.1.4,192.168.1.5,3730623961,2425546904,268,1,1426532
403,1574590949.682187,192.168.1.4,192.168.1.5,3730624229,2425546904,1410,1,1427942
404,1574590949.685548,192.168.1.4,192.168.1.5,3730625639,2425546904,6355,1,1434297
405,1574590949.686289,192.168.1.4,192.168.1.5,3730631994,2425546904,2798,1,1437095
406,1574590949.686544,192.168.1.4,192.168.1.5,3730634792,2425546904,1410,1,1438505
407,1574590949.688768,192.168.1.5,192.168.1.4,2425546904,3730636202,116,0,1438389
408,1574590949.690957,192.168.1.5,192.168.1.4,2425547020,3730636202,116,0,1438273
409,1574590949.692871,192.168.1.5,192.168.1.4,2425547136,3730636202,124,0,1438149
410,1574590949.693841,192.168.1.4,192.168.1.5,3730636202,2425547260,2070,1,1440219
411,1574590949.693862,192.168.1.4,192.168.1.5,3730638272,2425547260,10040,1,1450259
412,1574590949.716065,192.168.1.4,192.168.1.5,3537314944,584381005,6593,1,1456852
413,1574590949.734309,192.168.1.4,192.168.1.5,3730648312,2425547260,16406,1,1473258
414,1574590949.734387,192.168.1.4,192.168.1.5,3730664718,2425547260,10136,1,1483394
415,1574590949.734575,192.168.1.4,192.168.1.5,3730674854,2425547260,1979,1,1485373
416,1574590949.922308,192.168.1.4,192.168.1.5,4054466444,1694237199,91,1,1485464
417,1574590949.922331,192.168.1.4,192.168.1.5,4054466535,1694237199,24,1,1485488
418,1574590949.930016,192.168.1.4,192.168.1.5,4013534052,1645160194,5483,1,1490971
419,1574590950.06945,192.168.1.5,192.168.1.4,584381005,3537321537,121,0,1490850
420,1574590950.103608,192.168.1.4,192.168.1.5,3537321537,584381126,362,1,1491212
421,1574590951.415184,192.168.1.4,192.168.1.5,3408348998,990304981,91,1,1491303
422,1574590951.415899,192.168.1.5,192.168.1.4,990304981,3408349089,539,0,1490764
423,1574590951.469795,192.168.1.4,192.168.1.5,3408349089,990305520,2070,1,1492834
424,1574590951.510586,192.168.1.4,192.168.1.5,3408351159,990305520,1120,1,1493954
425,1574590951.515644,192.168.1.5,192.168.1.4,990305520,3408352279,86,0,1493868
426,1574590951.517335,192.168.1.5,192.168.1.4,990305606,3408352279,108,0,1493760
427,1574590951.519338,192.168.1.5,192.168.1.4,990305714,3408352279,271,0,1493489
428,1574590951.539648,192.168.1.4,192.168.1.5,3408352279,990305985,305,1,1493794
429,1574590951.54003,192.168.1.5,192.168.1.4,990305985,3408352584,53,0,1493741
430,1574590951.551256,192.168.1.4,192.168.1.5,3408352584,990306038,2070,1,1495811
431,1574590951.594547,192.168.1.4,192.168.1.5,3408354654,990306038,14480,1,1510291
432,1574590951.595004,192.168.1.4,192.168.1.5,3408369134,990306038,11267,1,1521558
433,1574590951.632434,192.168.1.5,192.168.1.4,990306038,3408380401,112,0,1521446
434,1574590951.660568,192.168.1.4,192.168.1.5,3408380401,990306150,2070,1,1523516
435,1574590951.671866,192.168.1.4,192.168.1.5,3408382471,990306150,14480,1,1537996
436,1574590951.672112,192.168.1.4,192.168.1.5,3408396951,990306150,1926,1,1539922
437,1574590951.672161,192.168.1.4,192.168.1.5,3408398877,990306150,11584,1,1551506
438,1574590951.67219,192.168.1.4,192.168.1.5,3408410461,990306150,4822,1,1556328
439,1574590951.673163,192.168.1.4,192.168.1.5,3408415283,990306150,1398,1,1557726
440,1574590951.685473,192.168.1.4,192.168.1.5,3408416681,990306150,16406,1,1574132
441,1574590951.685985,192.168.1.4,192.168.1.5,3408433087,990306150,16406,1,1590538
442,1574590951.686061,192.168.1.4,192.168.1.5,3408449493,990306150,1294,1,1591832
443,1574590951.726614,192.168.1.4,192.168.1.5,3408450787,990306150,16406,1,1608238
444,1574590951.726704,192.168.1.4,192.168.1.5,3408467193,990306150,1034,1,1609272
445,1574590951.774102,192.168.1.5,192.168.1.4,990306150,3408468227,111,0,1609161
446,1574590951.804081,192.168.1.4,192.168.1.5,3408468227,990306261,1583,1,1610744
447,1574590951.8173,192.168.1.4,192.168.1.5,3408469810,990306261,2070,1,1612814
448,1574590951.817849,192.168.1.4,192.168.1.5,3408471880,990306261,2070,1,1614884
449,1574590951.817901,192.168.1.4,192.168.1.5,3408473950,990306261,16406,1,1631290
450,1574590951.818179,192.168.1.4,192.168.1.5,3408490356,990306261,10136,1,1641426
451,1574590951.818332,192.168.1.4,192.168.1.5,3408500492,990306261,6270,1,1647696
452,1574590951.818495,192.168.1.4,192.168.1.5,3408506762,990306261,2070,1,1649766
453,1574590951.818503,192.168.1.4,192.168.1.5,3408508832,990306261,1362,1,1651128
454,1574590951.82126,192.168.1.4,192.168.1.5,3408510194,990306261,2070,1,1653198
455,1574590951.822071,192.168.1.4,192.168.1.5,3408512264,990306261,13032,1,1666230
456,1574590951.822211,192.168.1.4,192.168.1.5,3408525296,990306261,3374,1,1669604
457,1574590951.822335,192.168.1.4,192.168.1.5,3408528670,990306261,1448,1,1671052
458,1574590951.822502,192.168.1.4,192.168.1.5,3408530118,990306261,14958,1,1686010
459,1574590951.822524,192.168.1.4,192.168.1.5,3408545076,990306261,2682,1,1688692
460,1574590951.844859,192.168.1.4,192.168.1.5,3408547758,990306261,2070,1,1690762
461,1574590951.845144,192.168.1.4,192.168.1.5,3408549828,990306261,6291,1,1697053
