index,time,src_ip,dst_ip,tcp_seq,tcp_ack,tcp_len,direction,cumul_sum
1,1574590956.861914,192.168.1.5,192.168.1.4,1266174538,507328388,343,0,-343
2,1574590956.862785,192.168.1.4,192.168.1.5,507328388,1266174881,99,1,-244
3,1574590956.863664,192.168.1.5,192.168.1.4,1266174881,507328487,382,0,-626
4,1574590956.875429,192.168.1.4,192.168.1.5,507328487,1266175263,2266,1,1640
5,1574590956.876445,192.168.1.5,192.168.1.4,1266175263,507330753,74,0,1566
6,1574590956.876584,192.168.1.5,192.168.1.4,1266175337,507330753,245,0,1321
7,1574590956.876859,192.168.1.4,192.168.1.5,507330753,1266175582,79,1,1400
8,1574590956.885995,192.168.1.4,192.168.1.5,507330832,1266175582,79,1,1479
9,1574590957.091664,192.168.1.5,192.168.1.4,2328213649,3727941122,343,0,1136
10,1574590957.092501,192.168.1.4,192.168.1.5,3727941122,2328213992,99,1,1235
11,1574590957.093212,192.168.1.5,192.168.1.4,2328213992,3727941221,382,0,853
12,1574590957.096214,192.168.1.5,192.168.1.4,3087444833,2825646781,343,0,510
13,1574590957.102755,192.168.1.4,192.168.1.5,2825646781,3087445176,99,1,609
14,1574590957.103096,192.168.1.5,192.168.1.4,3087445176,2825646880,382,0,227
15,1574590957.116406,192.168.1.4,192.168.1.5,3727941221,2328214374,2266,1,2493
16,1574590957.116836,192.168.1.4,192.168.1.5,2825646880,3087445558,2266,1,4759
17,1574590957.117338,192.168.1.5,192.168.1.4,2328214374,3727943487,74,0,4685
18,1574590957.11748,192.168.1.5,192.168.1.4,2328214448,3727943487,239,0,4446
19,1574590957.117627,192.168.1.4,192.168.1.5,3727943487,2328214687,79,1,4525
20,1574590957.118068,192.168.1.4,192.168.1.5,3727943566,2328214687,79,1,4604
21,1574590957.119147,192.168.1.5,192.168.1.4,3087445558,2825649146,74,0,4530
22,1574590957.119292,192.168.1.5,192.168.1.4,3087445632,2825649146,239,0,4291
23,1574590957.119542,192.168.1.4,192.168.1.5,2825649146,3087445871,79,1,4370
24,1574590957.125976,192.168.1.4,192.168.1.5,2825649225,3087445871,79,1,4449
25,1574590957.959863,192.168.1.4,192.168.1.5,507330911,1266175582,91,1,4540
26,1574590957.960737,192.168.1.5,192.168.1.4,1266175582,507331002,539,0,4001
27,1574590958.004498,192.168.1.4,192.168.1.5,507331002,1266176121,2070,1,6071
28,1574590958.046343,192.168.1.4,192.168.1.5,507333072,1266176121,1018,1,7089
29,1574590958.059743,192.168.1.5,192.168.1.4,1266176121,507334090,86,0,7003
30,1574590958.060437,192.168.1.5,192.168.1.4,1266176207,507334090,108,0,6895
31,1574590958.061136,192.168.1.5,192.168.1.4,1266176315,507334090,321,0,6574
32,1574590958.061396,192.168.1.5,192.168.1.4,1266176636,507334090,54,0,6520
33,1574590958.070747,192.168.1.4,192.168.1.5,2825649304,3087445871,91,1,6611
34,1574590958.070771,192.168.1.4,192.168.1.5,3727943645,2328214687,91,1,6702
35,1574590958.071179,192.168.1.5,192.168.1.4,2328214687,3727943736,539,0,6163
36,1574590958.071417,192.168.1.5,192.168.1.4,3087445871,2825649395,539,0,5624
37,1574590958.091266,192.168.1.4,192.168.1.5,3727943736,2328215226,1410,1,7034
38,1574590958.092249,192.168.1.4,192.168.1.5,2825649395,3087446410,1410,1,8444
39,1574590958.092502,192.168.1.4,192.168.1.5,507334090,1266176690,617,1,9061
40,1574590958.096844,192.168.1.5,192.168.1.4,1266176690,507334707,53,0,9008
41,1574590958.10601,192.168.1.4,192.168.1.5,507334707,1266176743,1286,1,10294
42,1574590958.108119,192.168.1.5,192.168.1.4,1266176743,507335993,61,0,10233
43,1574590958.134943,192.168.1.4,192.168.1.5,3727945146,2328215226,1780,1,12013
44,1574590958.135073,192.168.1.4,192.168.1.5,2825650805,3087446410,1781,1,13794
45,1574590958.142634,192.168.1.5,192.168.1.4,2328215226,3727946926,86,0,13708
46,1574590958.144111,192.168.1.5,192.168.1.4,3087446410,2825652586,86,0,13622
47,1574590958.144333,192.168.1.5,192.168.1.4,3087446496,2825652586,24,0,13598
48,1574590958.144545,192.168.1.5,192.168.1.4,2328215312,3727946926,108,0,13490
49,1574590958.14521,192.168.1.4,192.168.1.5,2825652586,3087446520,24,1,13514
50,1574590958.146791,192.168.1.5,192.168.1.4,2328215420,3727946926,382,0,13132
51,1574590958.166027,192.168.1.4,192.168.1.5,3727946926,2328215802,305,1,13437
52,1574590958.166586,192.168.1.5,192.168.1.4,2328215802,3727947231,53,0,13384
53,1574590958.167306,192.168.1.4,192.168.1.5,3727947231,2328215855,57,1,13441
54,1574590958.21671,192.168.1.4,192.168.1.5,3727947288,2328215855,873,1,14314
55,1574590958.227243,192.168.1.5,192.168.1.4,2328215855,3727948161,107,0,14207
56,1574590958.246751,192.168.1.4,192.168.1.5,3727948161,2328215962,57,1,14264
57,1574590958.369063,192.168.1.4,192.168.1.5,3727948218,2328215962,2070,1,16334
58,1574590958.369425,192.168.1.4,192.168.1.5,3727950288,2328215962,5792,1,22126
59,1574590958.371276,192.168.1.4,192.168.1.5,3727956080,2328215962,510,1,22636
60,1574590958.371324,192.168.1.4,192.168.1.5,3727956590,2328215962,2070,1,24706
61,1574590958.414407,192.168.1.4,192.168.1.5,3727958660,2328215962,11584,1,36290
62,1574590958.415174,192.168.1.4,192.168.1.5,3727970244,2328215962,1166,1,37456
63,1574590958.502911,192.168.1.5,192.168.1.4,4200827336,2991302295,343,0,37113
64,1574590958.503246,192.168.1.4,192.168.1.5,2991302295,4200827679,99,1,37212
65,1574590958.503702,192.168.1.5,192.168.1.4,4200827679,2991302394,382,0,36830
66,1574590958.506383,192.168.1.5,192.168.1.4,2633974839,3809494753,343,0,36487
67,1574590958.508786,192.168.1.5,192.168.1.4,3671611636,1496080595,343,0,36144
68,1574590958.509318,192.168.1.4,192.168.1.5,3809494753,2633975182,99,1,36243
69,1574590958.509573,192.168.1.5,192.168.1.4,2633975182,3809494852,382,0,35861
70,1574590958.51245,192.168.1.5,192.168.1.4,3155384212,3876255072,343,0,35518
71,1574590958.514593,192.168.1.4,192.168.1.5,1496080595,3671611979,99,1,35617
72,1574590958.514895,192.168.1.5,192.168.1.4,3671611979,1496080694,382,0,35235
73,1574590958.516474,192.168.1.5,192.168.1.4,2236163337,2918214600,343,0,34892
74,1574590958.518662,192.168.1.4,192.168.1.5,3876255072,3155384555,99,1,34991
75,1574590958.518951,192.168.1.5,192.168.1.4,3155384555,3876255171,382,0,34609
76,1574590958.521585,192.168.1.5,192.168.1.4,418222669,3294426054,343,0,34266
77,1574590958.528974,192.168.1.4,192.168.1.5,3809494852,2633975564,2266,1,36532
78,1574590958.529867,192.168.1.5,192.168.1.4,2633975564,3809497118,74,0,36458
79,1574590958.530005,192.168.1.4,192.168.1.5,2918214600,2236163680,99,1,36557
80,1574590958.530085,192.168.1.5,192.168.1.4,2633975638,3809497118,245,0,36312
81,1574590958.530597,192.168.1.5,192.168.1.4,2236163680,2918214699,382,0,35930
82,1574590958.538837,192.168.1.5,192.168.1.4,1278401762,1631047879,343,0,35587
83,1574590958.542648,192.168.1.4,192.168.1.5,3294426054,418223012,99,1,35686
84,1574590958.542952,192.168.1.5,192.168.1.4,418223012,3294426153,382,0,35304
85,1574590958.550068,192.168.1.5,192.168.1.4,2633975638,3809497118,245,0,35059
86,1574590958.550122,192.168.1.4,192.168.1.5,1496080694,3671612361,2266,1,37325
87,1574590958.551077,192.168.1.5,192.168.1.4,3671612361,1496082960,74,0,37251
88,1574590958.551193,192.168.1.5,192.168.1.4,3671612435,1496082960,245,0,37006
89,1574590958.55955,192.168.1.4,192.168.1.5,3294426153,418223394,2266,1,39272
90,1574590958.560178,192.168.1.4,192.168.1.5,1631047879,1278402105,99,1,39371
91,1574590958.560588,192.168.1.5,192.168.1.4,418223394,3294428419,74,0,39297
92,1574590958.56072,192.168.1.5,192.168.1.4,418223468,3294428419,245,0,39052
93,1574590958.560859,192.168.1.4,192.168.1.5,2991302394,4200828061,2266,1,41318
94,1574590958.562335,192.168.1.5,192.168.1.4,4200828061,2991304660,74,0,41244
95,1574590958.56249,192.168.1.5,192.168.1.4,4200828135,2991304660,245,0,40999
96,1574590958.562675,192.168.1.4,192.168.1.5,2991304660,4200828380,79,1,41078
97,1574590958.562764,192.168.1.4,192.168.1.5,2991304739,4200828380,79,1,41157
98,1574590958.562983,192.168.1.5,192.168.1.4,1278402105,1631047978,382,0,40775
99,1574590958.575056,192.168.1.5,192.168.1.4,3671612435,1496082960,245,0,40530
100,1574590958.575421,192.168.1.4,192.168.1.5,3809497118,2633975883,79,1,40609
101,1574590958.575497,192.168.1.4,192.168.1.5,3809497197,2633975883,79,1,40688
102,1574590958.576688,192.168.1.4,192.168.1.5,1496082960,3671612680,79,1,40767
103,1574590958.577536,192.168.1.5,192.168.1.4,418223468,3294428419,245,0,40522
104,1574590958.577581,192.168.1.4,192.168.1.5,1496083039,3671612680,79,1,40601
105,1574590958.577596,192.168.1.4,192.168.1.5,3876255171,3155384937,2266,1,42867
106,1574590958.578608,192.168.1.5,192.168.1.4,3155384937,3876257437,74,0,42793
107,1574590958.578785,192.168.1.5,192.168.1.4,3155385011,3876257437,245,0,42548
108,1574590958.579019,192.168.1.4,192.168.1.5,2918214699,2236164062,2266,1,44814
109,1574590958.579204,192.168.1.4,192.168.1.5,3876257437,3155385256,79,1,44893
110,1574590958.579275,192.168.1.4,192.168.1.5,3876257516,3155385256,79,1,44972
111,1574590958.580471,192.168.1.5,192.168.1.4,2236164062,2918216965,74,0,44898
112,1574590958.580615,192.168.1.5,192.168.1.4,2236164136,2918216965,245,0,44653
113,1574590958.582465,192.168.1.4,192.168.1.5,2918216965,2236164381,79,1,44732
114,1574590958.582977,192.168.1.4,192.168.1.5,2918217044,2236164381,79,1,44811
115,1574590958.583003,192.168.1.4,192.168.1.5,3294428419,418223713,79,1,44890
116,1574590958.583111,192.168.1.4,192.168.1.5,3294428498,418223713,79,1,44969
117,1574590958.584656,192.168.1.4,192.168.1.5,1631047978,1278402487,2266,1,47235
118,1574590958.585526,192.168.1.5,192.168.1.4,1278402487,1631050244,74,0,47161
119,1574590958.585652,192.168.1.5,192.168.1.4,1278402561,1631050244,231,0,46930
120,1574590958.585867,192.168.1.4,192.168.1.5,1631050244,1278402792,79,1,47009
121,1574590958.585927,192.168.1.4,192.168.1.5,1631050323,1278402792,79,1,47088
122,1574590960.940442,192.168.1.4,192.168.1.5,3876257595,3155385256,91,1,47179
123,1574590960.940463,192.168.1.4,192.168.1.5,1631050402,1278402792,91,1,47270
124,1574590960.94086,192.168.1.5,192.168.1.4,3155385256,3876257686,539,0,46731
125,1574590960.941134,192.168.1.5,192.168.1.4,1278402792,1631050493,539,0,46192
126,1574590960.992366,192.168.1.4,192.168.1.5,3876257686,3155385795,2070,1,48262
127,1574590960.992392,192.168.1.4,192.168.1.5,1631050493,1278403331,2070,1,50332
128,1574590961.034853,192.168.1.4,192.168.1.5,3876259756,3155385795,1120,1,51452
129,1574590961.034872,192.168.1.4,192.168.1.5,1631052563,1278403331,1119,1,52571
130,1574590961.037116,192.168.1.5,192.168.1.4,3155385795,3876260876,86,0,52485
131,1574590961.038579,192.168.1.5,192.168.1.4,1278403331,1631053682,86,0,52399
132,1574590961.04037,192.168.1.5,192.168.1.4,3155385881,3876260876,108,0,52291
133,1574590961.040974,192.168.1.5,192.168.1.4,4200828380,2991304818,24,0,52267
134,1574590961.042625,192.168.1.5,192.168.1.4,2633975883,3809497276,24,0,52243
135,1574590961.043241,192.168.1.5,192.168.1.4,3671612680,1496083118,24,0,52219
136,1574590961.044164,192.168.1.5,192.168.1.4,2236164381,2918217123,24,0,52195
137,1574590961.04652,192.168.1.5,192.168.1.4,418223713,3294428577,24,0,52171
138,1574590961.051984,192.168.1.5,192.168.1.4,1278403417,1631053682,108,0,52063
139,1574590961.068382,192.168.1.4,192.168.1.5,1631053682,1278403525,274,1,52337
140,1574590961.068474,192.168.1.4,192.168.1.5,3876260876,3155385989,305,1,52642
141,1574590961.072951,192.168.1.5,192.168.1.4,3155385989,3876261181,338,0,52304
142,1574590961.082379,192.168.1.5,192.168.1.4,3155386327,3876261181,122,0,52182
143,1574590961.082497,192.168.1.5,192.168.1.4,3155386449,3876261181,122,0,52060
144,1574590961.082593,192.168.1.5,192.168.1.4,3155386571,3876261181,121,0,51939
145,1574590961.08272,192.168.1.5,192.168.1.4,3155386692,3876261181,122,0,51817
146,1574590961.082815,192.168.1.5,192.168.1.4,3155386814,3876261181,122,0,51695
147,1574590961.082901,192.168.1.5,192.168.1.4,3155386936,3876261181,53,0,51642
148,1574590961.083106,192.168.1.5,192.168.1.4,3155386989,3876261181,121,0,51521
149,1574590961.083211,192.168.1.5,192.168.1.4,3155387110,3876261181,121,0,51400
150,1574590961.083343,192.168.1.5,192.168.1.4,3155387231,3876261181,122,0,51278
151,1574590961.083485,192.168.1.5,192.168.1.4,3155387353,3876261181,121,0,51157
152,1574590961.083607,192.168.1.5,192.168.1.4,3155387474,3876261181,120,0,51037
153,1574590961.083724,192.168.1.5,192.168.1.4,1278403525,1631053956,53,0,50984
154,1574590961.0839,192.168.1.5,192.168.1.4,1278403578,1631053956,295,0,50689
155,1574590961.084619,192.168.1.4,192.168.1.5,1631053956,1278403873,53,1,50742
156,1574590961.10186,192.168.1.4,192.168.1.5,3876261181,3155387594,2070,1,52812
157,1574590961.102773,192.168.1.4,192.168.1.5,3876263251,3155387594,14480,1,67292
158,1574590961.103004,192.168.1.4,192.168.1.5,3876277731,3155387594,11584,1,78876
159,1574590961.103161,192.168.1.4,192.168.1.5,3876289315,3155387594,6748,1,85624
160,1574590961.103187,192.168.1.4,192.168.1.5,3876296063,3155387594,1710,1,87334
161,1574590961.120231,192.168.1.4,192.168.1.5,1631054009,1278403873,57,1,87391
162,1574590961.146183,192.168.1.4,192.168.1.5,3876297773,3155387594,2914,1,90305
163,1574590961.153826,192.168.1.4,192.168.1.5,3876300687,3155387594,2070,1,92375
164,1574590961.153882,192.168.1.4,192.168.1.5,3876302757,3155387594,2070,1,94445
165,1574590961.17834,192.168.1.4,192.168.1.5,3876304827,3155387594,16406,1,110851
166,1574590961.178654,192.168.1.4,192.168.1.5,3876321233,3155387594,16406,1,127257
167,1574590961.178938,192.168.1.4,192.168.1.5,3876337639,3155387594,1357,1,128614
168,1574590961.179132,192.168.1.4,192.168.1.5,3876338996,3155387594,2070,1,130684
169,1574590961.179325,192.168.1.4,192.168.1.5,3876341066,3155387594,2070,1,132754
170,1574590961.185948,192.168.1.4,192.168.1.5,3876343136,3155387594,16406,1,149160
171,1574590961.186202,192.168.1.4,192.168.1.5,3876359542,3155387594,16406,1,165566
172,1574590961.186246,192.168.1.4,192.168.1.5,3876375948,3155387594,1444,1,167010
173,1574590961.186438,192.168.1.4,192.168.1.5,3876377392,3155387594,2070,1,169080
174,1574590961.186628,192.168.1.4,192.168.1.5,3876379462,3155387594,2070,1,171150
175,1574590961.188207,192.168.1.4,192.168.1.5,1631054066,1278403873,1011,1,172161
176,1574590961.190405,192.168.1.4,192.168.1.5,3876381532,3155387594,16406,1,188567
177,1574590961.19057,192.168.1.4,192.168.1.5,3876397938,3155387594,16406,1,204973
178,1574590961.190824,192.168.1.4,192.168.1.5,3876414344,3155387594,543,1,205516
179,1574590961.190836,192.168.1.4,192.168.1.5,3876414887,3155387594,2070,1,207586
180,1574590961.191017,192.168.1.4,192.168.1.5,3876416957,3155387594,2070,1,209656
181,1574590961.191209,192.168.1.4,192.168.1.5,3876419027,3155387594,2070,1,211726
182,1574590961.191373,192.168.1.4,192.168.1.5,3876421097,3155387594,2070,1,213796
183,1574590961.191542,192.168.1.4,192.168.1.5,3876423167,3155387594,2070,1,215866
184,1574590961.191705,192.168.1.4,192.168.1.5,3876425237,3155387594,886,1,216752
185,1574590961.194882,192.168.1.4,192.168.1.5,3876426123,3155387594,2070,1,218822
186,1574590961.194927,192.168.1.4,192.168.1.5,3876428193,3155387594,2070,1,220892
187,1574590961.195146,192.168.1.4,192.168.1.5,3876430263,3155387594,1478,1,222370
188,1574590961.196325,192.168.1.4,192.168.1.5,3876431741,3155387594,2070,1,224440
189,1574590961.197397,192.168.1.4,192.168.1.5,3876433811,3155387594,6166,1,230606
190,1574590961.200596,192.168.1.4,192.168.1.5,1496083118,3671612704,91,1,230697
191,1574590961.200876,192.168.1.4,192.168.1.5,1496083209,3671612704,24,1,230721
192,1574590961.238393,192.168.1.4,192.168.1.5,3876439977,3155387594,16406,1,247127
193,1574590961.238487,192.168.1.4,192.168.1.5,3876456383,3155387594,16406,1,263533
194,1574590961.238561,192.168.1.4,192.168.1.5,3876472789,3155387594,16032,1,279565
195,1574590961.470103,192.168.1.5,192.168.1.4,3155387594,3876488821,124,0,279441
196,1574590961.472255,192.168.1.5,192.168.1.4,3155387718,3876488821,125,0,279316
197,1574590961.474222,192.168.1.5,192.168.1.4,3155387843,3876488821,124,0,279192
198,1574590961.480212,192.168.1.5,192.168.1.4,3155387967,3876488821,124,0,279068
199,1574590961.482158,192.168.1.5,192.168.1.4,3155388091,3876488821,115,0,278953
200,1574590961.491831,192.168.1.5,192.168.1.4,3155388206,3876488821,124,0,278829
201,1574590961.496061,192.168.1.5,192.168.1.4,3155388330,3876488821,125,0,278704
202,1574590961.498983,192.168.1.5,192.168.1.4,3155388455,3876488821,125,0,278579
203,1574590961.506279,192.168.1.4,192.168.1.5,2991304818,4200828404,91,1,278670
204,1574590961.506413,192.168.1.4,192.168.1.5,3809497276,2633975907,91,1,278761
205,1574590961.506522,192.168.1.4,192.168.1.5,3294428577,418223737,91,1,278852
206,1574590961.506632,192.168.1.4,192.168.1.5,2918217123,2236164405,91,1,278943
207,1574590961.506754,192.168.1.4,192.168.1.5,2918217214,2236164405,24,1,278967
208,1574590961.509456,192.168.1.4,192.168.1.5,3294428668,418223738,24,1,278991
209,1574590961.510437,192.168.1.4,192.168.1.5,3809497367,2633975908,24,1,279015
210,1574590961.512148,192.168.1.5,192.168.1.4,3155388580,3876488821,124,0,278891
211,1574590961.512677,192.168.1.4,192.168.1.5,2991304909,4200828405,24,1,278915
212,1574590961.513692,192.168.1.4,192.168.1.5,3876488821,3155388704,13032,1,291947
213,1574590961.515079,192.168.1.4,192.168.1.5,3876501853,3155388704,3374,1,295321
214,1574590961.515663,192.168.1.4,192.168.1.5,3876505227,3155388704,16406,1,311727
215,1574590961.515864,192.168.1.4,192.168.1.5,3876521633,3155388704,7572,1,319299
216,1574590961.524536,192.168.1.4,192.168.1.5,3876529205,3155388704,16406,1,335705
217,1574590961.524897,192.168.1.4,192.168.1.5,3876545611,3155388704,16406,1,352111
218,1574590961.524973,192.168.1.4,192.168.1.5,3876562017,3155388704,16406,1,368517
219,1574590961.525024,192.168.1.4,192.168.1.5,3876578423,3155388704,16353,1,384870
220,1574590961.526645,192.168.1.4,192.168.1.5,3876594776,3155388704,406,1,385276
221,1574590961.552,192.168.1.5,192.168.1.4,3155388704,3876595182,116,0,385160
222,1574590961.552469,192.168.1.4,192.168.1.5,3876595182,3155388820,11584,1,396744
223,1574590961.552564,192.168.1.4,192.168.1.5,3876606766,3155388820,4822,1,401566
224,1574590961.552579,192.168.1.4,192.168.1.5,3876611588,3155388820,16406,1,417972
225,1574590961.552711,192.168.1.4,192.168.1.5,3876627994,3155388820,14480,1,432452
226,1574590961.552792,192.168.1.4,192.168.1.5,3876642474,3155388820,1926,1,434378
227,1574590961.552855,192.168.1.4,192.168.1.5,3876644400,3155388820,1566,1,435944
228,1574590961.594338,192.168.1.4,192.168.1.5,3876645966,3155388820,6962,1,442906
229,1574590961.598976,192.168.1.4,192.168.1.5,3876652928,3155388820,2070,1,444976
230,1574590961.599605,192.168.1.4,192.168.1.5,3876654998,3155388820,2070,1,447046
231,1574590961.616032,192.168.1.4,192.168.1.5,3876657068,3155388820,16406,1,463452
232,1574590961.616298,192.168.1.4,192.168.1.5,3876673474,3155388820,16406,1,479858
233,1574590961.616372,192.168.1.4,192.168.1.5,3876689880,3155388820,16406,1,496264
234,1574590961.616417,192.168.1.4,192.168.1.5,3876706286,3155388820,16353,1,512617
235,1574590961.61655,192.168.1.4,192.168.1.5,3876722639,3155388820,1487,1,514104
236,1574590961.616623,192.168.1.4,192.168.1.5,3876724126,3155388820,2070,1,516174
237,1574590961.616755,192.168.1.4,192.168.1.5,3876726196,3155388820,1100,1,517274
238,1574590961.623054,192.168.1.4,192.168.1.5,3876727296,3155388820,2070,1,519344
239,1574590961.623509,192.168.1.4,192.168.1.5,3876729366,3155388820,2070,1,521414
240,1574590961.6331,192.168.1.4,192.168.1.5,3876731436,3155388820,16406,1,537820
241,1574590961.633185,192.168.1.4,192.168.1.5,3876747842,3155388820,16406,1,554226
242,1574590961.633238,192.168.1.4,192.168.1.5,3876764248,3155388820,16406,1,570632
243,1574590961.633274,192.168.1.4,192.168.1.5,3876780654,3155388820,2896,1,573528
244,1574590961.633897,192.168.1.4,192.168.1.5,3876783550,3155388820,13457,1,586985
245,1574590961.634032,192.168.1.4,192.168.1.5,3876797007,3155388820,14480,1,601465
246,1574590961.634114,192.168.1.4,192.168.1.5,3876811487,3155388820,1926,1,603391
247,1574590961.63412,192.168.1.4,192.168.1.5,3876813413,3155388820,1919,1,605310
248,1574590961.658299,192.168.1.5,192.168.1.4,3155388820,3876815332,116,0,605194
249,1574590961.658516,192.168.1.5,192.168.1.4,3155388936,3876815332,124,0,605070
250,1574590961.65864,192.168.1.5,192.168.1.4,3155389060,3876815332,124,0,604946
251,1574590961.658758,192.168.1.5,192.168.1.4,3155389184,3876815332,124,0,604822
252,1574590961.658932,192.168.1.5,192.168.1.4,3155389308,3876815332,124,0,604698
253,1574590961.659116,192.168.1.5,192.168.1.4,3155389432,3876815332,124,0,604574
254,1574590961.659249,192.168.1.5,192.168.1.4,3155389556,3876815332,124,0,604450
255,1574590961.659366,192.168.1.5,192.168.1.4,3155389680,3876815332,124,0,604326
256,1574590961.659501,192.168.1.5,192.168.1.4,3155389804,3876815332,123,0,604203
257,1574590961.659636,192.168.1.5,192.168.1.4,3155389927,3876815332,124,0,604079
258,1574590961.659729,192.168.1.5,192.168.1.4,3155390051,3876815332,124,0,603955
259,1574590961.65984,192.168.1.5,192.168.1.4,3155390175,3876815332,124,0,603831
260,1574590961.660004,192.168.1.5,192.168.1.4,3155390299,3876815332,124,0,603707
261,1574590961.664452,192.168.1.5,192.168.1.4,3155390423,3876815332,124,0,603583
262,1574590961.666028,192.168.1.5,192.168.1.4,3155390547,3876815332,116,0,603467
263,1574590961.666165,192.168.1.5,192.168.1.4,3155390663,3876815332,115,0,603352
264,1574590961.66627,192.168.1.5,192.168.1.4,3155390778,3876815332,115,0,603237
265,1574590961.666431,192.168.1.5,192.168.1.4,3155390893,3876815332,115,0,603122
266,1574590961.66656,192.168.1.5,192.168.1.4,3155391008,3876815332,124,0,602998
267,1574590961.686506,192.168.1.5,192.168.1.4,3155391132,3876815332,124,0,602874
268,1574590961.686585,192.168.1.4,192.168.1.5,3876815332,3155391132,2070,1,604944
269,1574590961.68688,192.168.1.5,192.168.1.4,3155391256,3876817402,123,0,604821
270,1574590961.687073,192.168.1.5,192.168.1.4,3155391379,3876817402,116,0,604705
271,1574590961.687672,192.168.1.4,192.168.1.5,3876817402,3155391495,4289,1,608994
272,1574590961.688662,192.168.1.4,192.168.1.5,3876821691,3155391495,2070,1,611064
273,1574590961.708452,192.168.1.4,192.168.1.5,3876823761,3155391495,16406,1,627470
274,1574590961.708608,192.168.1.4,192.168.1.5,3876840167,3155391495,16406,1,643876
275,1574590961.70872,192.168.1.4,192.168.1.5,3876856573,3155391495,16406,1,660282
276,1574590961.708764,192.168.1.4,192.168.1.5,3876872979,3155391495,4344,1,664626
277,1574590961.708984,192.168.1.4,192.168.1.5,3876877323,3155391495,12200,1,676826
278,1574590961.739086,192.168.1.5,192.168.1.4,2041226565,2773916728,343,0,676483
279,1574590961.739535,192.168.1.4,192.168.1.5,2773916728,2041226908,99,1,676582
280,1574590961.740013,192.168.1.5,192.168.1.4,2041226908,2773916827,382,0,676200
281,1574590961.750519,192.168.1.4,192.168.1.5,2773916827,2041227290,2266,1,678466
282,1574590961.75072,192.168.1.4,192.168.1.5,3876889523,3155391495,16406,1,694872
283,1574590961.750791,192.168.1.4,192.168.1.5,3876905929,3155391495,16406,1,711278
284,1574590961.750891,192.168.1.4,192.168.1.5,3876922335,3155391495,16406,1,727684
285,1574590961.750989,192.168.1.4,192.168.1.5,3876938741,3155391495,7904,1,735588
286,1574590961.752337,192.168.1.5,192.168.1.4,2041227290,2773919093,74,0,735514
287,1574590961.752457,192.168.1.5,192.168.1.4,2041227364,2773919093,245,0,735269
288,1574590961.752775,192.168.1.4,192.168.1.5,2773919093,2041227609,79,1,735348
289,1574590961.753391,192.168.1.4,192.168.1.5,2773919172,2041227609,79,1,735427
290,1574590961.784251,192.168.1.4,192.168.1.5,3876946645,3155391495,5574,1,741001
291,1574590961.834493,192.168.1.4,192.168.1.5,3876952219,3155391495,8350,1,749351
292,1574590961.840592,192.168.1.4,192.168.1.5,3876960569,3155391495,16406,1,765757
293,1574590961.840689,192.168.1.4,192.168.1.5,3876976975,3155391495,16406,1,782163
294,1574590961.840747,192.168.1.4,192.168.1.5,3876993381,3155391495,16406,1,798569
295,1574590961.840919,192.168.1.4,192.168.1.5,3877009787,3155391495,7240,1,805809
296,1574590961.841698,192.168.1.4,192.168.1.5,3877017027,3155391495,62264,1,868073
297,1574590961.843157,192.168.1.4,192.168.1.5,3877079291,3155391495,8688,1,876761
298,1574590961.843247,192.168.1.4,192.168.1.5,3877087979,3155391495,30408,1,907169
299,1574590961.843332,192.168.1.4,192.168.1.5,3877118387,3155391495,27512,1,934681
300,1574590961.843607,192.168.1.4,192.168.1.5,3877145899,3155391495,1448,1,936129
301,1574590961.844254,192.168.1.4,192.168.1.5,3877147347,3155391495,65160,1,1001289
302,1574590961.844317,192.168.1.4,192.168.1.5,3877212507,3155391495,2896,1,1004185
303,1574590961.844551,192.168.1.4,192.168.1.5,3877215403,3155391495,13032,1,1017217
304,1574590961.844875,192.168.1.4,192.168.1.5,3877228435,3155391495,1771,1,1018988
305,1574590961.844891,192.168.1.4,192.168.1.5,3877230206,3155391495,15290,1,1034278
306,1574590961.848649,192.168.1.4,192.168.1.5,3877245496,3155391495,8350,1,1042628
307,1574590961.84901,192.168.1.4,192.168.1.5,3877253846,3155391495,1410,1,1044038
308,1574590961.853587,192.168.1.4,192.168.1.5,3877255256,3155391495,9738,1,1053776
309,1574590961.860722,192.168.1.4,192.168.1.5,3877264994,3155391495,12310,1,1066086
310,1574590961.886992,192.168.1.4,192.168.1.5,3877277304,3155391495,16406,1,1082492
311,1574590961.887222,192.168.1.4,192.168.1.5,3877293710,3155391495,16406,1,1098898
312,1574590961.887289,192.168.1.4,192.168.1.5,3877310116,3155391495,16406,1,1115304
313,1574590961.887453,192.168.1.4,192.168.1.5,3877326522,3155391495,16406,1,1131710
314,1574590961.887488,192.168.1.4,192.168.1.5,3877342928,3155391495,3483,1,1135193
315,1574590961.88765,192.168.1.4,192.168.1.5,3877346411,3155391495,1410,1,1136603
316,1574590961.888256,192.168.1.4,192.168.1.5,3877347821,3155391495,5574,1,1142177
317,1574590961.889024,192.168.1.4,192.168.1.5,3877353395,3155391495,1410,1,1143587
318,1574590961.889316,192.168.1.4,192.168.1.5,3877354805,3155391495,1410,1,1144997
319,1574590961.930324,192.168.1.4,192.168.1.5,3877356215,3155391495,16406,1,1161403
320,1574590961.930395,192.168.1.4,192.168.1.5,3877372621,3155391495,2540,1,1163943
321,1574590961.974752,192.168.1.4,192.168.1.5,3877375161,3155391495,16406,1,1180349
322,1574590961.974874,192.168.1.4,192.168.1.5,3877391567,3155391495,12123,1,1192472
323,1574590961.992551,192.168.1.4,192.168.1.5,3877403690,3155391495,16406,1,1208878
324,1574590961.992653,192.168.1.4,192.168.1.5,3877420096,3155391495,16406,1,1225284
325,1574590961.992719,192.168.1.4,192.168.1.5,3877436502,3155391495,16406,1,1241690
326,1574590961.992787,192.168.1.4,192.168.1.5,3877452908,3155391495,14480,1,1256170
327,1574590961.992884,192.168.1.4,192.168.1.5,3877467388,3155391495,1873,1,1258043
328,1574590961.992906,192.168.1.4,192.168.1.5,3877469261,3155391495,75,1,1258118
329,1574590961.993394,192.168.1.4,192.168.1.5,3877469336,3155391495,15928,1,1274046
330,1574590961.993762,192.168.1.4,192.168.1.5,3877485264,3155391495,478,1,1274524
331,1574590961.993776,192.168.1.4,192.168.1.5,3877485742,3155391495,16406,1,1290930
332,1574590961.993836,192.168.1.4,192.168.1.5,3877502148,3155391495,16406,1,1307336
333,1574590961.993893,192.168.1.4,192.168.1.5,3877518554,3155391495,16406,1,1323742
334,1574590961.993985,192.168.1.4,192.168.1.5,3877534960,3155391495,33304,1,1357046
335,1574590961.994835,192.168.1.4,192.168.1.5,3877568264,3155391495,16590,1,1373636
336,1574590962.046499,192.168.1.5,192.168.1.4,3158201558,238638386,343,0,1373293
337,1574590962.046959,192.168.1.4,192.168.1.5,238638386,3158201901,99,1,1373392
338,1574590962.047617,192.168.1.5,192.168.1.4,3158201901,238638485,382,0,1373010
339,1574590962.058715,192.168.1.4,192.168.1.5,238638485,3158202283,2266,1,1375276
340,1574590962.05969,192.168.1.5,192.168.1.4,3158202283,238640751,74,0,1375202
341,1574590962.059969,192.168.1.4,192.168.1.5,238640751,3158202357,79,1,1375281
342,1574590962.060028,192.168.1.4,192.168.1.5,238640830,3158202357,79,1,1375360
343,1574590962.06078,192.168.1.5,192.168.1.4,3158202357,238640909,245,0,1375115
344,1574590963.191942,192.168.1.5,192.168.1.4,1743692937,381667735,343,0,1374772
345,1574590963.192376,192.168.1.4,192.168.1.5,381667735,1743693280,99,1,1374871
346,1574590963.19277,192.168.1.5,192.168.1.4,1743693280,381667834,382,0,1374489
347,1574590963.207837,192.168.1.4,192.168.1.5,381667834,1743693662,2266,1,1376755
348,1574590963.208833,192.168.1.5,192.168.1.4,1743693662,381670100,74,0,1376681
349,1574590963.208977,192.168.1.5,192.168.1.4,1743693736,381670100,237,0,1376444
350,1574590963.209437,192.168.1.4,192.168.1.5,381670100,1743693973,79,1,1376523
351,1574590963.209453,192.168.1.4,192.168.1.5,381670179,1743693973,79,1,1376602
352,1574590963.63419,192.168.1.5,192.168.1.4,1657675554,3791506296,343,0,1376259
353,1574590963.634622,192.168.1.4,192.168.1.5,3791506296,1657675897,99,1,1376358
354,1574590963.635076,192.168.1.5,192.168.1.4,1657675897,3791506395,382,0,1375976
355,1574590963.650593,192.168.1.4,192.168.1.5,3791506395,1657676279,2266,1,1378242
356,1574590963.6515,192.168.1.5,192.168.1.4,1657676279,3791508661,74,0,1378168
357,1574590963.651669,192.168.1.5,192.168.1.4,1657676353,3791508661,247,0,1377921
358,1574590963.651899,192.168.1.4,192.168.1.5,3791508661,1657676600,79,1,1378000
359,1574590963.651977,192.168.1.4,192.168.1.5,3791508740,1657676600,79,1,1378079
360,1574590963.743889,192.168.1.5,192.168.1.4,2328215962,3727971410,201,0,1377878
361,1574590963.746333,192.168.1.5,192.168.1.4,2328216163,3727971410,108,0,1377770
362,1574590963.761805,192.168.1.5,192.168.1.4,3155391495,3877584854,124,0,1377646
363,1574590963.76415,192.168.1.4,192.168.1.5,3727971410,2328216271,1445,1,1379091
364,1574590963.764927,192.168.1.5,192.168.1.4,3155391619,3877584854,123,0,1378968
365,1574590963.765209,192.168.1.4,192.168.1.5,3727972855,2328216271,4118,1,1383086
366,1574590963.769417,192.168.1.5,192.168.1.4,3155391742,3877584854,116,0,1382970
367,1574590963.772137,192.168.1.5,192.168.1.4,3155391858,3877584854,116,0,1382854
368,1574590963.775495,192.168.1.5,192.168.1.4,3155391974,3877584854,116,0,1382738
369,1574590963.77759,192.168.1.5,192.168.1.4,3155392090,3877584854,116,0,1382622
370,1574590963.779984,192.168.1.5,192.168.1.4,3155392206,3877584854,116,0,1382506
371,1574590963.782106,192.168.1.4,192.168.1.5,3877584854,3155392322,3044,1,1385550
372,1574590963.782439,192.168.1.4,192.168.1.5,3877587898,3155392322,1410,1,1386960
373,1574590963.782738,192.168.1.4,192.168.1.5,3877589308,3155392322,3356,1,1390316
374,1574590963.784752,192.168.1.4,192.168.1.5,3877592664,3155392322,7240,1,1397556
375,1574590963.785365,192.168.1.4,192.168.1.5,3877599904,3155392322,1333,1,1398889
376,1574590963.785975,192.168.1.4,192.168.1.5,3877601237,3155392322,4926,1,1403815
377,1574590963.788593,192.168.1.5,192.168.1.4,3155392322,3877606163,124,0,1403691
378,1574590963.797606,192.168.1.4,192.168.1.5,3877606163,3155392446,2070,1,1405761
379,1574590963.806221,192.168.1.4,192.168.1.5,3727976973,2328216271,5792,1,1411553
380,1574590963.806445,192.168.1.4,192.168.1.5,3727982765,2328216271,529,1,1412082
381,1574590963.838297,192.168.1.4,192.168.1.5,3877608233,3155392446,16406,1,1428488
382,1574590963.838398,192.168.1.4,192.168.1.5,3877624639,3155392446,4344,1,1432832
383,1574590963.838511,192.168.1.4,192.168.1.5,3877628983,3155392446,8743,1,1441575
384,1574590964.027699,192.168.1.5,192.168.1.4,795820730,1680361997,343,0,1441232
385,1574590964.028228,192.168.1.4,192.168.1.5,1680361997,795821073,99,1,1441331
386,1574590964.028885,192.168.1.5,192.168.1.4,795821073,1680362096,382,0,1440949
387,1574590964.0301,192.168.1.5,192.168.1.4,1637696597,3026856612,343,0,1440606
388,1574590964.031746,192.168.1.5,192.168.1.4,3693979686,2428067816,343,0,1440263
389,1574590964.034659,192.168.1.4,192.168.1.5,3026856612,1637696940,99,1,1440362
390,1574590964.035189,192.168.1.4,192.168.1.5,2428067816,3693980029,99,1,1440461
391,1574590964.035281,192.168.1.5,192.168.1.4,1637696940,3026856711,382,0,1440079
392,1574590964.035532,192.168.1.5,192.168.1.4,3693980029,2428067915,382,0,1439697
393,1574590964.070672,192.168.1.4,192.168.1.5,2428067915,3693980411,2266,1,1441963
394,1574590964.071745,192.168.1.5,192.168.1.4,3693980411,2428070181,74,0,1441889
395,1574590964.071863,192.168.1.5,192.168.1.4,3693980485,2428070181,245,0,1441644
396,1574590964.077788,192.168.1.4,192.168.1.5,1680362096,795821455,2266,1,1443910
397,1574590964.079028,192.168.1.5,192.168.1.4,795821455,1680364362,74,0,1443836
398,1574590964.079165,192.168.1.5,192.168.1.4,795821529,1680364362,245,0,1443591
399,1574590964.082195,192.168.1.4,192.168.1.5,3026856711,1637697322,2266,1,1445857
400,1574590964.08235,192.168.1.4,192.168.1.5,1680364362,795821774,79,1,1445936
401,1574590964.082516,192.168.1.4,192.168.1.5,1680364441,795821774,79,1,1446015
402,1574590964.083322,192.168.1.5,192.168.1.4,1637697322,3026858977,74,0,1445941
403,1574590964.083466,192.168.1.5,192.168.1.4,1637697396,3026858977,245,0,1445696
404,1574590964.083952,192.168.1.4,192.168.1.5,3026858977,1637697641,79,1,1445775
405,1574590964.08403,192.168.1.4,192.168.1.5,3026859056,1637697641,79,1,1445854
406,1574590964.084677,192.168.1.4,192.168.1.5,2428070181,3693980730,79,1,1445933
407,1574590964.085308,192.168.1.4,192.168.1.5,2428070260,3693980730,79,1,1446012
408,1574590964.462254,192.168.1.5,192.168.1.4,848279748,3143049141,343,0,1445669
409,1574590964.463199,192.168.1.4,192.168.1.5,3143049141,848280091,99,1,1445768
410,1574590964.463496,192.168.1.5,192.168.1.4,848280091,3143049240,382,0,1445386
411,1574590964.479758,192.168.1.4,192.168.1.5,3143049240,848280473,2266,1,1447652
412,1574590964.480757,192.168.1.5,192.168.1.4,848280473,3143051506,74,0,1447578
413,1574590964.480871,192.168.1.5,192.168.1.4,848280547,3143051506,245,0,1447333
414,1574590964.481163,192.168.1.4,192.168.1.5,3143051506,848280792,79,1,1447412
415,1574590964.481236,192.168.1.4,192.168.1.5,3143051585,848280792,79,1,1447491
416,1574590964.896523,192.168.1.4,192.168.1.5,2773919251,2041227609,91,1,1447582
417,1574590964.896902,192.168.1.5,192.168.1.4,2041227609,2773919342,539,0,1447043
418,1574590964.931501,192.168.1.4,192.168.1.5,2773919342,2041228148,2070,1,1449113
419,1574590964.974178,192.168.1.4,192.168.1.5,2773921412,2041228148,1119,1,1450232
420,1574590964.976455,192.168.1.5,192.168.1.4,2041228148,2773922531,86,0,1450146
421,1574590964.976902,192.168.1.5,192.168.1.4,2041228234,2773922531,108,0,1450038
422,1574590964.977175,192.168.1.5,192.168.1.4,3158202602,238640909,24,0,1450014
423,1574590964.977478,192.168.1.5,192.168.1.4,795821774,1680364520,24,0,1449990
424,1574590964.977656,192.168.1.5,192.168.1.4,1637697641,3026859135,24,0,1449966
425,1574590964.978138,192.168.1.5,192.168.1.4,3693980730,2428070339,24,0,1449942
426,1574590964.978304,192.168.1.5,192.168.1.4,848280792,3143051664,24,0,1449918
427,1574590964.980434,192.168.1.5,192.168.1.4,2041228342,2773922531,355,0,1449563
428,1574590964.980663,192.168.1.5,192.168.1.4,2041228697,2773922531,166,0,1449397
429,1574590964.980869,192.168.1.5,192.168.1.4,2041228863,2773922531,167,0,1449230
430,1574590964.981078,192.168.1.5,192.168.1.4,2041229030,2773922531,101,0,1449129
431,1574590964.981318,192.168.1.5,192.168.1.4,2041229131,2773922531,167,0,1448962
432,1574590964.981526,192.168.1.5,192.168.1.4,2041229298,2773922531,121,0,1448841
433,1574590965.005147,192.168.1.4,192.168.1.5,2773922531,2041229419,2070,1,1450911
434,1574590965.006971,192.168.1.5,192.168.1.4,2041229419,2773924601,53,0,1450858
435,1574590965.007451,192.168.1.4,192.168.1.5,2773924601,2041229472,11584,1,1462442
436,1574590965.007667,192.168.1.4,192.168.1.5,2773936185,2041229472,1339,1,1463781
437,1574590965.051156,192.168.1.4,192.168.1.5,2773937524,2041229472,16406,1,1480187
438,1574590965.051376,192.168.1.4,192.168.1.5,2773953930,2041229472,8688,1,1488875
439,1574590965.051474,192.168.1.4,192.168.1.5,2773962618,2041229472,5835,1,1494710
440,1574590965.564745,192.168.1.4,192.168.1.5,238640909,3158202626,91,1,1494801
441,1574590965.565237,192.168.1.4,192.168.1.5,238641000,3158202626,24,1,1494825
442,1574590967.277625,192.168.1.4,192.168.1.5,381670258,1743693973,91,1,1494916
443,1574590967.278379,192.168.1.5,192.168.1.4,1743693973,381670349,539,0,1494377
444,1574590967.32179,192.168.1.4,192.168.1.5,381670349,1743694512,2070,1,1496447
445,1574590967.362564,192.168.1.4,192.168.1.5,381672419,1743694512,1756,1,1498203
446,1574590967.371479,192.168.1.5,192.168.1.4,1743694512,381674175,86,0,1498117
447,1574590967.372273,192.168.1.5,192.168.1.4,1743694598,381674175,108,0,1498009
448,1574590967.373106,192.168.1.5,192.168.1.4,1743694706,381674175,279,0,1497730
449,1574590967.412549,192.168.1.4,192.168.1.5,381674175,1743694985,2070,1,1499800
450,1574590967.413913,192.168.1.5,192.168.1.4,1743694985,381676245,53,0,1499747
451,1574590967.414449,192.168.1.4,192.168.1.5,381676245,1743695038,1405,1,1501152
452,1574590967.416199,192.168.1.5,192.168.1.4,1743695038,381677650,61,0,1501091
453,1574590967.607782,192.168.1.4,192.168.1.5,3791508819,1657676600,91,1,1501182
454,1574590967.608638,192.168.1.5,192.168.1.4,1657676600,3791508910,539,0,1500643
455,1574590967.633269,192.168.1.4,192.168.1.5,3791508910,1657677139,2070,1,1502713
456,1574590967.674496,192.168.1.4,192.168.1.5,3791510980,1657677139,1120,1,1503833
457,1574590967.678502,192.168.1.5,192.168.1.4,1657677139,3791512100,86,0,1503747
458,1574590967.678928,192.168.1.5,192.168.1.4,1657677225,3791512100,108,0,1503639
459,1574590967.679725,192.168.1.5,192.168.1.4,1657677333,3791512100,271,0,1503368
460,1574590967.697012,192.168.1.4,192.168.1.5,3791512100,1657677604,305,1,1503673
461,1574590967.697453,192.168.1.5,192.168.1.4,1657677604,3791512405,53,0,1503620
462,1574590967.702993,192.168.1.4,192.168.1.5,3791512405,1657677657,2070,1,1505690
463,1574590967.746772,192.168.1.4,192.168.1.5,3791514475,1657677657,13032,1,1518722
464,1574590967.747035,192.168.1.4,192.168.1.5,3791527507,1657677657,1448,1,1520170
465,1574590967.74727,192.168.1.4,192.168.1.5,3791528955,1657677657,11267,1,1531437
466,1574590967.781366,192.168.1.5,192.168.1.4,1657677657,3791540222,112,0,1531325
467,1574590967.798619,192.168.1.4,192.168.1.5,3791540222,1657677769,57,1,1531382
468,1574590967.80641,192.168.1.4,192.168.1.5,3791540279,1657677769,16406,1,1547788
469,1574590967.806525,192.168.1.4,192.168.1.5,3791556685,1657677769,16406,1,1564194
470,1574590967.809111,192.168.1.4,192.168.1.5,3791573091,1657677769,1363,1,1565557
471,1574590967.81565,192.168.1.4,192.168.1.5,3791574454,1657677769,13032,1,1578589
472,1574590967.816079,192.168.1.4,192.168.1.5,3791587486,1657677769,3374,1,1581963
473,1574590967.816142,192.168.1.4,192.168.1.5,3791590860,1657677769,16406,1,1598369
474,1574590967.816196,192.168.1.4,192.168.1.5,3791607266,1657677769,1294,1,1599663
475,1574590967.858292,192.168.1.4,192.168.1.5,3791608560,1657677769,16406,1,1616069
476,1574590967.858337,192.168.1.4,192.168.1.5,3791624966,1657677769,3082,1,1619151
477,1574590967.898476,192.168.1.5,192.168.1.4,1657677769,3791628048,111,0,1619040
478,1574590967.917668,192.168.1.4,192.168.1.5,3791628048,1657677880,57,1,1619097
479,1574590967.918638,192.168.1.4,192.168.1.5,3791628105,1657677880,2070,1,1621167
480,1574590967.919949,192.168.1.4,192.168.1.5,3791630175,1657677880,888,1,1622055
481,1574590967.919972,192.168.1.4,192.168.1.5,3791631063,1657677880,2070,1,1624125
482,1574590967.920346,192.168.1.4,192.168.1.5,3791633133,1657677880,2070,1,1626195
483,1574590967.92811,192.168.1.4,192.168.1.5,3791635203,1657677880,14480,1,1640675
484,1574590967.928249,192.168.1.4,192.168.1.5,3791649683,1657677880,1926,1,1642601
485,1574590967.928265,192.168.1.4,192.168.1.5,3791651609,1657677880,16406,1,1659007
486,1574590967.928524,192.168.1.4,192.168.1.5,3791668015,1657677880,362,1,1659369
487,1574590967.928782,192.168.1.4,192.168.1.5,3791668377,1657677880,2070,1,1661439
488,1574590967.929334,192.168.1.4,192.168.1.5,3791670447,1657677880,2070,1,1663509
489,1574590967.938963,192.168.1.4,192.168.1.5,3143051664,848280816,91,1,1663600
490,1574590967.939242,192.168.1.4,192.168.1.5,3143051755,848280816,24,1,1663624
491,1574590967.941166,192.168.1.4,192.168.1.5,3791672517,1657677880,16406,1,1680030
492,1574590967.941236,192.168.1.4,192.168.1.5,3791688923,1657677880,4344,1,1684374
493,1574590967.941373,192.168.1.4,192.168.1.5,3791693267,1657677880,12062,1,1696436
494,1574590967.941628,192.168.1.4,192.168.1.5,3791705329,1657677880,178,1,1696614
495,1574590967.941797,192.168.1.4,192.168.1.5,3791705507,1657677880,2070,1,1698684
496,1574590967.942002,192.168.1.4,192.168.1.5,3791707577,1657677880,2070,1,1700754
497,1574590967.985515,192.168.1.4,192.168.1.5,3791709647,1657677880,6359,1,1707113
498,1574590968.011616,192.168.1.5,192.168.1.4,2328216271,3727983294,297,0,1706816
499,1574590968.013893,192.168.1.5,192.168.1.4,2328216568,3727983294,271,0,1706545
500,1574590968.032136,192.168.1.4,192.168.1.5,3727983294,2328216839,298,1,1706843
501,1574590968.03544,192.168.1.4,192.168.1.5,3727983592,2328216839,179,1,1707022
502,1574590968.04451,192.168.1.4,192.168.1.5,3026859135,1637697665,91,1,1707113
503,1574590968.044528,192.168.1.4,192.168.1.5,3026859226,1637697665,24,1,1707137
