index,time,src_ip,dst_ip,tcp_seq,tcp_ack,tcp_len,direction,cumul_sum
1,1574591020.209631,192.168.1.5,192.168.1.4,3005866683,1096771646,343,0,-343
2,1574591020.210574,192.168.1.4,192.168.1.5,1096771646,3005867026,99,1,-244
3,1574591020.21152,192.168.1.5,192.168.1.4,3005867026,1096771745,382,0,-626
4,1574591020.227502,192.168.1.4,192.168.1.5,1096771745,3005867408,2266,1,1640
5,1574591020.228447,192.168.1.5,192.168.1.4,3005867408,1096774011,74,0,1566
6,1574591020.228608,192.168.1.5,192.168.1.4,3005867482,1096774011,245,0,1321
7,1574591020.229029,192.168.1.4,192.168.1.5,1096774011,3005867727,79,1,1400
8,1574591020.229047,192.168.1.4,192.168.1.5,1096774090,3005867727,79,1,1479
9,1574591020.370286,192.168.1.5,192.168.1.4,552417866,593284699,343,0,1136
10,1574591020.370791,192.168.1.4,192.168.1.5,593284699,552418209,99,1,1235
11,1574591020.371121,192.168.1.5,192.168.1.4,552418209,593284798,382,0,853
12,1574591020.373041,192.168.1.5,192.168.1.4,873468520,321651219,343,0,510
13,1574591020.378613,192.168.1.4,192.168.1.5,321651219,873468863,99,1,609
14,1574591020.3789,192.168.1.5,192.168.1.4,873468863,321651318,382,0,227
15,1574591020.385059,192.168.1.4,192.168.1.5,593284798,552418591,2266,1,2493
16,1574591020.385897,192.168.1.5,192.168.1.4,552418591,593287064,74,0,2419
17,1574591020.386007,192.168.1.5,192.168.1.4,552418665,593287064,239,0,2180
18,1574591020.390343,192.168.1.4,192.168.1.5,593287064,552418904,79,1,2259
19,1574591020.390369,192.168.1.4,192.168.1.5,593287143,552418904,79,1,2338
20,1574591020.393117,192.168.1.4,192.168.1.5,321651318,873469245,2266,1,4604
21,1574591020.393958,192.168.1.5,192.168.1.4,873469245,321653584,74,0,4530
22,1574591020.394069,192.168.1.5,192.168.1.4,873469319,321653584,239,0,4291
23,1574591020.394357,192.168.1.4,192.168.1.5,321653584,873469558,79,1,4370
24,1574591020.394375,192.168.1.4,192.168.1.5,321653663,873469558,79,1,4449
25,1574591021.916229,192.168.1.4,192.168.1.5,1096774169,3005867727,91,1,4540
26,1574591021.916799,192.168.1.5,192.168.1.4,3005867727,1096774260,539,0,4001
27,1574591021.95836,192.168.1.4,192.168.1.5,1096774260,3005868266,2070,1,6071
28,1574591022.002188,192.168.1.4,192.168.1.5,1096776330,3005868266,1018,1,7089
29,1574591022.008188,192.168.1.5,192.168.1.4,3005868266,1096777348,86,0,7003
30,1574591022.00884,192.168.1.5,192.168.1.4,3005868352,1096777348,108,0,6895
31,1574591022.009382,192.168.1.5,192.168.1.4,3005868460,1096777348,321,0,6574
32,1574591022.009598,192.168.1.5,192.168.1.4,3005868781,1096777348,54,0,6520
33,1574591022.03941,192.168.1.4,192.168.1.5,1096777348,3005868835,586,1,7106
34,1574591022.039791,192.168.1.5,192.168.1.4,3005868835,1096777934,53,0,7053
35,1574591022.040289,192.168.1.4,192.168.1.5,1096777934,3005868888,53,1,7106
36,1574591022.082165,192.168.1.4,192.168.1.5,1096777987,3005868888,1396,1,8502
37,1574591022.083607,192.168.1.5,192.168.1.4,3005868888,1096779383,61,0,8441
38,1574591022.338477,192.168.1.4,192.168.1.5,321653742,873469558,91,1,8532
39,1574591022.338983,192.168.1.5,192.168.1.4,873469558,321653833,539,0,7993
40,1574591022.366768,192.168.1.4,192.168.1.5,321653833,873470097,2070,1,10063
41,1574591022.410156,192.168.1.4,192.168.1.5,321655903,873470097,1120,1,11183
42,1574591022.41477,192.168.1.5,192.168.1.4,873470097,321657023,86,0,11097
43,1574591022.415097,192.168.1.5,192.168.1.4,873470183,321657023,108,0,10989
44,1574591022.415645,192.168.1.5,192.168.1.4,873470291,321657023,382,0,10607
45,1574591022.434829,192.168.1.4,192.168.1.5,321657023,873470673,318,1,10925
46,1574591022.435183,192.168.1.5,192.168.1.4,873470673,321657341,53,0,10872
47,1574591022.484527,192.168.1.4,192.168.1.5,321657341,873470726,871,1,11743
48,1574591022.491239,192.168.1.5,192.168.1.4,873470726,321658212,107,0,11636
49,1574591022.509297,192.168.1.4,192.168.1.5,321658212,873470833,57,1,11693
50,1574591022.626744,192.168.1.4,192.168.1.5,321658269,873470833,4344,1,16037
51,1574591022.627035,192.168.1.4,192.168.1.5,321662613,873470833,9558,1,25595
52,1574591022.643915,192.168.1.4,192.168.1.5,321672171,873470833,2070,1,27665
53,1574591022.686264,192.168.1.4,192.168.1.5,321674241,873470833,7271,1,34936
54,1574591022.698554,192.168.1.5,192.168.1.4,1094010608,3017898498,343,0,34593
55,1574591022.699589,192.168.1.4,192.168.1.5,593287222,552418904,91,1,34684
56,1574591022.699851,192.168.1.4,192.168.1.5,3017898498,1094010951,99,1,34783
57,1574591022.700124,192.168.1.5,192.168.1.4,1094010951,3017898597,382,0,34401
58,1574591022.701043,192.168.1.5,192.168.1.4,552418904,593287313,539,0,33862
59,1574591022.703558,192.168.1.5,192.168.1.4,875718772,1608473646,343,0,33519
60,1574591022.706829,192.168.1.4,192.168.1.5,1608473646,875719115,99,1,33618
61,1574591022.707194,192.168.1.5,192.168.1.4,875719115,1608473745,382,0,33236
62,1574591022.708155,192.168.1.5,192.168.1.4,4027785950,1800053301,343,0,32893
63,1574591022.711825,192.168.1.5,192.168.1.4,2777035876,3268854289,343,0,32550
64,1574591022.715431,192.168.1.5,192.168.1.4,2863842574,866406732,343,0,32207
65,1574591022.718316,192.168.1.4,192.168.1.5,1800053301,4027786293,99,1,32306
66,1574591022.718685,192.168.1.5,192.168.1.4,4027786293,1800053400,382,0,31924
67,1574591022.72186,192.168.1.4,192.168.1.5,3268854289,2777036219,99,1,32023
68,1574591022.722191,192.168.1.5,192.168.1.4,2777036219,3268854388,382,0,31641
69,1574591022.722443,192.168.1.5,192.168.1.4,2587249774,3327681521,343,0,31298
70,1574591022.722811,192.168.1.4,192.168.1.5,866406732,2863842917,99,1,31397
71,1574591022.723427,192.168.1.5,192.168.1.4,2863842917,866406831,382,0,31015
72,1574591022.726994,192.168.1.4,192.168.1.5,593287313,552419443,234,1,31249
73,1574591022.727666,192.168.1.4,192.168.1.5,3327681521,2587250117,99,1,31348
74,1574591022.728043,192.168.1.5,192.168.1.4,2587250117,3327681620,382,0,30966
75,1574591022.732266,192.168.1.5,192.168.1.4,552419443,593287547,86,0,30880
76,1574591022.746211,192.168.1.4,192.168.1.5,3017898597,1094011333,2266,1,33146
77,1574591022.747563,192.168.1.5,192.168.1.4,1094011333,3017900863,74,0,33072
78,1574591022.747738,192.168.1.5,192.168.1.4,1094011407,3017900863,245,0,32827
79,1574591022.749039,192.168.1.5,192.168.1.4,1644024415,1691260921,343,0,32484
80,1574591022.752532,192.168.1.4,192.168.1.5,593287547,552419529,260,1,32744
81,1574591022.772322,192.168.1.4,192.168.1.5,1691260921,1644024758,99,1,32843
82,1574591022.772736,192.168.1.5,192.168.1.4,1644024758,1691261020,382,0,32461
83,1574591022.779816,192.168.1.4,192.168.1.5,1608473745,875719497,2266,1,34727
84,1574591022.781092,192.168.1.5,192.168.1.4,875719497,1608476011,74,0,34653
85,1574591022.781359,192.168.1.5,192.168.1.4,875719571,1608476011,245,0,34408
86,1574591022.791935,192.168.1.4,192.168.1.5,3017900863,1094011652,79,1,34487
87,1574591022.793107,192.168.1.4,192.168.1.5,3017900942,1094011652,79,1,34566
88,1574591022.801442,192.168.1.4,192.168.1.5,3268854388,2777036601,2266,1,36832
89,1574591022.802687,192.168.1.5,192.168.1.4,2777036601,3268856654,74,0,36758
90,1574591022.802852,192.168.1.5,192.168.1.4,2777036675,3268856654,245,0,36513
91,1574591022.807753,192.168.1.4,192.168.1.5,1800053400,4027786675,2266,1,38779
92,1574591022.808101,192.168.1.4,192.168.1.5,1608476011,875719816,79,1,38858
93,1574591022.808187,192.168.1.4,192.168.1.5,1608476090,875719816,79,1,38937
94,1574591022.809092,192.168.1.5,192.168.1.4,4027786675,1800055666,74,0,38863
95,1574591022.809772,192.168.1.5,192.168.1.4,4027786749,1800055666,245,0,38618
96,1574591022.8127,192.168.1.4,192.168.1.5,866406831,2863843299,2266,1,40884
97,1574591022.814602,192.168.1.4,192.168.1.5,1800055666,4027786994,79,1,40963
98,1574591022.814707,192.168.1.4,192.168.1.5,1800055745,4027786994,79,1,41042
99,1574591022.814932,192.168.1.5,192.168.1.4,2863843299,866409097,74,0,40968
100,1574591022.815166,192.168.1.5,192.168.1.4,2863843373,866409097,245,0,40723
101,1574591022.81626,192.168.1.4,192.168.1.5,866409097,2863843618,79,1,40802
102,1574591022.816358,192.168.1.4,192.168.1.5,866409176,2863843618,79,1,40881
103,1574591022.817495,192.168.1.4,192.168.1.5,3327681620,2587250499,2266,1,43147
104,1574591022.817866,192.168.1.4,192.168.1.5,3268856654,2777036920,79,1,43226
105,1574591022.817955,192.168.1.4,192.168.1.5,3268856733,2777036920,79,1,43305
106,1574591022.819158,192.168.1.5,192.168.1.4,2587250499,3327683886,74,0,43231
107,1574591022.819424,192.168.1.5,192.168.1.4,2587250573,3327683886,245,0,42986
108,1574591022.821384,192.168.1.4,192.168.1.5,1691261020,1644025140,2266,1,45252
109,1574591022.822597,192.168.1.4,192.168.1.5,3327683886,2587250818,79,1,45331
110,1574591022.822697,192.168.1.4,192.168.1.5,3327683965,2587250818,79,1,45410
111,1574591022.823428,192.168.1.5,192.168.1.4,1644025140,1691263286,74,0,45336
112,1574591022.823703,192.168.1.5,192.168.1.4,1644025214,1691263286,231,0,45105
113,1574591022.824084,192.168.1.4,192.168.1.5,1691263286,1644025445,79,1,45184
114,1574591022.824216,192.168.1.4,192.168.1.5,1691263365,1644025445,79,1,45263
115,1574591023.320381,192.168.1.5,192.168.1.4,2168856918,3801274067,343,0,44920
116,1574591023.320806,192.168.1.4,192.168.1.5,3801274067,2168857261,99,1,45019
117,1574591023.321451,192.168.1.5,192.168.1.4,2168857261,3801274166,382,0,44637
118,1574591023.336785,192.168.1.4,192.168.1.5,3801274166,2168857643,2266,1,46903
119,1574591023.337859,192.168.1.5,192.168.1.4,2168857643,3801276432,74,0,46829
120,1574591023.338007,192.168.1.5,192.168.1.4,2168857717,3801276432,237,0,46592
121,1574591023.338298,192.168.1.4,192.168.1.5,3801276432,2168857954,79,1,46671
122,1574591023.338402,192.168.1.4,192.168.1.5,3801276511,2168857954,79,1,46750
123,1574591027.208074,192.168.1.4,192.168.1.5,1691263444,1644025445,91,1,46841
124,1574591027.208769,192.168.1.5,192.168.1.4,1644025445,1691263535,539,0,46302
125,1574591027.230858,192.168.1.4,192.168.1.5,1691263535,1644025984,2070,1,48372
126,1574591027.279392,192.168.1.4,192.168.1.5,1691265605,1644025984,1120,1,49492
127,1574591027.281673,192.168.1.5,192.168.1.4,1644025984,1691266725,86,0,49406
128,1574591027.283446,192.168.1.5,192.168.1.4,1644026070,1691266725,108,0,49298
129,1574591027.295932,192.168.1.5,192.168.1.4,1644026178,1691266725,295,0,49003
130,1574591027.299479,192.168.1.4,192.168.1.5,1691266725,1644026473,274,1,49277
131,1574591027.299808,192.168.1.5,192.168.1.4,1644026473,1691266999,53,0,49224
132,1574591027.304264,192.168.1.4,192.168.1.5,1691266999,1644026526,53,1,49277
133,1574591027.346121,192.168.1.4,192.168.1.5,1691267052,1644026526,57,1,49334
134,1574591027.365537,192.168.1.4,192.168.1.5,1691267109,1644026526,980,1,50314
135,1574591027.566673,192.168.1.4,192.168.1.5,1800055824,4027786994,91,1,50405
136,1574591027.567162,192.168.1.5,192.168.1.4,4027786994,1800055915,539,0,49866
137,1574591027.567242,192.168.1.4,192.168.1.5,3017901021,1094011652,91,1,49957
138,1574591027.567663,192.168.1.5,192.168.1.4,1094011652,3017901112,539,0,49418
139,1574591027.639815,192.168.1.4,192.168.1.5,3017901112,1094012191,2070,1,51488
140,1574591027.640268,192.168.1.4,192.168.1.5,1800055915,4027787533,2070,1,53558
141,1574591027.686295,192.168.1.4,192.168.1.5,3017903182,1094012191,1120,1,54678
142,1574591027.686311,192.168.1.4,192.168.1.5,1800057985,4027787533,1119,1,55797
143,1574591027.688372,192.168.1.5,192.168.1.4,1094012191,3017904302,86,0,55711
144,1574591027.69306,192.168.1.5,192.168.1.4,4027787533,1800059104,86,0,55625
145,1574591027.694272,192.168.1.5,192.168.1.4,4027787619,1800059104,24,0,55601
146,1574591027.69463,192.168.1.4,192.168.1.5,1800059104,4027787643,24,1,55625
147,1574591027.696221,192.168.1.5,192.168.1.4,2617089903,21287662,343,0,55282
148,1574591027.696694,192.168.1.4,192.168.1.5,21287662,2617090246,99,1,55381
149,1574591027.696922,192.168.1.5,192.168.1.4,2617090246,21287761,382,0,54999
150,1574591027.697223,192.168.1.5,192.168.1.4,1094012277,3017904302,108,0,54891
151,1574591027.697497,192.168.1.5,192.168.1.4,875719816,1608476169,24,0,54867
152,1574591027.697885,192.168.1.5,192.168.1.4,2777036920,3268856812,24,0,54843
153,1574591027.700537,192.168.1.5,192.168.1.4,2863843618,866409255,24,0,54819
154,1574591027.70075,192.168.1.5,192.168.1.4,2587250818,3327684044,24,0,54795
155,1574591027.701255,192.168.1.4,192.168.1.5,1608476169,875719840,91,1,54886
156,1574591027.701276,192.168.1.4,192.168.1.5,1608476260,875719840,24,1,54910
157,1574591027.703841,192.168.1.5,192.168.1.4,1094012385,3017904302,338,0,54572
158,1574591027.705143,192.168.1.5,192.168.1.4,1094012723,3017904302,122,0,54450
159,1574591027.705352,192.168.1.5,192.168.1.4,1094012845,3017904302,122,0,54328
160,1574591027.705497,192.168.1.5,192.168.1.4,1094012967,3017904302,122,0,54206
161,1574591027.705696,192.168.1.5,192.168.1.4,1094013089,3017904302,122,0,54084
162,1574591027.705877,192.168.1.5,192.168.1.4,1094013211,3017904302,121,0,53963
163,1574591027.706013,192.168.1.5,192.168.1.4,1094013332,3017904302,121,0,53842
164,1574591027.706242,192.168.1.5,192.168.1.4,1094013453,3017904302,121,0,53721
165,1574591027.707479,192.168.1.4,192.168.1.5,3017904302,1094013574,274,1,53995
166,1574591027.707788,192.168.1.5,192.168.1.4,1094013574,3017904576,122,0,53873
167,1574591027.707924,192.168.1.5,192.168.1.4,1094013696,3017904576,121,0,53752
168,1574591027.708044,192.168.1.5,192.168.1.4,1094013817,3017904576,120,0,53632
169,1574591027.708358,192.168.1.5,192.168.1.4,1094013937,3017904576,53,0,53579
170,1574591027.719654,192.168.1.4,192.168.1.5,3017904576,1094013990,53,1,53632
171,1574591027.720545,192.168.1.4,192.168.1.5,21287761,2617090628,2266,1,55898
172,1574591027.721486,192.168.1.5,192.168.1.4,2617090628,21290027,74,0,55824
173,1574591027.721602,192.168.1.5,192.168.1.4,2617090702,21290027,245,0,55579
174,1574591027.721663,192.168.1.5,192.168.1.4,2617090947,21290027,24,0,55555
175,1574591027.721951,192.168.1.4,192.168.1.5,21290027,2617090971,79,1,55634
176,1574591027.722076,192.168.1.4,192.168.1.5,21290106,2617090971,79,1,55713
177,1574591027.730573,192.168.1.4,192.168.1.5,3017904629,1094013990,13032,1,68745
178,1574591027.730865,192.168.1.4,192.168.1.5,3017917661,1094013990,11584,1,80329
179,1574591027.732198,192.168.1.4,192.168.1.5,3017929245,1094013990,10614,1,90943
180,1574591027.746354,192.168.1.4,192.168.1.5,3017939859,1094013990,16406,1,107349
181,1574591027.746655,192.168.1.4,192.168.1.5,3017956265,1094013990,16406,1,123755
182,1574591027.746721,192.168.1.4,192.168.1.5,3017972671,1094013990,202,1,123957
183,1574591027.753785,192.168.1.4,192.168.1.5,3017972873,1094013990,16406,1,140363
184,1574591027.7539,192.168.1.4,192.168.1.5,3017989279,1094013990,16406,1,156769
185,1574591027.754204,192.168.1.4,192.168.1.5,3018005685,1094013990,846,1,157615
186,1574591027.776772,192.168.1.4,192.168.1.5,3018006531,1094013990,16406,1,174021
187,1574591027.776889,192.168.1.4,192.168.1.5,3018022937,1094013990,16406,1,190427
188,1574591027.776909,192.168.1.4,192.168.1.5,3018039343,1094013990,893,1,191320
189,1574591027.803605,192.168.1.4,192.168.1.5,3018040236,1094013990,16406,1,207726
190,1574591027.803731,192.168.1.4,192.168.1.5,3018056642,1094013990,16406,1,224132
191,1574591027.80378,192.168.1.4,192.168.1.5,3018073048,1094013990,1493,1,225625
192,1574591027.846338,192.168.1.4,192.168.1.5,3018074541,1094013990,16406,1,242031
193,1574591027.846448,192.168.1.4,192.168.1.5,3018090947,1094013990,16406,1,258437
194,1574591027.846699,192.168.1.4,192.168.1.5,3018107353,1094013990,16406,1,274843
195,1574591027.846738,192.168.1.4,192.168.1.5,3018123759,1094013990,1178,1,276021
196,1574591027.945348,192.168.1.4,192.168.1.5,3327684044,2587250842,91,1,276112
197,1574591027.945571,192.168.1.4,192.168.1.5,3268856812,2777036944,91,1,276203
198,1574591027.945585,192.168.1.4,192.168.1.5,3801276590,2168857954,91,1,276294
199,1574591027.945809,192.168.1.4,192.168.1.5,866409255,2863843642,91,1,276385
200,1574591027.945821,192.168.1.4,192.168.1.5,866409346,2863843642,24,1,276409
201,1574591027.946871,192.168.1.4,192.168.1.5,3268856903,2777036944,24,1,276433
202,1574591027.947697,192.168.1.4,192.168.1.5,3327684135,2587250843,24,1,276457
203,1574591027.951787,192.168.1.5,192.168.1.4,2168857954,3801276681,539,0,275918
204,1574591027.999879,192.168.1.4,192.168.1.5,3801276681,2168858493,2070,1,277988
205,1574591028.005979,192.168.1.4,192.168.1.5,3018124937,1094013990,1410,1,279398
206,1574591028.024018,192.168.1.4,192.168.1.5,3018126347,1094013990,2798,1,282196
207,1574591028.041522,192.168.1.4,192.168.1.5,3018129145,1094013990,2860,1,285056
208,1574591028.04308,192.168.1.4,192.168.1.5,3801278751,2168858493,1756,1,286812
209,1574591028.056189,192.168.1.5,192.168.1.4,2168858493,3801280507,86,0,286726
210,1574591028.071802,192.168.1.5,192.168.1.4,2168858579,3801280507,108,0,286618
211,1574591028.072611,192.168.1.5,192.168.1.4,2168858687,3801280507,279,0,286339
212,1574591028.111927,192.168.1.4,192.168.1.5,3801280507,2168858966,586,1,286925
213,1574591028.112381,192.168.1.5,192.168.1.4,2168858966,3801281093,53,0,286872
214,1574591028.133021,192.168.1.4,192.168.1.5,3801281093,2168859019,2070,1,288942
215,1574591028.174359,192.168.1.4,192.168.1.5,3801283163,2168859019,863,1,289805
216,1574591028.1789,192.168.1.5,192.168.1.4,2168859019,3801284026,61,0,289744
217,1574591028.217315,192.168.1.5,192.168.1.4,1094013990,3018132005,124,0,289620
218,1574591028.223086,192.168.1.5,192.168.1.4,1094014114,3018132005,125,0,289495
219,1574591028.227411,192.168.1.5,192.168.1.4,1094014239,3018132005,124,0,289371
220,1574591028.236394,192.168.1.5,192.168.1.4,1094014363,3018132005,124,0,289247
221,1574591028.238344,192.168.1.5,192.168.1.4,1094014487,3018132005,115,0,289132
222,1574591028.24017,192.168.1.5,192.168.1.4,1094014602,3018132005,124,0,289008
223,1574591028.242421,192.168.1.5,192.168.1.4,1094014726,3018132005,125,0,288883
224,1574591028.244841,192.168.1.4,192.168.1.5,3018132005,1094014851,2070,1,290953
225,1574591028.245559,192.168.1.4,192.168.1.5,3018134075,1094014851,2070,1,293023
226,1574591028.25571,192.168.1.5,192.168.1.4,1094014851,3018136145,125,0,292898
227,1574591028.2562,192.168.1.4,192.168.1.5,3018136145,1094014976,14480,1,307378
228,1574591028.256777,192.168.1.4,192.168.1.5,3018150625,1094014976,1926,1,309304
229,1574591028.256807,192.168.1.4,192.168.1.5,3018152551,1094014976,5742,1,315046
230,1574591028.259004,192.168.1.5,192.168.1.4,1094014976,3018158293,124,0,314922
231,1574591028.26155,192.168.1.5,192.168.1.4,1094015100,3018158293,116,0,314806
232,1574591028.265196,192.168.1.5,192.168.1.4,1094015216,3018158293,116,0,314690
233,1574591028.276026,192.168.1.5,192.168.1.4,1094015332,3018158293,124,0,314566
234,1574591028.278024,192.168.1.5,192.168.1.4,1094015456,3018158293,124,0,314442
235,1574591028.278793,192.168.1.4,192.168.1.5,3018158293,1094015580,2070,1,316512
236,1574591028.282002,192.168.1.5,192.168.1.4,1094015580,3018160363,124,0,316388
237,1574591028.282368,192.168.1.4,192.168.1.5,3018160363,1094015704,2400,1,318788
238,1574591028.290391,192.168.1.5,192.168.1.4,1094015704,3018162763,124,0,318664
239,1574591028.290831,192.168.1.4,192.168.1.5,3018162763,1094015828,16406,1,335070
240,1574591028.290938,192.168.1.4,192.168.1.5,3018179169,1094015828,16406,1,351476
241,1574591028.291274,192.168.1.4,192.168.1.5,3018195575,1094015828,12776,1,364252
242,1574591028.326337,192.168.1.4,192.168.1.5,3018208351,1094015828,16406,1,380658
243,1574591028.326456,192.168.1.4,192.168.1.5,3018224757,1094015828,16406,1,397064
244,1574591028.326753,192.168.1.4,192.168.1.5,3018241163,1094015828,32759,1,429823
245,1574591028.326958,192.168.1.4,192.168.1.5,3018273922,1094015828,2052,1,431875
246,1574591028.361216,192.168.1.5,192.168.1.4,1094015828,3018275974,124,0,431751
247,1574591028.361693,192.168.1.4,192.168.1.5,3018275974,1094015952,16406,1,448157
248,1574591028.361775,192.168.1.4,192.168.1.5,3018292380,1094015952,2896,1,451053
249,1574591028.362036,192.168.1.4,192.168.1.5,3018295276,1094015952,13510,1,464563
250,1574591028.36211,192.168.1.4,192.168.1.5,3018308786,1094015952,10027,1,474590
251,1574591028.373991,192.168.1.5,192.168.1.4,1094015952,3018318813,124,0,474466
252,1574591028.378063,192.168.1.5,192.168.1.4,1094016076,3018318813,124,0,474342
253,1574591028.387046,192.168.1.5,192.168.1.4,1094016200,3018318813,123,0,474219
254,1574591028.387231,192.168.1.5,192.168.1.4,1094016323,3018318813,124,0,474095
255,1574591028.387363,192.168.1.5,192.168.1.4,1094016447,3018318813,124,0,473971
256,1574591028.38751,192.168.1.5,192.168.1.4,1094016571,3018318813,124,0,473847
257,1574591028.38773,192.168.1.5,192.168.1.4,1094016695,3018318813,124,0,473723
258,1574591028.392763,192.168.1.5,192.168.1.4,1094016819,3018318813,124,0,473599
259,1574591028.395186,192.168.1.5,192.168.1.4,1094016943,3018318813,116,0,473483
260,1574591028.395636,192.168.1.5,192.168.1.4,1094017059,3018318813,115,0,473368
261,1574591028.395783,192.168.1.5,192.168.1.4,1094017174,3018318813,115,0,473253
262,1574591028.395941,192.168.1.5,192.168.1.4,1094017289,3018318813,115,0,473138
263,1574591028.396164,192.168.1.5,192.168.1.4,1094017404,3018318813,124,0,473014
264,1574591028.396303,192.168.1.5,192.168.1.4,1094017528,3018318813,124,0,472890
265,1574591028.39649,192.168.1.5,192.168.1.4,1094017652,3018318813,123,0,472767
266,1574591028.396651,192.168.1.5,192.168.1.4,1094017775,3018318813,116,0,472651
267,1574591028.417921,192.168.1.5,192.168.1.4,1361988730,1903856633,343,0,472308
268,1574591028.41838,192.168.1.4,192.168.1.5,1903856633,1361989073,99,1,472407
269,1574591028.418761,192.168.1.5,192.168.1.4,1361989073,1903856732,382,0,472025
270,1574591028.426422,192.168.1.4,192.168.1.5,3018318813,1094017891,2070,1,474095
271,1574591028.434637,192.168.1.4,192.168.1.5,1903856732,1361989455,2266,1,476361
272,1574591028.435748,192.168.1.5,192.168.1.4,1361989455,1903858998,74,0,476287
273,1574591028.435895,192.168.1.5,192.168.1.4,1361989529,1903858998,245,0,476042
274,1574591028.436146,192.168.1.4,192.168.1.5,1903858998,1361989774,79,1,476121
275,1574591028.441619,192.168.1.4,192.168.1.5,1903859077,1361989774,79,1,476200
276,1574591028.441655,192.168.1.4,192.168.1.5,3018320883,1094017891,16406,1,492606
277,1574591028.441752,192.168.1.4,192.168.1.5,3018337289,1094017891,16406,1,509012
278,1574591028.441817,192.168.1.4,192.168.1.5,3018353695,1094017891,7240,1,516252
279,1574591028.44211,192.168.1.4,192.168.1.5,3018360935,1094017891,9166,1,525418
280,1574591028.442173,192.168.1.4,192.168.1.5,3018370101,1094017891,16406,1,541824
281,1574591028.442218,192.168.1.4,192.168.1.5,3018386507,1094017891,16406,1,558230
282,1574591028.442408,192.168.1.4,192.168.1.5,3018402913,1094017891,16406,1,574636
283,1574591028.442531,192.168.1.4,192.168.1.5,3018419319,1094017891,16406,1,591042
284,1574591028.442722,192.168.1.4,192.168.1.5,3018435725,1094017891,16406,1,607448
285,1574591028.442832,192.168.1.4,192.168.1.5,3018452131,1094017891,16406,1,623854
286,1574591028.442969,192.168.1.4,192.168.1.5,3018468537,1094017891,16406,1,640260
287,1574591028.443081,192.168.1.4,192.168.1.5,3018484943,1094017891,16406,1,656666
288,1574591028.443274,192.168.1.4,192.168.1.5,3018501349,1094017891,16406,1,673072
289,1574591028.443394,192.168.1.4,192.168.1.5,3018517755,1094017891,16406,1,689478
290,1574591028.443598,192.168.1.4,192.168.1.5,3018534161,1094017891,12552,1,702030
291,1574591028.482424,192.168.1.4,192.168.1.5,3018546713,1094017891,16406,1,718436
292,1574591028.482569,192.168.1.4,192.168.1.5,3018563119,1094017891,16406,1,734842
293,1574591028.482755,192.168.1.4,192.168.1.5,3018579525,1094017891,18824,1,753666
294,1574591028.483307,192.168.1.4,192.168.1.5,3018598349,1094017891,2329,1,755995
295,1574591028.484973,192.168.1.4,192.168.1.5,3018600678,1094017891,16406,1,772401
296,1574591028.485092,192.168.1.4,192.168.1.5,3018617084,1094017891,12786,1,785187
297,1574591028.487452,192.168.1.4,192.168.1.5,3018629870,1094017891,2585,1,787772
298,1574591028.492718,192.168.1.4,192.168.1.5,3018632455,1094017891,4118,1,791890
299,1574591028.502425,192.168.1.4,192.168.1.5,3018636573,1094017891,16406,1,808296
300,1574591028.502507,192.168.1.4,192.168.1.5,3018652979,1094017891,16406,1,824702
301,1574591028.502664,192.168.1.4,192.168.1.5,3018669385,1094017891,32759,1,857461
302,1574591028.502818,192.168.1.4,192.168.1.5,3018702144,1094017891,5766,1,863227
303,1574591028.523544,192.168.1.4,192.168.1.5,3018707910,1094017891,16406,1,879633
304,1574591028.523663,192.168.1.4,192.168.1.5,3018724316,1094017891,16406,1,896039
305,1574591028.523755,192.168.1.4,192.168.1.5,3018740722,1094017891,16406,1,912445
306,1574591028.523883,192.168.1.4,192.168.1.5,3018757128,1094017891,16353,1,928798
307,1574591028.524135,192.168.1.4,192.168.1.5,3018773481,1094017891,1231,1,930029
308,1574591028.524258,192.168.1.4,192.168.1.5,3018774712,1094017891,2070,1,932099
309,1574591028.524426,192.168.1.4,192.168.1.5,3018776782,1094017891,2070,1,934169
310,1574591028.552711,192.168.1.4,192.168.1.5,3018778852,1094017891,16406,1,950575
311,1574591028.552803,192.168.1.4,192.168.1.5,3018795258,1094017891,16406,1,966981
312,1574591028.552955,192.168.1.4,192.168.1.5,3018811664,1094017891,20272,1,987253
313,1574591028.553106,192.168.1.4,192.168.1.5,3018831936,1094017891,12487,1,999740
314,1574591028.553133,192.168.1.4,192.168.1.5,3018844423,1094017891,3301,1,1003041
315,1574591028.553237,192.168.1.4,192.168.1.5,3018847724,1094017891,90,1,1003131
316,1574591028.555901,192.168.1.4,192.168.1.5,3018847814,1094017891,2070,1,1005201
317,1574591028.555968,192.168.1.4,192.168.1.5,3018849884,1094017891,750,1,1005951
318,1574591028.564886,192.168.1.4,192.168.1.5,3018850634,1094017891,2070,1,1008021
319,1574591028.565403,192.168.1.4,192.168.1.5,3018852704,1094017891,2070,1,1010091
320,1574591028.584259,192.168.1.4,192.168.1.5,3018854774,1094017891,7240,1,1017331
321,1574591028.584386,192.168.1.4,192.168.1.5,3018862014,1094017891,9166,1,1026497
322,1574591028.58444,192.168.1.4,192.168.1.5,3018871180,1094017891,16406,1,1042903
323,1574591028.584482,192.168.1.4,192.168.1.5,3018887586,1094017891,16406,1,1059309
324,1574591028.584635,192.168.1.4,192.168.1.5,3018903992,1094017891,16353,1,1075662
325,1574591028.584731,192.168.1.4,192.168.1.5,3018920345,1094017891,1231,1,1076893
326,1574591028.584978,192.168.1.4,192.168.1.5,3018921576,1094017891,1410,1,1078303
327,1574591028.585178,192.168.1.4,192.168.1.5,3018922986,1094017891,2070,1,1080373
328,1574591028.5861,192.168.1.4,192.168.1.5,3018925056,1094017891,750,1,1081123
329,1574591028.586116,192.168.1.4,192.168.1.5,3018925806,1094017891,2070,1,1083193
330,1574591028.586706,192.168.1.4,192.168.1.5,3018927876,1094017891,750,1,1083943
331,1574591028.586713,192.168.1.4,192.168.1.5,3018928626,1094017891,2070,1,1086013
332,1574591028.586774,192.168.1.4,192.168.1.5,3018930696,1094017891,750,1,1086763
333,1574591028.594458,192.168.1.4,192.168.1.5,3018931446,1094017891,2070,1,1088833
334,1574591028.594505,192.168.1.4,192.168.1.5,3018933516,1094017891,2070,1,1090903
335,1574591028.638385,192.168.1.4,192.168.1.5,3018935586,1094017891,8128,1,1099031
336,1574591028.66203,192.168.1.4,192.168.1.5,3018943714,1094017891,16406,1,1115437
337,1574591028.662158,192.168.1.4,192.168.1.5,3018960120,1094017891,16406,1,1131843
338,1574591028.662224,192.168.1.4,192.168.1.5,3018976526,1094017891,16406,1,1148249
339,1574591028.662389,192.168.1.4,192.168.1.5,3018992932,1094017891,16353,1,1164602
340,1574591028.662513,192.168.1.4,192.168.1.5,3019009285,1094017891,75,1,1164677
341,1574591028.662602,192.168.1.4,192.168.1.5,3019009360,1094017891,2070,1,1166747
342,1574591028.662686,192.168.1.4,192.168.1.5,3019011430,1094017891,2070,1,1168817
343,1574591028.687072,192.168.1.4,192.168.1.5,3019013500,1094017891,16406,1,1185223
344,1574591028.687682,192.168.1.4,192.168.1.5,3019029906,1094017891,16406,1,1201629
345,1574591028.687962,192.168.1.4,192.168.1.5,3019046312,1094017891,16406,1,1218035
346,1574591028.688049,192.168.1.4,192.168.1.5,3019062718,1094017891,13032,1,1231067
347,1574591028.688235,192.168.1.4,192.168.1.5,3019075750,1094017891,3321,1,1234388
348,1574591028.688258,192.168.1.4,192.168.1.5,3019079071,1094017891,12632,1,1247020
349,1574591028.690155,192.168.1.4,192.168.1.5,3019091703,1094017891,16406,1,1263426
350,1574591028.690337,192.168.1.4,192.168.1.5,3019108109,1094017891,9264,1,1272690
351,1574591028.694063,192.168.1.4,192.168.1.5,3019117373,1094017891,2070,1,1274760
352,1574591028.694146,192.168.1.4,192.168.1.5,3019119443,1094017891,750,1,1275510
353,1574591028.694976,192.168.1.4,192.168.1.5,3019120193,1094017891,2070,1,1277580
354,1574591028.695229,192.168.1.4,192.168.1.5,3019122263,1094017891,2070,1,1279650
355,1574591028.718868,192.168.1.4,192.168.1.5,3019124333,1094017891,16406,1,1296056
356,1574591028.719099,192.168.1.4,192.168.1.5,3019140739,1094017891,16406,1,1312462
357,1574591028.719175,192.168.1.4,192.168.1.5,3019157145,1094017891,16406,1,1328868
358,1574591028.719467,192.168.1.4,192.168.1.5,3019173551,1094017891,16353,1,1345221
359,1574591028.719742,192.168.1.4,192.168.1.5,3019189904,1094017891,4725,1,1349946
360,1574591028.734417,192.168.1.5,192.168.1.4,480954980,1761872055,343,0,1349603
361,1574591028.734884,192.168.1.4,192.168.1.5,1761872055,480955323,99,1,1349702
362,1574591028.73538,192.168.1.5,192.168.1.4,480955323,1761872154,382,0,1349320
363,1574591028.750845,192.168.1.4,192.168.1.5,1761872154,480955705,2266,1,1351586
364,1574591028.751899,192.168.1.5,192.168.1.4,480955705,1761874420,74,0,1351512
365,1574591028.75206,192.168.1.5,192.168.1.4,480955779,1761874420,245,0,1351267
366,1574591028.752428,192.168.1.4,192.168.1.5,1761874420,480956024,79,1,1351346
367,1574591028.752537,192.168.1.4,192.168.1.5,1761874499,480956024,79,1,1351425
368,1574591028.762271,192.168.1.4,192.168.1.5,3019194629,1094017891,16406,1,1367831
369,1574591028.762394,192.168.1.4,192.168.1.5,3019211035,1094017891,16406,1,1384237
370,1574591028.762419,192.168.1.4,192.168.1.5,3019227441,1094017891,770,1,1385007
371,1574591030.032094,192.168.1.5,192.168.1.4,2717996940,2140796825,343,0,1384664
372,1574591030.032623,192.168.1.4,192.168.1.5,2140796825,2717997283,99,1,1384763
373,1574591030.033214,192.168.1.5,192.168.1.4,2717997283,2140796924,382,0,1384381
374,1574591030.049871,192.168.1.4,192.168.1.5,2140796924,2717997665,2266,1,1386647
375,1574591030.050829,192.168.1.5,192.168.1.4,2717997665,2140799190,74,0,1386573
376,1574591030.05099,192.168.1.5,192.168.1.4,2717997739,2140799190,247,0,1386326
377,1574591030.051346,192.168.1.4,192.168.1.5,2140799190,2717997986,79,1,1386405
378,1574591030.051462,192.168.1.4,192.168.1.5,2140799269,2717997986,79,1,1386484
379,1574591030.135741,192.168.1.5,192.168.1.4,873470833,321681512,201,0,1386283
380,1574591030.137932,192.168.1.5,192.168.1.4,873471034,321681512,108,0,1386175
381,1574591030.152973,192.168.1.5,192.168.1.4,1094017891,3019228211,124,0,1386051
382,1574591030.155774,192.168.1.5,192.168.1.4,1094018015,3019228211,123,0,1385928
383,1574591030.156707,192.168.1.4,192.168.1.5,321681512,873471142,2833,1,1388761
384,1574591030.157085,192.168.1.4,192.168.1.5,321684345,873471142,1410,1,1390171
385,1574591030.157337,192.168.1.4,192.168.1.5,321685755,873471142,2180,1,1392351
386,1574591030.157924,192.168.1.4,192.168.1.5,321687935,873471142,57,1,1392408
387,1574591030.158672,192.168.1.4,192.168.1.5,321687992,873471142,2798,1,1395206
388,1574591030.15963,192.168.1.4,192.168.1.5,321690790,873471142,2672,1,1397878
389,1574591030.163621,192.168.1.5,192.168.1.4,1094018138,3019228211,116,0,1397762
390,1574591030.166968,192.168.1.5,192.168.1.4,1094018254,3019228211,116,0,1397646
391,1574591030.170398,192.168.1.4,192.168.1.5,3019228211,1094018370,57,1,1397703
392,1574591030.170912,192.168.1.5,192.168.1.4,1094018370,3019228268,116,0,1397587
393,1574591030.172003,192.168.1.4,192.168.1.5,3019228268,1094018486,233,1,1397820
394,1574591030.174154,192.168.1.5,192.168.1.4,1094018486,3019228501,116,0,1397704
395,1574591030.174854,192.168.1.4,192.168.1.5,3019228501,1094018602,7240,1,1404944
396,1574591030.174939,192.168.1.4,192.168.1.5,3019235741,1094018602,315,1,1405259
397,1574591030.182275,192.168.1.5,192.168.1.4,1094018602,3019236056,116,0,1405143
398,1574591030.18304,192.168.1.4,192.168.1.5,3019236056,1094018718,13442,1,1418585
399,1574591030.187727,192.168.1.5,192.168.1.4,1094018718,3019249498,124,0,1418461
400,1574591030.188291,192.168.1.4,192.168.1.5,3019249498,1094018842,9816,1,1428277
401,1574591030.201554,192.168.1.5,192.168.1.4,1094018842,3019259314,116,0,1428161
402,1574591030.202289,192.168.1.4,192.168.1.5,3019259314,1094018958,11561,1,1439722
403,1574591030.242197,192.168.1.4,192.168.1.5,3019270875,1094018958,12003,1,1451725
404,1574591030.260106,192.168.1.4,192.168.1.5,1903859156,1361989774,91,1,1451816
405,1574591030.260128,192.168.1.4,192.168.1.5,21290185,2617090971,91,1,1451907
406,1574591030.260133,192.168.1.4,192.168.1.5,21290276,2617090971,24,1,1451931
407,1574591030.262426,192.168.1.5,192.168.1.4,1361989774,1903859247,539,0,1451392
408,1574591030.283847,192.168.1.4,192.168.1.5,1903859247,1361990313,2070,1,1453462
409,1574591030.326193,192.168.1.4,192.168.1.5,1903861317,1361990313,1121,1,1454583
410,1574591030.327314,192.168.1.5,192.168.1.4,1361990313,1903862438,86,0,1454497
411,1574591030.327908,192.168.1.5,192.168.1.4,480956024,1761874578,24,0,1454473
412,1574591030.329957,192.168.1.5,192.168.1.4,1361990399,1903862438,108,0,1454365
413,1574591030.336196,192.168.1.5,192.168.1.4,1361990507,1903862438,356,0,1454009
414,1574591030.336993,192.168.1.5,192.168.1.4,1361990863,1903862438,167,0,1453842
415,1574591030.337661,192.168.1.5,192.168.1.4,1361991030,1903862438,166,0,1453676
416,1574591030.33824,192.168.1.5,192.168.1.4,1361991196,1903862438,166,0,1453510
417,1574591030.338713,192.168.1.5,192.168.1.4,1361991362,1903862438,101,0,1453409
418,1574591030.347423,192.168.1.4,192.168.1.5,1903862438,1361991463,274,1,1453683
419,1574591030.354923,192.168.1.5,192.168.1.4,1361991463,1903862712,53,0,1453630
420,1574591030.355435,192.168.1.4,192.168.1.5,1903862712,1361991516,53,1,1453683
421,1574591030.362641,192.168.1.4,192.168.1.5,1903862765,1361991516,13032,1,1466715
422,1574591030.362888,192.168.1.4,192.168.1.5,1903875797,1361991516,11584,1,1478299
423,1574591030.364999,192.168.1.4,192.168.1.5,1903887381,1361991516,8372,1,1486671
424,1574591030.382162,192.168.1.4,192.168.1.5,1761874578,480956048,91,1,1486762
425,1574591030.382181,192.168.1.4,192.168.1.5,1761874669,480956048,24,1,1486786
426,1574591030.410146,192.168.1.4,192.168.1.5,1903895753,1361991516,12378,1,1499164
427,1574591030.491818,192.168.1.5,192.168.1.4,1361991516,1903908131,121,0,1499043
428,1574591030.513611,192.168.1.4,192.168.1.5,1903908131,1361991637,339,1,1499382
429,1574591031.175616,192.168.1.4,192.168.1.5,2140799348,2717997986,91,1,1499473
430,1574591031.176404,192.168.1.5,192.168.1.4,2717997986,2140799439,539,0,1498934
431,1574591031.198383,192.168.1.4,192.168.1.5,2140799439,2717998525,2070,1,1501004
432,1574591031.242464,192.168.1.4,192.168.1.5,2140801509,2717998525,1121,1,1502125
433,1574591031.246536,192.168.1.5,192.168.1.4,2717998525,2140802630,86,0,1502039
434,1574591031.247539,192.168.1.5,192.168.1.4,2717998611,2140802630,108,0,1501931
435,1574591031.248078,192.168.1.5,192.168.1.4,2717998719,2140802630,271,0,1501660
436,1574591031.281833,192.168.1.4,192.168.1.5,2140802630,2717998990,2070,1,1503730
437,1574591031.287266,192.168.1.5,192.168.1.4,2717998990,2140804700,53,0,1503677
438,1574591031.287693,192.168.1.4,192.168.1.5,2140804700,2717999043,11584,1,1515261
439,1574591031.287838,192.168.1.4,192.168.1.5,2140816284,2717999043,2896,1,1518157
440,1574591031.287975,192.168.1.4,192.168.1.5,2140819180,2717999043,11550,1,1529707
441,1574591031.319674,192.168.1.5,192.168.1.4,2717999043,2140830730,112,0,1529595
442,1574591031.351691,192.168.1.4,192.168.1.5,2140830730,2717999155,2070,1,1531665
443,1574591031.359543,192.168.1.4,192.168.1.5,2140832800,2717999155,16406,1,1548071
444,1574591031.359653,192.168.1.4,192.168.1.5,2140849206,2717999155,11584,1,1559655
445,1574591031.359944,192.168.1.4,192.168.1.5,2140860790,2717999155,4822,1,1564477
446,1574591031.359977,192.168.1.4,192.168.1.5,2140865612,2717999155,602,1,1565079
447,1574591031.380327,192.168.1.4,192.168.1.5,2140866214,2717999155,16406,1,1581485
448,1574591031.380623,192.168.1.4,192.168.1.5,2140882620,2717999155,16406,1,1597891
449,1574591031.381124,192.168.1.4,192.168.1.5,2140899026,2717999155,1294,1,1599185
450,1574591031.422505,192.168.1.4,192.168.1.5,2140900320,2717999155,16406,1,1615591
451,1574591031.422577,192.168.1.4,192.168.1.5,2140916726,2717999155,1830,1,1617421
452,1574591031.489992,192.168.1.5,192.168.1.4,2717999155,2140918556,111,0,1617310
453,1574591031.512624,192.168.1.4,192.168.1.5,2140918556,2717999266,2070,1,1619380
454,1574591031.513076,192.168.1.4,192.168.1.5,2140920626,2717999266,2070,1,1621450
455,1574591031.513186,192.168.1.4,192.168.1.5,2140922696,2717999266,2070,1,1623520
456,1574591031.518591,192.168.1.4,192.168.1.5,2140924766,2717999266,10136,1,1633656
457,1574591031.518779,192.168.1.4,192.168.1.5,2140934902,2717999266,6270,1,1639926
458,1574591031.518995,192.168.1.4,192.168.1.5,2140941172,2717999266,16406,1,1656332
459,1574591031.519014,192.168.1.4,192.168.1.5,2140957578,2717999266,1331,1,1657663
460,1574591031.519162,192.168.1.4,192.168.1.5,2140958909,2717999266,2070,1,1659733
461,1574591031.51928,192.168.1.4,192.168.1.5,2140960979,2717999266,2070,1,1661803
462,1574591031.529891,192.168.1.4,192.168.1.5,2140963049,2717999266,16406,1,1678209
463,1574591031.529984,192.168.1.4,192.168.1.5,2140979455,2717999266,16406,1,1694615
464,1574591031.530132,192.168.1.4,192.168.1.5,2140995861,2717999266,42,1,1694657
465,1574591031.530358,192.168.1.4,192.168.1.5,2140995903,2717999266,818,1,1695475
466,1574591031.530539,192.168.1.4,192.168.1.5,2140996721,2717999266,2070,1,1697545
467,1574591031.53064,192.168.1.4,192.168.1.5,2140998791,2717999266,750,1,1698295
468,1574591031.532475,192.168.1.4,192.168.1.5,2140999541,2717999266,2070,1,1700365
469,1574591031.532523,192.168.1.4,192.168.1.5,2141001611,2717999266,750,1,1701115
470,1574591031.533841,192.168.1.4,192.168.1.5,2141002361,2717999266,2070,1,1703185
471,1574591031.534075,192.168.1.4,192.168.1.5,2141004431,2717999266,705,1,1703890
472,1574591031.534524,192.168.1.4,192.168.1.5,2141005136,2717999266,1444,1,1705334
473,1574591031.606658,192.168.1.5,192.168.1.4,873471142,321693462,298,0,1705036
474,1574591031.608982,192.168.1.5,192.168.1.4,873471440,321693462,271,0,1704765
475,1574591031.62687,192.168.1.4,192.168.1.5,321693462,873471711,298,1,1705063
476,1574591031.628772,192.168.1.4,192.168.1.5,321693760,873471711,179,1,1705242
477,1574591031.701284,192.168.1.5,192.168.1.4,1361991637,1903908470,98,0,1705144
478,1574591031.724435,192.168.1.4,192.168.1.5,1903908470,1361991735,2070,1,1707214
479,1574591031.724545,192.168.1.4,192.168.1.5,1903910540,1361991735,2070,1,1709284
480,1574591031.745131,192.168.1.5,192.168.1.4,2195612624,1705557810,343,0,1708941
481,1574591031.745519,192.168.1.4,192.168.1.5,1705557810,2195612967,99,1,1709040
482,1574591031.746168,192.168.1.5,192.168.1.4,2195612967,1705557909,382,0,1708658
483,1574591031.755737,192.168.1.4,192.168.1.5,1705557909,2195613349,2266,1,1710924
484,1574591031.757574,192.168.1.5,192.168.1.4,2195613349,1705560175,74,0,1710850
485,1574591031.758118,192.168.1.4,192.168.1.5,1705560175,2195613423,79,1,1710929
486,1574591031.758298,192.168.1.4,192.168.1.5,1705560254,2195613423,79,1,1711008
487,1574591031.759742,192.168.1.5,192.168.1.4,2195613423,1705560333,170,0,1710838
488,1574591031.766221,192.168.1.4,192.168.1.5,1903912610,1361991735,1700,1,1712538
489,1574591033.33501,192.168.1.4,192.168.1.5,1705560333,2195613593,670,1,1713208
490,1574591033.335041,192.168.1.4,192.168.1.5,1705561003,2195613593,24,1,1713232
491,1574591033.335707,192.168.1.5,192.168.1.4,2195613593,1705561027,24,0,1713208
492,1574591033.339882,192.168.1.5,192.168.1.4,723663129,1013018075,343,0,1712865
493,1574591033.340414,192.168.1.4,192.168.1.5,1013018075,723663472,99,1,1712964
494,1574591033.340775,192.168.1.5,192.168.1.4,723663472,1013018174,382,0,1712582
495,1574591033.353883,192.168.1.4,192.168.1.5,1013018174,723663854,2266,1,1714848
496,1574591033.355074,192.168.1.5,192.168.1.4,723663854,1013020440,74,0,1714774
497,1574591033.355278,192.168.1.5,192.168.1.4,723663928,1013020440,170,0,1714604
498,1574591033.355589,192.168.1.4,192.168.1.5,1013020440,723664098,79,1,1714683
499,1574591033.355698,192.168.1.4,192.168.1.5,1013020519,723664098,79,1,1714762
