index,time,src_ip,dst_ip,tcp_seq,tcp_ack,tcp_len,direction,cumul_sum
1,1574591057.235722,192.168.1.5,192.168.1.4,2593214448,2150345348,343,0,-343
2,1574591057.236583,192.168.1.4,192.168.1.5,2150345348,2593214791,99,1,-244
3,1574591057.237382,192.168.1.5,192.168.1.4,2593214791,2150345447,382,0,-626
4,1574591057.249787,192.168.1.4,192.168.1.5,2150345447,2593215173,2266,1,1640
5,1574591057.25064,192.168.1.5,192.168.1.4,2593215173,2150347713,74,0,1566
6,1574591057.250758,192.168.1.5,192.168.1.4,2593215247,2150347713,245,0,1321
7,1574591057.250988,192.168.1.4,192.168.1.5,2150347713,2593215492,79,1,1400
8,1574591057.251105,192.168.1.4,192.168.1.5,2150347792,2593215492,79,1,1479
9,1574591057.395089,192.168.1.5,192.168.1.4,1453963914,339871867,343,0,1136
10,1574591057.395449,192.168.1.4,192.168.1.5,339871867,1453964257,99,1,1235
11,1574591057.39585,192.168.1.5,192.168.1.4,1453964257,339871966,382,0,853
12,1574591057.397899,192.168.1.5,192.168.1.4,2972053643,1182795958,343,0,510
13,1574591057.402685,192.168.1.4,192.168.1.5,1182795958,2972053986,99,1,609
14,1574591057.402971,192.168.1.5,192.168.1.4,2972053986,1182796057,382,0,227
15,1574591057.409436,192.168.1.4,192.168.1.5,339871966,1453964639,2266,1,2493
16,1574591057.410401,192.168.1.5,192.168.1.4,1453964639,339874232,74,0,2419
17,1574591057.410543,192.168.1.5,192.168.1.4,1453964713,339874232,239,0,2180
18,1574591057.414409,192.168.1.4,192.168.1.5,339874232,1453964952,79,1,2259
19,1574591057.414435,192.168.1.4,192.168.1.5,339874311,1453964952,79,1,2338
20,1574591057.418514,192.168.1.4,192.168.1.5,1182796057,2972054368,2266,1,4604
21,1574591057.419346,192.168.1.5,192.168.1.4,2972054368,1182798323,74,0,4530
22,1574591057.419483,192.168.1.5,192.168.1.4,2972054442,1182798323,239,0,4291
23,1574591057.419719,192.168.1.4,192.168.1.5,1182798323,2972054681,79,1,4370
24,1574591057.419788,192.168.1.4,192.168.1.5,1182798402,2972054681,79,1,4449
25,1574591058.256127,192.168.1.4,192.168.1.5,2150347871,2593215492,91,1,4540
26,1574591058.256831,192.168.1.5,192.168.1.4,2593215492,2150347962,539,0,4001
27,1574591058.301543,192.168.1.4,192.168.1.5,2150347962,2593216031,2070,1,6071
28,1574591058.342504,192.168.1.4,192.168.1.5,2150350032,2593216031,1018,1,7089
29,1574591058.350091,192.168.1.5,192.168.1.4,2593216031,2150351050,86,0,7003
30,1574591058.350965,192.168.1.5,192.168.1.4,2593216117,2150351050,108,0,6895
31,1574591058.351511,192.168.1.5,192.168.1.4,2593216225,2150351050,321,0,6574
32,1574591058.351741,192.168.1.5,192.168.1.4,2593216546,2150351050,54,0,6520
33,1574591058.390424,192.168.1.4,192.168.1.5,2150351050,2593216600,617,1,7137
34,1574591058.391065,192.168.1.5,192.168.1.4,2593216600,2150351667,53,0,7084
35,1574591058.417208,192.168.1.4,192.168.1.5,2150351667,2593216653,1240,1,8324
36,1574591058.419614,192.168.1.5,192.168.1.4,2593216653,2150352907,61,0,8263
37,1574591058.45655,192.168.1.4,192.168.1.5,339874390,1453964952,91,1,8354
38,1574591058.456578,192.168.1.4,192.168.1.5,1182798481,2972054681,91,1,8445
39,1574591058.459195,192.168.1.5,192.168.1.4,1453964952,339874481,539,0,7906
40,1574591058.459877,192.168.1.5,192.168.1.4,2972054681,1182798572,539,0,7367
41,1574591058.490596,192.168.1.4,192.168.1.5,339874481,1453965491,2070,1,9437
42,1574591058.490924,192.168.1.4,192.168.1.5,1182798572,2972055220,2070,1,11507
43,1574591058.534427,192.168.1.4,192.168.1.5,339876551,1453965491,1120,1,12627
44,1574591058.534465,192.168.1.4,192.168.1.5,1182800642,2972055220,1121,1,13748
45,1574591058.539867,192.168.1.5,192.168.1.4,1453965491,339877671,86,0,13662
46,1574591058.542219,192.168.1.5,192.168.1.4,2972055220,1182801763,86,0,13576
47,1574591058.542842,192.168.1.5,192.168.1.4,2972055306,1182801763,24,0,13552
48,1574591058.543357,192.168.1.5,192.168.1.4,1453965577,339877671,108,0,13444
49,1574591058.545301,192.168.1.4,192.168.1.5,1182801763,2972055330,24,1,13468
50,1574591058.551277,192.168.1.5,192.168.1.4,1453965685,339877671,382,0,13086
51,1574591058.564283,192.168.1.4,192.168.1.5,339877671,1453966067,274,1,13360
52,1574591058.56462,192.168.1.5,192.168.1.4,1453966067,339877945,53,0,13307
53,1574591058.565371,192.168.1.4,192.168.1.5,339877945,1453966120,53,1,13360
54,1574591058.60656,192.168.1.4,192.168.1.5,339877998,1453966120,57,1,13417
55,1574591058.636395,192.168.1.4,192.168.1.5,339878055,1453966120,872,1,14289
56,1574591058.644441,192.168.1.5,192.168.1.4,1453966120,339878927,107,0,14182
57,1574591058.680923,192.168.1.4,192.168.1.5,339878927,1453966227,57,1,14239
58,1574591058.791126,192.168.1.4,192.168.1.5,339878984,1453966227,4537,1,18776
59,1574591058.796141,192.168.1.4,192.168.1.5,339883521,1453966227,2070,1,20846
60,1574591058.838298,192.168.1.4,192.168.1.5,339885591,1453966227,14480,1,35326
61,1574591058.838584,192.168.1.4,192.168.1.5,339900071,1453966227,2553,1,37879
62,1574591058.860545,192.168.1.5,192.168.1.4,987707212,1524399357,343,0,37536
63,1574591058.861236,192.168.1.4,192.168.1.5,1524399357,987707555,99,1,37635
64,1574591058.861533,192.168.1.5,192.168.1.4,987707555,1524399456,382,0,37253
65,1574591058.864377,192.168.1.5,192.168.1.4,2842245826,1911355955,343,0,36910
66,1574591058.867295,192.168.1.5,192.168.1.4,1233326590,2755160905,343,0,36567
67,1574591058.867787,192.168.1.4,192.168.1.5,1911355955,2842246169,99,1,36666
68,1574591058.868492,192.168.1.5,192.168.1.4,2842246169,1911356054,382,0,36284
69,1574591058.872357,192.168.1.5,192.168.1.4,782579544,1559968035,343,0,35941
70,1574591058.872751,192.168.1.4,192.168.1.5,2755160905,1233326933,99,1,36040
71,1574591058.873319,192.168.1.5,192.168.1.4,1233326933,2755161004,382,0,35658
72,1574591058.876404,192.168.1.5,192.168.1.4,513015840,162340759,343,0,35315
73,1574591058.876969,192.168.1.4,192.168.1.5,1559968035,782579887,99,1,35414
74,1574591058.877444,192.168.1.5,192.168.1.4,782579887,1559968134,382,0,35032
75,1574591058.880629,192.168.1.5,192.168.1.4,2019946870,2933830601,343,0,34689
76,1574591058.882784,192.168.1.4,192.168.1.5,162340759,513016183,99,1,34788
77,1574591058.883164,192.168.1.5,192.168.1.4,513016183,162340858,382,0,34406
78,1574591058.886479,192.168.1.4,192.168.1.5,2933830601,2019947213,99,1,34505
79,1574591058.886861,192.168.1.5,192.168.1.4,2019947213,2933830700,382,0,34123
80,1574591058.894828,192.168.1.5,192.168.1.4,3473424114,1391001857,343,0,33780
81,1574591058.910754,192.168.1.4,192.168.1.5,1559968134,782580269,2266,1,36046
82,1574591058.912034,192.168.1.5,192.168.1.4,782580269,1559970400,74,0,35972
83,1574591058.912213,192.168.1.5,192.168.1.4,782580343,1559970400,245,0,35727
84,1574591058.921783,192.168.1.4,192.168.1.5,1391001857,3473424457,99,1,35826
85,1574591058.922176,192.168.1.5,192.168.1.4,3473424457,1391001956,382,0,35444
86,1574591058.932938,192.168.1.5,192.168.1.4,782580343,1559970400,245,0,35199
87,1574591058.933677,192.168.1.4,192.168.1.5,1524399456,987707937,2266,1,37465
88,1574591058.934948,192.168.1.5,192.168.1.4,987707937,1524401722,74,0,37391
89,1574591058.935117,192.168.1.5,192.168.1.4,987708011,1524401722,245,0,37146
90,1574591058.941871,192.168.1.4,192.168.1.5,162340858,513016565,2266,1,39412
91,1574591058.943363,192.168.1.5,192.168.1.4,513016565,162343124,74,0,39338
92,1574591058.943533,192.168.1.5,192.168.1.4,513016639,162343124,245,0,39093
93,1574591058.948514,192.168.1.4,192.168.1.5,2755161004,1233327315,2266,1,41359
94,1574591058.950149,192.168.1.5,192.168.1.4,1233327315,2755163270,74,0,41285
95,1574591058.950306,192.168.1.5,192.168.1.4,1233327389,2755163270,245,0,41040
96,1574591058.95066,192.168.1.4,192.168.1.5,1524401722,987708256,79,1,41119
97,1574591058.950821,192.168.1.4,192.168.1.5,1524401801,987708256,79,1,41198
98,1574591058.957004,192.168.1.4,192.168.1.5,2933830700,2019947595,2266,1,43464
99,1574591058.958541,192.168.1.5,192.168.1.4,2019947595,2933832966,74,0,43390
100,1574591058.958723,192.168.1.5,192.168.1.4,2019947669,2933832966,245,0,43145
101,1574591058.959181,192.168.1.4,192.168.1.5,2755163270,1233327634,79,1,43224
102,1574591058.95928,192.168.1.4,192.168.1.5,2755163349,1233327634,79,1,43303
103,1574591058.959803,192.168.1.4,192.168.1.5,1911356054,2842246551,2266,1,45569
104,1574591058.961502,192.168.1.5,192.168.1.4,2842246551,1911358320,74,0,45495
105,1574591058.962204,192.168.1.5,192.168.1.4,2842246625,1911358320,245,0,45250
106,1574591058.962707,192.168.1.4,192.168.1.5,1911358320,2842246870,79,1,45329
107,1574591058.96282,192.168.1.4,192.168.1.5,1911358399,2842246870,79,1,45408
108,1574591058.963414,192.168.1.4,192.168.1.5,162343124,513016884,79,1,45487
109,1574591058.963493,192.168.1.4,192.168.1.5,162343203,513016884,79,1,45566
110,1574591058.963973,192.168.1.4,192.168.1.5,2933832966,2019947914,79,1,45645
111,1574591058.964054,192.168.1.4,192.168.1.5,2933833045,2019947914,79,1,45724
112,1574591058.966662,192.168.1.4,192.168.1.5,1391001956,3473424839,2266,1,47990
113,1574591058.967018,192.168.1.4,192.168.1.5,1559970400,782580588,79,1,48069
114,1574591058.967135,192.168.1.4,192.168.1.5,1559970479,782580588,79,1,48148
115,1574591058.968801,192.168.1.5,192.168.1.4,3473424839,1391004222,74,0,48074
116,1574591058.968987,192.168.1.5,192.168.1.4,3473424913,1391004222,231,0,47843
117,1574591058.969319,192.168.1.4,192.168.1.5,1391004222,3473425144,79,1,47922
118,1574591058.96943,192.168.1.4,192.168.1.5,1391004301,3473425144,79,1,48001
119,1574591060.025777,192.168.1.4,192.168.1.5,162343282,513016884,91,1,48092
120,1574591060.026308,192.168.1.5,192.168.1.4,513016884,162343373,539,0,47553
121,1574591060.057187,192.168.1.4,192.168.1.5,162343373,513017423,2070,1,49623
122,1574591060.098342,192.168.1.4,192.168.1.5,162345443,513017423,1120,1,50743
123,1574591060.10009,192.168.1.5,192.168.1.4,513017423,162346563,86,0,50657
124,1574591060.10413,192.168.1.5,192.168.1.4,513017509,162346563,108,0,50549
125,1574591060.1046,192.168.1.5,192.168.1.4,987708256,1524401880,24,0,50525
126,1574591060.104787,192.168.1.5,192.168.1.4,2842246870,1911358478,24,0,50501
127,1574591060.104999,192.168.1.5,192.168.1.4,1233327634,2755163428,24,0,50477
128,1574591060.105209,192.168.1.5,192.168.1.4,782580588,1559970558,24,0,50453
129,1574591060.105427,192.168.1.5,192.168.1.4,2019947914,2933833124,24,0,50429
130,1574591060.114753,192.168.1.5,192.168.1.4,513017617,162346563,338,0,50091
131,1574591060.114939,192.168.1.5,192.168.1.4,513017955,162346563,122,0,49969
132,1574591060.115093,192.168.1.5,192.168.1.4,513018077,162346563,122,0,49847
133,1574591060.115264,192.168.1.5,192.168.1.4,513018199,162346563,121,0,49726
134,1574591060.115456,192.168.1.5,192.168.1.4,513018320,162346563,122,0,49604
135,1574591060.115608,192.168.1.5,192.168.1.4,513018442,162346563,122,0,49482
136,1574591060.115753,192.168.1.5,192.168.1.4,513018564,162346563,121,0,49361
137,1574591060.120522,192.168.1.5,192.168.1.4,513018685,162346563,121,0,49240
138,1574591060.120895,192.168.1.5,192.168.1.4,513018806,162346563,122,0,49118
139,1574591060.121141,192.168.1.5,192.168.1.4,513018928,162346563,121,0,48997
140,1574591060.121307,192.168.1.5,192.168.1.4,513019049,162346563,120,0,48877
141,1574591060.137295,192.168.1.4,192.168.1.5,1559970558,782580612,91,1,48968
142,1574591060.137325,192.168.1.4,192.168.1.5,1911358478,2842246894,91,1,49059
143,1574591060.13747,192.168.1.4,192.168.1.5,1911358569,2842246894,24,1,49083
144,1574591060.138744,192.168.1.4,192.168.1.5,1559970649,782580613,24,1,49107
145,1574591060.139781,192.168.1.4,192.168.1.5,2933833124,2019947938,91,1,49198
146,1574591060.13993,192.168.1.4,192.168.1.5,2933833215,2019947938,24,1,49222
147,1574591060.141735,192.168.1.4,192.168.1.5,162346563,513019169,2070,1,51292
148,1574591060.142205,192.168.1.5,192.168.1.4,513019169,162348633,53,0,51239
149,1574591060.142507,192.168.1.4,192.168.1.5,162348633,513019222,5686,1,56925
150,1574591060.166409,192.168.1.4,192.168.1.5,162354319,513019222,14480,1,71405
151,1574591060.16665,192.168.1.4,192.168.1.5,162368799,513019222,18830,1,90235
152,1574591060.177065,192.168.1.4,192.168.1.5,162387629,513019222,8688,1,98923
153,1574591060.177278,192.168.1.4,192.168.1.5,162396317,513019222,7718,1,106641
154,1574591060.177348,192.168.1.4,192.168.1.5,162404035,513019222,16406,1,123047
155,1574591060.17739,192.168.1.4,192.168.1.5,162420441,513019222,1288,1,124335
156,1574591060.184898,192.168.1.4,192.168.1.5,162421729,513019222,16406,1,140741
157,1574591060.185296,192.168.1.4,192.168.1.5,162438135,513019222,16406,1,157147
158,1574591060.185518,192.168.1.4,192.168.1.5,162454541,513019222,784,1,157931
159,1574591060.194715,192.168.1.4,192.168.1.5,162455325,513019222,16406,1,174337
160,1574591060.194982,192.168.1.4,192.168.1.5,162471731,513019222,16406,1,190743
161,1574591060.195033,192.168.1.4,192.168.1.5,162488137,513019222,1538,1,192281
162,1574591060.214689,192.168.1.4,192.168.1.5,162489675,513019222,16406,1,208687
163,1574591060.214811,192.168.1.4,192.168.1.5,162506081,513019222,16406,1,225093
164,1574591060.214855,192.168.1.4,192.168.1.5,162522487,513019222,1483,1,226576
165,1574591060.223142,192.168.1.4,192.168.1.5,162523970,513019222,16406,1,242982
166,1574591060.223256,192.168.1.4,192.168.1.5,162540376,513019222,16406,1,259388
167,1574591060.224594,192.168.1.4,192.168.1.5,162556782,513019222,1294,1,260682
168,1574591060.26638,192.168.1.4,192.168.1.5,162558076,513019222,16080,1,276762
169,1574591060.347103,192.168.1.4,192.168.1.5,1524401880,987708280,91,1,276853
170,1574591060.34726,192.168.1.4,192.168.1.5,1524401971,987708280,24,1,276877
171,1574591060.348331,192.168.1.4,192.168.1.5,2755163428,1233327658,91,1,276968
172,1574591060.348499,192.168.1.4,192.168.1.5,2755163519,1233327658,24,1,276992
173,1574591060.509075,192.168.1.5,192.168.1.4,513019222,162574156,124,0,276868
174,1574591060.513206,192.168.1.5,192.168.1.4,513019346,162574156,125,0,276743
175,1574591060.517761,192.168.1.5,192.168.1.4,513019471,162574156,124,0,276619
176,1574591060.519685,192.168.1.5,192.168.1.4,513019595,162574156,124,0,276495
177,1574591060.528268,192.168.1.4,192.168.1.5,162574156,513019719,2070,1,278565
178,1574591060.528515,192.168.1.4,192.168.1.5,162576226,513019719,2070,1,280635
179,1574591060.532128,192.168.1.4,192.168.1.5,162578296,513019719,10136,1,290771
180,1574591060.532378,192.168.1.4,192.168.1.5,162588432,513019719,6270,1,297041
181,1574591060.532417,192.168.1.4,192.168.1.5,162594702,513019719,10136,1,307177
182,1574591060.532472,192.168.1.4,192.168.1.5,162604838,513019719,6270,1,313447
183,1574591060.532904,192.168.1.4,192.168.1.5,162611108,513019719,1347,1,314794
184,1574591060.534466,192.168.1.4,192.168.1.5,162612455,513019719,750,1,315544
185,1574591060.534539,192.168.1.4,192.168.1.5,162613205,513019719,2070,1,317614
186,1574591060.534565,192.168.1.4,192.168.1.5,162615275,513019719,2070,1,319684
187,1574591060.547935,192.168.1.5,192.168.1.4,513019719,162617345,115,0,319569
188,1574591060.549229,192.168.1.4,192.168.1.5,162617345,513019834,16406,1,335975
189,1574591060.549466,192.168.1.4,192.168.1.5,162633751,513019834,11232,1,347207
190,1574591060.550013,192.168.1.4,192.168.1.5,1391004380,3473425144,91,1,347298
191,1574591060.555836,192.168.1.5,192.168.1.4,3473425144,1391004471,539,0,346759
192,1574591060.561533,192.168.1.4,192.168.1.5,162644983,513019834,16406,1,363165
193,1574591060.561641,192.168.1.4,192.168.1.5,162661389,513019834,16406,1,379571
194,1574591060.563789,192.168.1.4,192.168.1.5,162677795,513019834,624,1,380195
195,1574591060.586553,192.168.1.4,192.168.1.5,162678419,513019834,16406,1,396601
196,1574591060.586791,192.168.1.4,192.168.1.5,162694825,513019834,16406,1,413007
197,1574591060.58701,192.168.1.4,192.168.1.5,162711231,513019834,2022,1,415029
198,1574591060.587753,192.168.1.4,192.168.1.5,162713253,513019834,16406,1,431435
199,1574591060.587948,192.168.1.4,192.168.1.5,162729659,513019834,16406,1,447841
200,1574591060.588053,192.168.1.4,192.168.1.5,162746065,513019834,2070,1,449911
201,1574591060.607348,192.168.1.4,192.168.1.5,162748135,513019834,16406,1,466317
202,1574591060.607627,192.168.1.4,192.168.1.5,162764541,513019834,16406,1,482723
203,1574591060.607677,192.168.1.4,192.168.1.5,162780947,513019834,182,1,482905
204,1574591060.608837,192.168.1.4,192.168.1.5,1391004471,3473425683,1410,1,484315
205,1574591060.650451,192.168.1.4,192.168.1.5,1391005881,3473425683,1781,1,486096
206,1574591060.650492,192.168.1.4,192.168.1.5,162781129,513019834,14630,1,500726
207,1574591060.652126,192.168.1.5,192.168.1.4,513019834,162795759,124,0,500602
208,1574591060.654867,192.168.1.5,192.168.1.4,513019958,162795759,125,0,500477
209,1574591060.655023,192.168.1.5,192.168.1.4,513020083,162795759,125,0,500352
210,1574591060.655131,192.168.1.5,192.168.1.4,513020208,162795759,124,0,500228
211,1574591060.65528,192.168.1.5,192.168.1.4,513020332,162795759,116,0,500112
212,1574591060.655462,192.168.1.5,192.168.1.4,513020448,162795759,116,0,499996
213,1574591060.655592,192.168.1.5,192.168.1.4,513020564,162795759,124,0,499872
214,1574591060.655726,192.168.1.5,192.168.1.4,513020688,162795759,124,0,499748
215,1574591060.655855,192.168.1.5,192.168.1.4,513020812,162795759,124,0,499624
216,1574591060.655996,192.168.1.5,192.168.1.4,513020936,162795759,124,0,499500
217,1574591060.656112,192.168.1.5,192.168.1.4,513021060,162795759,124,0,499376
218,1574591060.656339,192.168.1.5,192.168.1.4,513021184,162795759,124,0,499252
219,1574591060.665975,192.168.1.5,192.168.1.4,3473425683,1391007662,86,0,499166
220,1574591060.667197,192.168.1.4,192.168.1.5,162795759,513021308,2070,1,501236
221,1574591060.683859,192.168.1.5,192.168.1.4,513021308,162797829,124,0,501112
222,1574591060.684229,192.168.1.4,192.168.1.5,162797829,513021432,750,1,501862
223,1574591060.68886,192.168.1.5,192.168.1.4,513021432,162798579,123,0,501739
224,1574591060.689254,192.168.1.4,192.168.1.5,162798579,513021555,1410,1,503149
225,1574591060.689482,192.168.1.5,192.168.1.4,513021555,162799989,124,0,503025
226,1574591060.689602,192.168.1.5,192.168.1.4,513021679,162799989,124,0,502901
227,1574591060.689722,192.168.1.5,192.168.1.4,513021803,162799989,124,0,502777
228,1574591060.690023,192.168.1.5,192.168.1.4,513021927,162799989,124,0,502653
229,1574591060.690336,192.168.1.5,192.168.1.4,513022051,162799989,124,0,502529
230,1574591060.690499,192.168.1.5,192.168.1.4,513022175,162799989,116,0,502413
231,1574591060.6907,192.168.1.5,192.168.1.4,513022291,162799989,115,0,502298
232,1574591060.690826,192.168.1.5,192.168.1.4,513022406,162799989,115,0,502183
233,1574591060.691001,192.168.1.5,192.168.1.4,513022521,162799989,115,0,502068
234,1574591060.691177,192.168.1.5,192.168.1.4,513022636,162799989,124,0,501944
235,1574591060.691415,192.168.1.5,192.168.1.4,513022760,162799989,124,0,501820
236,1574591060.69159,192.168.1.5,192.168.1.4,513022884,162799989,123,0,501697
237,1574591060.693949,192.168.1.5,192.168.1.4,513023007,162799989,116,0,501581
238,1574591060.700752,192.168.1.4,192.168.1.5,1391007662,3473425769,274,1,501855
239,1574591060.700779,192.168.1.4,192.168.1.5,162799989,513023123,2070,1,503925
240,1574591060.718958,192.168.1.5,192.168.1.4,3473425769,1391007936,108,0,503817
241,1574591060.720815,192.168.1.5,192.168.1.4,3894654305,688615901,343,0,503474
242,1574591060.721181,192.168.1.4,192.168.1.5,688615901,3894654648,99,1,503573
243,1574591060.721588,192.168.1.5,192.168.1.4,3894654648,688616000,382,0,503191
244,1574591060.725568,192.168.1.5,192.168.1.4,3473425877,1391007936,53,0,503138
245,1574591060.725765,192.168.1.5,192.168.1.4,3473425930,1391007936,295,0,502843
246,1574591060.731921,192.168.1.4,192.168.1.5,688616000,3894655030,2266,1,505109
247,1574591060.732771,192.168.1.5,192.168.1.4,3894655030,688618266,74,0,505035
248,1574591060.73289,192.168.1.5,192.168.1.4,3894655104,688618266,245,0,504790
249,1574591060.733124,192.168.1.4,192.168.1.5,688618266,3894655349,79,1,504869
250,1574591060.733179,192.168.1.4,192.168.1.5,688618345,3894655349,79,1,504948
251,1574591060.739483,192.168.1.4,192.168.1.5,1391007936,3473426225,53,1,505001
252,1574591060.742162,192.168.1.4,192.168.1.5,162802059,513023123,16406,1,521407
253,1574591060.742203,192.168.1.4,192.168.1.5,162818465,513023123,2624,1,524031
254,1574591060.74687,192.168.1.4,192.168.1.5,162821089,513023123,13355,1,537386
255,1574591060.749973,192.168.1.4,192.168.1.5,162834444,513023123,4472,1,541858
256,1574591060.75022,192.168.1.4,192.168.1.5,162838916,513023123,16406,1,558264
257,1574591060.750391,192.168.1.4,192.168.1.5,162855322,513023123,1472,1,559736
258,1574591060.755131,192.168.1.4,192.168.1.5,162856794,513023123,15928,1,575664
259,1574591060.755281,192.168.1.4,192.168.1.5,162872722,513023123,478,1,576142
260,1574591060.75529,192.168.1.4,192.168.1.5,162873200,513023123,3070,1,579212
261,1574591060.756587,192.168.1.4,192.168.1.5,162876270,513023123,5381,1,584593
262,1574591060.762336,192.168.1.4,192.168.1.5,162881651,513023123,12353,1,596946
263,1574591060.773125,192.168.1.4,192.168.1.5,162894004,513023123,7720,1,604666
264,1574591060.773213,192.168.1.4,192.168.1.5,162901724,513023123,16406,1,621072
265,1574591060.773324,192.168.1.4,192.168.1.5,162918130,513023123,1682,1,622754
266,1574591060.774208,192.168.1.4,192.168.1.5,162919812,513023123,4186,1,626940
267,1574591060.7749,192.168.1.4,192.168.1.5,162923998,513023123,1410,1,628350
268,1574591060.775906,192.168.1.4,192.168.1.5,162925408,513023123,2798,1,631148
269,1574591060.778013,192.168.1.4,192.168.1.5,162928206,513023123,4186,1,635334
270,1574591060.778373,192.168.1.4,192.168.1.5,162932392,513023123,1410,1,636744
271,1574591060.782213,192.168.1.4,192.168.1.5,1391007989,3473426225,57,1,636801
272,1574591060.784123,192.168.1.4,192.168.1.5,162933802,513023123,12202,1,649003
273,1574591060.784943,192.168.1.4,192.168.1.5,162946004,513023123,2798,1,651801
274,1574591060.786696,192.168.1.4,192.168.1.5,162948802,513023123,4186,1,655987
275,1574591060.786817,192.168.1.4,192.168.1.5,162952988,513023123,1410,1,657397
276,1574591060.792517,192.168.1.4,192.168.1.5,162954398,513023123,13902,1,671299
277,1574591060.799432,192.168.1.4,192.168.1.5,162968300,513023123,4186,1,675485
278,1574591060.826424,192.168.1.4,192.168.1.5,1391008046,3473426225,979,1,676464
279,1574591060.84557,192.168.1.4,192.168.1.5,162972486,513023123,6962,1,683426
280,1574591060.846344,192.168.1.4,192.168.1.5,162979448,513023123,2798,1,686224
281,1574591060.847132,192.168.1.4,192.168.1.5,162982246,513023123,1410,1,687634
282,1574591060.847843,192.168.1.4,192.168.1.5,162983656,513023123,1410,1,689044
283,1574591060.857582,192.168.1.4,192.168.1.5,162985066,513023123,16406,1,705450
284,1574591060.857641,192.168.1.4,192.168.1.5,163001472,513023123,16406,1,721856
285,1574591060.857656,192.168.1.4,192.168.1.5,163017878,513023123,1210,1,723066
286,1574591060.858238,192.168.1.4,192.168.1.5,163019088,513023123,2798,1,725864
287,1574591060.868407,192.168.1.4,192.168.1.5,163021886,513023123,16406,1,742270
288,1574591060.868532,192.168.1.4,192.168.1.5,163038292,513023123,16406,1,758676
289,1574591060.868586,192.168.1.4,192.168.1.5,163054698,513023123,7419,1,766095
290,1574591060.869161,192.168.1.4,192.168.1.5,163062117,513023123,2798,1,768893
291,1574591060.870844,192.168.1.4,192.168.1.5,163064915,513023123,5574,1,774467
292,1574591060.872613,192.168.1.4,192.168.1.5,163070489,513023123,2798,1,777265
293,1574591060.873178,192.168.1.4,192.168.1.5,163073287,513023123,5361,1,782626
294,1574591060.874167,192.168.1.4,192.168.1.5,163078648,513023123,16406,1,799032
295,1574591060.874227,192.168.1.4,192.168.1.5,163095054,513023123,2896,1,801928
296,1574591060.874293,192.168.1.4,192.168.1.5,163097950,513023123,13510,1,815438
297,1574591060.874307,192.168.1.4,192.168.1.5,163111460,513023123,2455,1,817893
298,1574591060.875506,192.168.1.4,192.168.1.5,163113915,513023123,1410,1,819303
299,1574591060.876334,192.168.1.4,192.168.1.5,163115325,513023123,1410,1,820713
300,1574591060.882797,192.168.1.4,192.168.1.5,163116735,513023123,16406,1,837119
301,1574591060.882869,192.168.1.4,192.168.1.5,163133141,513023123,16406,1,853525
302,1574591060.88291,192.168.1.4,192.168.1.5,163149547,513023123,16406,1,869931
303,1574591060.88294,192.168.1.4,192.168.1.5,163165953,513023123,4344,1,874275
304,1574591060.883192,192.168.1.4,192.168.1.5,163170297,513023123,12062,1,886337
305,1574591060.883325,192.168.1.4,192.168.1.5,163182359,513023123,2498,1,888835
306,1574591060.892631,192.168.1.4,192.168.1.5,163184857,513023123,8350,1,897185
307,1574591060.948484,192.168.1.4,192.168.1.5,163193207,513023123,16406,1,913591
308,1574591060.948777,192.168.1.4,192.168.1.5,163209613,513023123,16406,1,929997
309,1574591060.948838,192.168.1.4,192.168.1.5,163226019,513023123,16406,1,946403
310,1574591060.949162,192.168.1.4,192.168.1.5,163242425,513023123,1448,1,947851
311,1574591060.949225,192.168.1.4,192.168.1.5,163243873,513023123,14958,1,962809
312,1574591060.949298,192.168.1.4,192.168.1.5,163258831,513023123,16406,1,979215
313,1574591060.949614,192.168.1.4,192.168.1.5,163275237,513023123,13032,1,992247
314,1574591060.949737,192.168.1.4,192.168.1.5,163288269,513023123,3374,1,995621
315,1574591060.949765,192.168.1.4,192.168.1.5,163291643,513023123,16406,1,1012027
316,1574591060.949889,192.168.1.4,192.168.1.5,163308049,513023123,8866,1,1020893
317,1574591060.974976,192.168.1.4,192.168.1.5,163316915,513023123,2798,1,1023691
318,1574591060.975964,192.168.1.4,192.168.1.5,163319713,513023123,15290,1,1038981
319,1574591060.982068,192.168.1.4,192.168.1.5,163335003,513023123,12310,1,1051291
320,1574591060.984723,192.168.1.4,192.168.1.5,163347313,513023123,16406,1,1067697
321,1574591060.985005,192.168.1.4,192.168.1.5,163363719,513023123,16406,1,1084103
322,1574591060.985105,192.168.1.4,192.168.1.5,163380125,513023123,16406,1,1100509
323,1574591060.98527,192.168.1.4,192.168.1.5,163396531,513023123,13032,1,1113541
324,1574591060.985362,192.168.1.4,192.168.1.5,163409563,513023123,3321,1,1116862
325,1574591060.98573,192.168.1.4,192.168.1.5,163412884,513023123,12299,1,1129161
326,1574591060.986626,192.168.1.4,192.168.1.5,163425183,513023123,4118,1,1133279
327,1574591061.013272,192.168.1.4,192.168.1.5,163429301,513023123,16406,1,1149685
328,1574591061.013353,192.168.1.4,192.168.1.5,163445707,513023123,16406,1,1166091
329,1574591061.013394,192.168.1.4,192.168.1.5,163462113,513023123,16406,1,1182497
330,1574591061.013637,192.168.1.4,192.168.1.5,163478519,513023123,11584,1,1194081
331,1574591061.013819,192.168.1.4,192.168.1.5,163490103,513023123,4890,1,1198971
332,1574591061.013851,192.168.1.4,192.168.1.5,163494993,513023123,147,1,1199118
333,1574591061.014379,192.168.1.4,192.168.1.5,163495140,513023123,2070,1,1201188
334,1574591061.014417,192.168.1.4,192.168.1.5,163497210,513023123,848,1,1202036
335,1574591061.015036,192.168.1.4,192.168.1.5,163498058,513023123,2070,1,1204106
336,1574591061.015764,192.168.1.4,192.168.1.5,163500128,513023123,750,1,1204856
337,1574591061.015783,192.168.1.4,192.168.1.5,163500878,513023123,1410,1,1206266
338,1574591061.016278,192.168.1.4,192.168.1.5,163502288,513023123,1410,1,1207676
339,1574591061.039123,192.168.1.5,192.168.1.4,1417846353,1072693386,343,0,1207333
340,1574591061.040024,192.168.1.4,192.168.1.5,1072693386,1417846696,99,1,1207432
341,1574591061.040337,192.168.1.5,192.168.1.4,1417846696,1072693485,382,0,1207050
342,1574591061.047054,192.168.1.4,192.168.1.5,163503698,513023123,16406,1,1223456
343,1574591061.047994,192.168.1.4,192.168.1.5,163520104,513023123,16406,1,1239862
344,1574591061.048058,192.168.1.4,192.168.1.5,163536510,513023123,16406,1,1256268
345,1574591061.048122,192.168.1.4,192.168.1.5,163552916,513023123,17951,1,1274219
346,1574591061.048164,192.168.1.4,192.168.1.5,163570867,513023123,5792,1,1280011
347,1574591061.050147,192.168.1.4,192.168.1.5,163576659,513023123,3968,1,1283979
348,1574591061.050222,192.168.1.4,192.168.1.5,163580627,513023123,1410,1,1285389
349,1574591061.061651,192.168.1.4,192.168.1.5,1072693485,1417847078,2266,1,1287655
350,1574591061.06275,192.168.1.5,192.168.1.4,1417847078,1072695751,74,0,1287581
351,1574591061.062885,192.168.1.5,192.168.1.4,1417847152,1072695751,245,0,1287336
352,1574591061.06321,192.168.1.4,192.168.1.5,1072695751,1417847397,79,1,1287415
353,1574591061.064616,192.168.1.4,192.168.1.5,1072695830,1417847397,79,1,1287494
354,1574591061.077822,192.168.1.4,192.168.1.5,163582037,513023123,16406,1,1303900
355,1574591061.0782,192.168.1.4,192.168.1.5,163598443,513023123,10136,1,1314036
356,1574591061.07847,192.168.1.4,192.168.1.5,163608579,513023123,6270,1,1320306
357,1574591061.078541,192.168.1.4,192.168.1.5,163614849,513023123,16406,1,1336712
358,1574591061.079209,192.168.1.4,192.168.1.5,163631255,513023123,16406,1,1353118
359,1574591061.079426,192.168.1.4,192.168.1.5,163647661,513023123,2855,1,1355973
360,1574591061.079505,192.168.1.4,192.168.1.5,163650516,513023123,2798,1,1358771
361,1574591061.080139,192.168.1.4,192.168.1.5,163653314,513023123,2798,1,1361569
362,1574591061.080707,192.168.1.4,192.168.1.5,163656112,513023123,1410,1,1362979
363,1574591061.082268,192.168.1.4,192.168.1.5,163657522,513023123,4186,1,1367165
364,1574591061.083048,192.168.1.4,192.168.1.5,163661708,513023123,2798,1,1369963
365,1574591061.083939,192.168.1.4,192.168.1.5,163664506,513023123,2798,1,1372761
366,1574591061.084702,192.168.1.4,192.168.1.5,163667304,513023123,1410,1,1374171
367,1574591061.085088,192.168.1.4,192.168.1.5,163668714,513023123,716,1,1374887
368,1574591061.085906,192.168.1.4,192.168.1.5,163669430,513023123,1444,1,1376331
369,1574591062.135424,192.168.1.5,192.168.1.4,4108938643,729619651,343,0,1375988
370,1574591062.135809,192.168.1.4,192.168.1.5,729619651,4108938986,99,1,1376087
371,1574591062.136294,192.168.1.5,192.168.1.4,4108938986,729619750,382,0,1375705
372,1574591062.15232,192.168.1.4,192.168.1.5,729619750,4108939368,2266,1,1377971
373,1574591062.153595,192.168.1.5,192.168.1.4,4108939368,729622016,74,0,1377897
374,1574591062.153783,192.168.1.5,192.168.1.4,4108939442,729622016,247,0,1377650
375,1574591062.154065,192.168.1.4,192.168.1.5,729622016,4108939689,79,1,1377729
376,1574591062.154157,192.168.1.4,192.168.1.5,729622095,4108939689,79,1,1377808
377,1574591062.24159,192.168.1.5,192.168.1.4,1453966227,339902624,201,0,1377607
378,1574591062.243639,192.168.1.5,192.168.1.4,1453966428,339902624,108,0,1377499
379,1574591062.254407,192.168.1.5,192.168.1.4,513023123,163670874,124,0,1377375
380,1574591062.256664,192.168.1.5,192.168.1.4,513023247,163670874,123,0,1377252
381,1574591062.259024,192.168.1.5,192.168.1.4,513023370,163670874,116,0,1377136
382,1574591062.2612,192.168.1.5,192.168.1.4,513023486,163670874,116,0,1377020
383,1574591062.263539,192.168.1.4,192.168.1.5,339902624,1453966536,1445,1,1378465
384,1574591062.264264,192.168.1.4,192.168.1.5,339904069,1453966536,2798,1,1381263
385,1574591062.265479,192.168.1.4,192.168.1.5,339906867,1453966536,2215,1,1383478
386,1574591062.268403,192.168.1.4,192.168.1.5,339909082,1453966536,2896,1,1386374
387,1574591062.269049,192.168.1.4,192.168.1.5,339911978,1453966536,2552,1,1388926
388,1574591062.275988,192.168.1.5,192.168.1.4,513023602,163670874,116,0,1388810
389,1574591062.278105,192.168.1.5,192.168.1.4,513023718,163670874,116,0,1388694
390,1574591062.279611,192.168.1.4,192.168.1.5,163670874,513023834,14480,1,1403174
391,1574591062.279784,192.168.1.4,192.168.1.5,163685354,513023834,1815,1,1404989
392,1574591062.280256,192.168.1.4,192.168.1.5,163687169,513023834,2070,1,1407059
393,1574591062.28656,192.168.1.5,192.168.1.4,513023834,163689239,116,0,1406943
394,1574591062.28715,192.168.1.4,192.168.1.5,163689239,513023950,5792,1,1412735
395,1574591062.287252,192.168.1.4,192.168.1.5,163695031,513023950,2620,1,1415355
396,1574591062.293023,192.168.1.5,192.168.1.4,513023950,163697651,124,0,1415231
397,1574591062.293613,192.168.1.4,192.168.1.5,163697651,513024074,4282,1,1419513
398,1574591062.334231,192.168.1.4,192.168.1.5,163701933,513024074,16406,1,1435919
399,1574591062.334413,192.168.1.4,192.168.1.5,163718339,513024074,5341,1,1441260
400,1574591062.5282,192.168.1.5,192.168.1.4,2088279192,2465223224,343,0,1440917
401,1574591062.528628,192.168.1.4,192.168.1.5,2465223224,2088279535,99,1,1441016
402,1574591062.529063,192.168.1.5,192.168.1.4,2088279535,2465223323,382,0,1440634
403,1574591062.531219,192.168.1.5,192.168.1.4,1084810260,380378745,343,0,1440291
404,1574591062.532837,192.168.1.5,192.168.1.4,690530300,2314271537,343,0,1439948
405,1574591062.535189,192.168.1.4,192.168.1.5,380378745,1084810603,99,1,1440047
406,1574591062.535608,192.168.1.5,192.168.1.4,1084810603,380378844,382,0,1439665
407,1574591062.536006,192.168.1.4,192.168.1.5,2314271537,690530643,99,1,1439764
408,1574591062.536425,192.168.1.5,192.168.1.4,690530643,2314271636,382,0,1439382
409,1574591062.5726,192.168.1.4,192.168.1.5,2465223323,2088279917,2266,1,1441648
410,1574591062.574012,192.168.1.5,192.168.1.4,2088279917,2465225589,74,0,1441574
411,1574591062.574429,192.168.1.4,192.168.1.5,2465225589,2088279991,79,1,1441653
412,1574591062.57461,192.168.1.4,192.168.1.5,2465225668,2088279991,79,1,1441732
413,1574591062.575042,192.168.1.5,192.168.1.4,2088279991,2465225747,245,0,1441487
414,1574591062.576158,192.168.1.4,192.168.1.5,380378844,1084810985,2266,1,1443753
415,1574591062.577132,192.168.1.4,192.168.1.5,2314271636,690531025,2266,1,1446019
416,1574591062.577741,192.168.1.5,192.168.1.4,1084810985,380381110,74,0,1445945
417,1574591062.577882,192.168.1.5,192.168.1.4,1084811059,380381110,245,0,1445700
418,1574591062.578368,192.168.1.4,192.168.1.5,380381110,1084811304,79,1,1445779
419,1574591062.57848,192.168.1.4,192.168.1.5,380381189,1084811304,79,1,1445858
420,1574591062.581288,192.168.1.5,192.168.1.4,690531025,2314273902,74,0,1445784
421,1574591062.581802,192.168.1.4,192.168.1.5,2314273902,690531099,79,1,1445863
422,1574591062.581878,192.168.1.4,192.168.1.5,2314273981,690531099,79,1,1445942
423,1574591062.58491,192.168.1.5,192.168.1.4,690531099,2314274060,245,0,1445697
424,1574591062.930568,192.168.1.4,192.168.1.5,688618424,3894655349,91,1,1445788
425,1574591062.931037,192.168.1.5,192.168.1.4,3894655349,688618515,539,0,1445249
426,1574591062.951929,192.168.1.5,192.168.1.4,1095107295,3069014382,343,0,1444906
427,1574591062.95261,192.168.1.4,192.168.1.5,3069014382,1095107638,99,1,1445005
428,1574591062.953182,192.168.1.5,192.168.1.4,1095107638,3069014481,382,0,1444623
429,1574591062.9672,192.168.1.4,192.168.1.5,3069014481,1095108020,2266,1,1446889
430,1574591062.968679,192.168.1.5,192.168.1.4,1095108020,3069016747,74,0,1446815
431,1574591062.968888,192.168.1.5,192.168.1.4,1095108094,3069016747,245,0,1446570
432,1574591062.969105,192.168.1.4,192.168.1.5,3069016747,1095108339,79,1,1446649
433,1574591062.969724,192.168.1.4,192.168.1.5,3069016826,1095108339,79,1,1446728
434,1574591062.977849,192.168.1.4,192.168.1.5,688618515,3894655888,2070,1,1448798
435,1574591063.018399,192.168.1.4,192.168.1.5,688620585,3894655888,1120,1,1449918
436,1574591063.021016,192.168.1.5,192.168.1.4,3894655888,688621705,86,0,1449832
437,1574591063.022012,192.168.1.5,192.168.1.4,3894655974,688621705,108,0,1449724
438,1574591063.025529,192.168.1.5,192.168.1.4,1417847397,1072695909,24,0,1449700
439,1574591063.025971,192.168.1.5,192.168.1.4,2088280236,2465225747,24,0,1449676
440,1574591063.026361,192.168.1.5,192.168.1.4,1084811304,380381268,24,0,1449652
441,1574591063.026545,192.168.1.5,192.168.1.4,690531344,2314274060,24,0,1449628
442,1574591063.026846,192.168.1.5,192.168.1.4,1095108339,3069016905,24,0,1449604
443,1574591063.029802,192.168.1.5,192.168.1.4,3894656082,688621705,355,0,1449249
444,1574591063.030725,192.168.1.5,192.168.1.4,3894656437,688621705,167,0,1449082
445,1574591063.031191,192.168.1.5,192.168.1.4,3894656604,688621705,166,0,1448916
446,1574591063.031949,192.168.1.5,192.168.1.4,3894656770,688621705,167,0,1448749
447,1574591063.032227,192.168.1.5,192.168.1.4,3894656937,688621705,101,0,1448648
448,1574591063.033273,192.168.1.5,192.168.1.4,3894657038,688621705,121,0,1448527
449,1574591063.081783,192.168.1.4,192.168.1.5,688621705,3894657159,200,1,1448727
450,1574591063.122413,192.168.1.4,192.168.1.5,688621905,3894657159,4537,1,1453264
451,1574591063.123367,192.168.1.5,192.168.1.4,3894657159,688626442,53,0,1453211
452,1574591063.148018,192.168.1.4,192.168.1.5,688626442,3894657212,1471,1,1454682
453,1574591063.186334,192.168.1.4,192.168.1.5,688627913,3894657212,3709,1,1458391
454,1574591063.595728,192.168.1.4,192.168.1.5,688631622,3894657212,1410,1,1459801
455,1574591063.649936,192.168.1.4,192.168.1.5,688633032,3894657212,5792,1,1465593
456,1574591063.650105,192.168.1.4,192.168.1.5,688638824,3894657212,5792,1,1471385
457,1574591063.651518,192.168.1.4,192.168.1.5,688644616,3894657212,2774,1,1474159
458,1574591063.690383,192.168.1.4,192.168.1.5,688647390,3894657212,5792,1,1479951
459,1574591063.690563,192.168.1.4,192.168.1.5,688653182,3894657212,8688,1,1488639
460,1574591063.690791,192.168.1.4,192.168.1.5,688661870,3894657212,1926,1,1490565
461,1574591063.690832,192.168.1.4,192.168.1.5,688663796,3894657212,3941,1,1494506
462,1574591063.903303,192.168.1.4,192.168.1.5,1072695909,1417847421,91,1,1494597
463,1574591063.903436,192.168.1.4,192.168.1.5,1072696000,1417847421,24,1,1494621
464,1574591064.999045,192.168.1.4,192.168.1.5,729622174,4108939689,91,1,1494712
465,1574591064.999681,192.168.1.5,192.168.1.4,4108939689,729622265,539,0,1494173
466,1574591065.023533,192.168.1.4,192.168.1.5,729622265,4108940228,2070,1,1496243
467,1574591065.066234,192.168.1.4,192.168.1.5,729624335,4108940228,1120,1,1497363
468,1574591065.070265,192.168.1.5,192.168.1.4,4108940228,729625455,86,0,1497277
469,1574591065.070706,192.168.1.5,192.168.1.4,4108940314,729625455,108,0,1497169
470,1574591065.071356,192.168.1.5,192.168.1.4,4108940422,729625455,271,0,1496898
471,1574591065.090388,192.168.1.4,192.168.1.5,729625455,4108940693,1142,1,1498040
472,1574591065.091708,192.168.1.5,192.168.1.4,4108940693,729626597,53,0,1497987
473,1574591065.092031,192.168.1.4,192.168.1.5,729626597,4108940746,11126,1,1509113
474,1574591065.134348,192.168.1.4,192.168.1.5,729637723,4108940746,15810,1,1524923
475,1574591065.209041,192.168.1.5,192.168.1.4,4108940746,729653533,112,0,1524811
476,1574591065.231906,192.168.1.4,192.168.1.5,729653533,4108940858,2070,1,1526881
477,1574591065.232313,192.168.1.4,192.168.1.5,729655603,4108940858,2070,1,1528951
478,1574591065.232576,192.168.1.4,192.168.1.5,729657673,4108940858,2070,1,1531021
479,1574591065.232801,192.168.1.4,192.168.1.5,729659743,4108940858,2070,1,1533091
480,1574591065.232828,192.168.1.4,192.168.1.5,729661813,4108940858,2070,1,1535161
481,1574591065.232952,192.168.1.4,192.168.1.5,729663883,4108940858,2070,1,1537231
482,1574591065.236687,192.168.1.4,192.168.1.5,729665953,4108940858,14480,1,1551711
483,1574591065.236778,192.168.1.4,192.168.1.5,729680433,4108940858,1926,1,1553637
484,1574591065.236791,192.168.1.4,192.168.1.5,729682359,4108940858,16406,1,1570043
485,1574591065.236805,192.168.1.4,192.168.1.5,729698765,4108940858,1602,1,1571645
486,1574591065.237582,192.168.1.4,192.168.1.5,729700367,4108940858,2160,1,1573805
487,1574591065.238157,192.168.1.4,192.168.1.5,729702527,4108940858,2070,1,1575875
488,1574591065.2384,192.168.1.4,192.168.1.5,729704597,4108940858,2070,1,1577945
489,1574591065.245335,192.168.1.4,192.168.1.5,2314274060,690531368,91,1,1578036
490,1574591065.24536,192.168.1.4,192.168.1.5,2465225747,2088280260,91,1,1578127
491,1574591065.245455,192.168.1.4,192.168.1.5,2465225838,2088280260,24,1,1578151
492,1574591065.246619,192.168.1.4,192.168.1.5,2314274151,690531369,24,1,1578175
493,1574591065.252218,192.168.1.4,192.168.1.5,729706667,4108940858,16406,1,1594581
494,1574591065.252281,192.168.1.4,192.168.1.5,729723073,4108940858,16406,1,1610987
495,1574591065.252357,192.168.1.4,192.168.1.5,729739479,4108940858,1954,1,1612941
496,1574591065.252478,192.168.1.4,192.168.1.5,729741433,4108940858,68,1,1613009
497,1574591065.252636,192.168.1.4,192.168.1.5,729741501,4108940858,56,1,1613065
498,1574591065.354271,192.168.1.5,192.168.1.4,4108940858,729741557,111,0,1612954
499,1574591065.374988,192.168.1.4,192.168.1.5,729741557,4108940969,2070,1,1615024
500,1574591065.375049,192.168.1.4,192.168.1.5,729743627,4108940969,2070,1,1617094
501,1574591065.38487,192.168.1.4,192.168.1.5,729745697,4108940969,16406,1,1633500
502,1574591065.384985,192.168.1.4,192.168.1.5,729762103,4108940969,16406,1,1649906
503,1574591065.385027,192.168.1.4,192.168.1.5,729778509,4108940969,1331,1,1651237
504,1574591065.385259,192.168.1.4,192.168.1.5,729779840,4108940969,2070,1,1653307
505,1574591065.385286,192.168.1.4,192.168.1.5,729781910,4108940969,2070,1,1655377
506,1574591065.405879,192.168.1.4,192.168.1.5,729783980,4108940969,16406,1,1671783
507,1574591065.405971,192.168.1.4,192.168.1.5,729800386,4108940969,16406,1,1688189
508,1574591065.406125,192.168.1.4,192.168.1.5,729816792,4108940969,1430,1,1689619
509,1574591065.406195,192.168.1.4,192.168.1.5,729818222,4108940969,2070,1,1691689
510,1574591065.406279,192.168.1.4,192.168.1.5,729820292,4108940969,2070,1,1693759
511,1574591065.450261,192.168.1.4,192.168.1.5,729822362,4108940969,7087,1,1700846
512,1574591065.476334,192.168.1.5,192.168.1.4,1453966536,339914530,296,0,1700550
513,1574591065.478323,192.168.1.5,192.168.1.4,1453966832,339914530,270,0,1700280
514,1574591065.499322,192.168.1.4,192.168.1.5,3069016905,1095108363,91,1,1700371
515,1574591065.499354,192.168.1.4,192.168.1.5,380381268,1084811328,91,1,1700462
516,1574591065.499555,192.168.1.4,192.168.1.5,380381359,1084811328,24,1,1700486
517,1574591065.500767,192.168.1.4,192.168.1.5,3069016996,1095108364,24,1,1700510
518,1574591065.501596,192.168.1.4,192.168.1.5,339914530,1453967102,298,1,1700808
519,1574591065.507347,192.168.1.4,192.168.1.5,339914828,1453967102,179,1,1700987
520,1574591065.639942,192.168.1.5,192.168.1.4,3894657212,688667737,98,0,1700889
521,1574591065.662279,192.168.1.4,192.168.1.5,688667737,3894657310,2070,1,1702959
522,1574591065.662336,192.168.1.4,192.168.1.5,688669807,3894657310,2070,1,1705029
523,1574591065.710175,192.168.1.4,192.168.1.5,688671877,3894657310,1698,1,1706727
524,1574591065.721356,192.168.1.5,192.168.1.4,1453967102,339915007,144,0,1706583
525,1574591065.722096,192.168.1.5,192.168.1.4,1453967246,339915007,2896,0,1703687
526,1574591065.722172,192.168.1.5,192.168.1.4,1453970142,339915007,9,0,1703678
527,1574591065.722272,192.168.1.5,192.168.1.4,1453970151,339915007,401,0,1703277
528,1574591065.731185,192.168.1.5,192.168.1.4,1453970552,339915007,90,0,1703187
529,1574591065.731967,192.168.1.5,192.168.1.4,1453970642,339915007,2280,0,1700907
530,1574591065.743393,192.168.1.4,192.168.1.5,339915007,1453972922,57,1,1700964
531,1574591065.75184,192.168.1.4,192.168.1.5,339915064,1453972922,57,1,1701021
532,1574591065.793254,192.168.1.4,192.168.1.5,339915121,1453972922,291,1,1701312
533,1574591065.820816,192.168.1.4,192.168.1.5,339915412,1453972922,166,1,1701478
