index,time,src_ip,dst_ip,tcp_seq,tcp_ack,tcp_len,direction,cumul_sum
1,1574591101.317262,192.168.1.5,192.168.1.4,2488506921,3839065453,24,0,-24
2,1574591101.318253,192.168.1.4,192.168.1.5,3839065453,2488506945,24,1,0
3,1574591101.53459,192.168.1.4,192.168.1.5,671959233,1300627168,91,1,91
4,1574591101.534637,192.168.1.4,192.168.1.5,671959324,1300627168,24,1,115
5,1574591105.010529,192.168.1.5,192.168.1.4,3442388687,3735656787,343,0,-228
6,1574591105.011114,192.168.1.4,192.168.1.5,3735656787,3442389030,99,1,-129
7,1574591105.011873,192.168.1.5,192.168.1.4,3442389030,3735656886,382,0,-511
8,1574591105.031334,192.168.1.4,192.168.1.5,3735656886,3442389412,2266,1,1755
9,1574591105.032196,192.168.1.5,192.168.1.4,3442389412,3735659152,74,0,1681
10,1574591105.032353,192.168.1.5,192.168.1.4,3442389486,3735659152,245,0,1436
11,1574591105.032644,192.168.1.4,192.168.1.5,3735659152,3442389731,79,1,1515
12,1574591105.032772,192.168.1.4,192.168.1.5,3735659231,3442389731,79,1,1594
13,1574591105.183224,192.168.1.5,192.168.1.4,4256222736,2667802353,343,0,1251
14,1574591105.183908,192.168.1.4,192.168.1.5,2667802353,4256223079,99,1,1350
15,1574591105.184233,192.168.1.5,192.168.1.4,4256223079,2667802452,382,0,968
16,1574591105.186247,192.168.1.5,192.168.1.4,2225530456,4247668133,343,0,625
17,1574591105.190923,192.168.1.4,192.168.1.5,4247668133,2225530799,99,1,724
18,1574591105.191216,192.168.1.5,192.168.1.4,2225530799,4247668232,382,0,342
19,1574591105.215182,192.168.1.4,192.168.1.5,2667802452,4256223461,2266,1,2608
20,1574591105.216423,192.168.1.5,192.168.1.4,4256223461,2667804718,74,0,2534
21,1574591105.216955,192.168.1.5,192.168.1.4,4256223535,2667804718,239,0,2295
22,1574591105.219067,192.168.1.4,192.168.1.5,2667804718,4256223774,79,1,2374
23,1574591105.219682,192.168.1.4,192.168.1.5,2667804797,4256223774,79,1,2453
24,1574591105.221805,192.168.1.4,192.168.1.5,4247668232,2225531181,2266,1,4719
25,1574591105.222647,192.168.1.5,192.168.1.4,2225531181,4247670498,74,0,4645
26,1574591105.22276,192.168.1.5,192.168.1.4,2225531255,4247670498,239,0,4406
27,1574591105.223032,192.168.1.4,192.168.1.5,4247670498,2225531494,79,1,4485
28,1574591105.223125,192.168.1.4,192.168.1.5,4247670577,2225531494,79,1,4564
29,1574591105.921739,192.168.1.4,192.168.1.5,3735659310,3442389731,91,1,4655
30,1574591105.922458,192.168.1.5,192.168.1.4,3442389731,3735659401,539,0,4116
31,1574591105.966802,192.168.1.4,192.168.1.5,3735659401,3442390270,2070,1,6186
32,1574591106.010358,192.168.1.4,192.168.1.5,3735661471,3442390270,1018,1,7204
33,1574591106.021652,192.168.1.5,192.168.1.4,3442390270,3735662489,86,0,7118
34,1574591106.022241,192.168.1.5,192.168.1.4,3442390356,3735662489,108,0,7010
35,1574591106.022677,192.168.1.5,192.168.1.4,3442390464,3735662489,321,0,6689
36,1574591106.022841,192.168.1.5,192.168.1.4,3442390785,3735662489,54,0,6635
37,1574591106.121845,192.168.1.4,192.168.1.5,3735662489,3442390839,1923,1,8558
38,1574591106.124726,192.168.1.5,192.168.1.4,3442390839,3735664412,53,0,8505
39,1574591106.125381,192.168.1.5,192.168.1.4,3442390892,3735664412,61,0,8444
40,1574591106.276542,192.168.1.4,192.168.1.5,2667804876,4256223774,91,1,8535
41,1574591106.277364,192.168.1.5,192.168.1.4,4256223774,2667804967,539,0,7996
42,1574591106.303187,192.168.1.4,192.168.1.5,2667804967,4256224313,1410,1,9406
43,1574591106.346605,192.168.1.4,192.168.1.5,2667806377,4256224313,1780,1,11186
44,1574591106.354474,192.168.1.5,192.168.1.4,4256224313,2667808157,86,0,11100
45,1574591106.354757,192.168.1.5,192.168.1.4,4256224399,2667808157,108,0,10992
46,1574591106.355191,192.168.1.5,192.168.1.4,4256224507,2667808157,385,0,10607
47,1574591106.373501,192.168.1.4,192.168.1.5,2667808157,4256224892,305,1,10912
48,1574591106.373877,192.168.1.5,192.168.1.4,4256224892,2667808462,53,0,10859
49,1574591106.377948,192.168.1.4,192.168.1.5,2667808462,4256224945,57,1,10916
50,1574591106.387447,192.168.1.4,192.168.1.5,4247670656,2225531494,91,1,11007
51,1574591106.388113,192.168.1.5,192.168.1.4,2225531494,4247670747,539,0,10468
52,1574591106.411995,192.168.1.4,192.168.1.5,4247670747,2225532033,234,1,10702
53,1574591106.417666,192.168.1.5,192.168.1.4,2225532033,4247670981,86,0,10616
54,1574591106.42888,192.168.1.4,192.168.1.5,2667808519,4256224945,874,1,11490
55,1574591106.434075,192.168.1.5,192.168.1.4,4256224945,2667809393,111,0,11379
56,1574591106.441939,192.168.1.4,192.168.1.5,4247670981,2225532119,260,1,11639
57,1574591106.456598,192.168.1.4,192.168.1.5,2667809393,4256225056,57,1,11696
58,1574591106.545966,192.168.1.4,192.168.1.5,2667809450,4256225056,1410,1,13106
59,1574591106.548717,192.168.1.4,192.168.1.5,2667810860,4256225056,2896,1,16002
60,1574591106.548976,192.168.1.4,192.168.1.5,2667813756,4256225056,5318,1,21320
61,1574591106.591323,192.168.1.4,192.168.1.5,2667819074,4256225056,13376,1,34696
62,1574591106.617709,192.168.1.5,192.168.1.4,311518583,2782740945,343,0,34353
63,1574591106.6182,192.168.1.4,192.168.1.5,2782740945,311518926,99,1,34452
64,1574591106.618493,192.168.1.5,192.168.1.4,311518926,2782741044,382,0,34070
65,1574591106.620521,192.168.1.5,192.168.1.4,2999144289,2112225290,343,0,33727
66,1574591106.62275,192.168.1.5,192.168.1.4,1394868205,872928217,343,0,33384
67,1574591106.623138,192.168.1.4,192.168.1.5,2112225290,2999144632,99,1,33483
68,1574591106.623467,192.168.1.5,192.168.1.4,2999144632,2112225389,382,0,33101
69,1574591106.626753,192.168.1.5,192.168.1.4,2778049681,3442376654,343,0,32758
70,1574591106.629714,192.168.1.5,192.168.1.4,735676117,2821736385,343,0,32415
71,1574591106.630029,192.168.1.4,192.168.1.5,872928217,1394868548,99,1,32514
72,1574591106.630455,192.168.1.5,192.168.1.4,1394868548,872928316,382,0,32132
73,1574591106.630634,192.168.1.4,192.168.1.5,3442376654,2778050024,99,1,32231
74,1574591106.630879,192.168.1.5,192.168.1.4,2778050024,3442376753,382,0,31849
75,1574591106.63369,192.168.1.5,192.168.1.4,2035335838,166284485,343,0,31506
76,1574591106.634968,192.168.1.4,192.168.1.5,2821736385,735676460,99,1,31605
77,1574591106.635268,192.168.1.5,192.168.1.4,735676460,2821736484,382,0,31223
78,1574591106.644466,192.168.1.5,192.168.1.4,1338294878,1391755822,343,0,30880
79,1574591106.64489,192.168.1.4,192.168.1.5,166284485,2035336181,99,1,30979
80,1574591106.645516,192.168.1.5,192.168.1.4,2035336181,166284584,382,0,30597
81,1574591106.670866,192.168.1.4,192.168.1.5,1391755822,1338295221,99,1,30696
82,1574591106.671246,192.168.1.5,192.168.1.4,1338295221,1391755921,382,0,30314
83,1574591106.689019,192.168.1.4,192.168.1.5,1391755921,1338295603,2266,1,32580
84,1574591106.690266,192.168.1.5,192.168.1.4,1338295603,1391758187,74,0,32506
85,1574591106.690407,192.168.1.5,192.168.1.4,1338295677,1391758187,231,0,32275
86,1574591106.691389,192.168.1.4,192.168.1.5,2782741044,311519308,2266,1,34541
87,1574591106.69285,192.168.1.5,192.168.1.4,311519308,2782743310,74,0,34467
88,1574591106.6931,192.168.1.5,192.168.1.4,311519382,2782743310,245,0,34222
89,1574591106.698631,192.168.1.4,192.168.1.5,2821736484,735676842,2266,1,36488
90,1574591106.700242,192.168.1.5,192.168.1.4,735676842,2821738750,74,0,36414
91,1574591106.700459,192.168.1.5,192.168.1.4,735676916,2821738750,245,0,36169
92,1574591106.704785,192.168.1.4,192.168.1.5,3442376753,2778050406,2266,1,38435
93,1574591106.705022,192.168.1.4,192.168.1.5,2782743310,311519627,79,1,38514
94,1574591106.705142,192.168.1.4,192.168.1.5,2782743389,311519627,79,1,38593
95,1574591106.707331,192.168.1.4,192.168.1.5,2112225389,2999145014,2266,1,40859
96,1574591106.708227,192.168.1.4,192.168.1.5,872928316,1394868930,2266,1,43125
97,1574591106.708543,192.168.1.4,192.168.1.5,1391758187,1338295908,79,1,43204
98,1574591106.708688,192.168.1.4,192.168.1.5,1391758266,1338295908,79,1,43283
99,1574591106.710082,192.168.1.5,192.168.1.4,2999145014,2112227655,74,0,43209
100,1574591106.710288,192.168.1.5,192.168.1.4,2999145088,2112227655,245,0,42964
101,1574591106.71123,192.168.1.5,192.168.1.4,1394868930,872930582,74,0,42890
102,1574591106.711622,192.168.1.4,192.168.1.5,2112227655,2999145333,79,1,42969
103,1574591106.711699,192.168.1.5,192.168.1.4,1394869004,872930582,245,0,42724
104,1574591106.711792,192.168.1.4,192.168.1.5,2112227734,2999145333,79,1,42803
105,1574591106.711934,192.168.1.5,192.168.1.4,2778050406,3442379019,74,0,42729
106,1574591106.712148,192.168.1.5,192.168.1.4,2778050480,3442379019,245,0,42484
107,1574591106.71258,192.168.1.4,192.168.1.5,3442379019,2778050725,79,1,42563
108,1574591106.722872,192.168.1.4,192.168.1.5,3442379098,2778050725,79,1,42642
109,1574591106.722891,192.168.1.4,192.168.1.5,872930582,1394869249,79,1,42721
110,1574591106.722899,192.168.1.4,192.168.1.5,872930661,1394869249,79,1,42800
111,1574591106.722905,192.168.1.4,192.168.1.5,166284584,2035336563,2266,1,45066
112,1574591106.722912,192.168.1.4,192.168.1.5,2821738750,735677161,79,1,45145
113,1574591106.722917,192.168.1.4,192.168.1.5,2821738829,735677161,79,1,45224
114,1574591106.72292,192.168.1.4,192.168.1.5,1391758266,1338295908,79,1,45303
115,1574591106.724714,192.168.1.5,192.168.1.4,2035336563,166286850,74,0,45229
116,1574591106.724873,192.168.1.5,192.168.1.4,2035336637,166286850,245,0,44984
117,1574591106.725372,192.168.1.4,192.168.1.5,166286850,2035336882,79,1,45063
118,1574591106.726212,192.168.1.4,192.168.1.5,166286929,2035336882,79,1,45142
119,1574591106.726228,192.168.1.4,192.168.1.5,872930661,1394869249,79,1,45221
120,1574591106.726264,192.168.1.4,192.168.1.5,3442379098,2778050725,79,1,45300
121,1574591106.726285,192.168.1.4,192.168.1.5,2112227734,2999145333,79,1,45379
122,1574591108.514663,192.168.1.4,192.168.1.5,2782743468,311519627,91,1,45470
123,1574591108.514783,192.168.1.4,192.168.1.5,872930740,1394869249,91,1,45561
124,1574591108.515165,192.168.1.4,192.168.1.5,166287008,2035336882,91,1,45652
125,1574591108.515358,192.168.1.4,192.168.1.5,3442379177,2778050725,91,1,45743
126,1574591108.515695,192.168.1.5,192.168.1.4,311519627,2782743559,539,0,45204
127,1574591108.516037,192.168.1.5,192.168.1.4,1394869249,872930831,539,0,44665
128,1574591108.516433,192.168.1.5,192.168.1.4,2035336882,166287099,539,0,44126
129,1574591108.516827,192.168.1.5,192.168.1.4,2778050725,3442379268,539,0,43587
130,1574591108.536859,192.168.1.4,192.168.1.5,166287099,2035337421,1410,1,44997
131,1574591108.538713,192.168.1.4,192.168.1.5,872930831,1394869788,2070,1,47067
132,1574591108.539197,192.168.1.4,192.168.1.5,2782743559,311520166,1410,1,48477
133,1574591108.544225,192.168.1.4,192.168.1.5,3442379268,2778051264,2070,1,50547
134,1574591108.580123,192.168.1.4,192.168.1.5,166288509,2035337421,1780,1,52327
135,1574591108.582213,192.168.1.5,192.168.1.4,2035337421,166290289,86,0,52241
136,1574591108.586114,192.168.1.4,192.168.1.5,2782744969,311520166,1779,1,54020
137,1574591108.586185,192.168.1.4,192.168.1.5,872932901,1394869788,1119,1,55139
138,1574591108.587455,192.168.1.5,192.168.1.4,1394869788,872934020,86,0,55053
139,1574591108.587533,192.168.1.4,192.168.1.5,3442381338,2778051264,1118,1,56171
140,1574591108.588829,192.168.1.5,192.168.1.4,311520166,2782746748,86,0,56085
141,1574591108.590123,192.168.1.5,192.168.1.4,2778051264,3442382456,86,0,55999
142,1574591108.59365,192.168.1.5,192.168.1.4,2035337507,166290289,108,0,55891
143,1574591108.594084,192.168.1.5,192.168.1.4,2778051350,3442382456,24,0,55867
144,1574591108.594281,192.168.1.5,192.168.1.4,311520252,2782746748,24,0,55843
145,1574591108.594665,192.168.1.5,192.168.1.4,1394869874,872934020,24,0,55819
146,1574591108.594686,192.168.1.4,192.168.1.5,2782746748,311520276,24,1,55843
147,1574591108.595964,192.168.1.4,192.168.1.5,872934020,1394869898,24,1,55867
148,1574591108.596948,192.168.1.4,192.168.1.5,3442382456,2778051374,24,1,55891
149,1574591108.602728,192.168.1.4,192.168.1.5,166290289,2035337615,274,1,56165
150,1574591108.614314,192.168.1.5,192.168.1.4,2035337615,166290563,338,0,55827
151,1574591108.61448,192.168.1.5,192.168.1.4,2035337953,166290563,122,0,55705
152,1574591108.614617,192.168.1.5,192.168.1.4,2035338075,166290563,122,0,55583
153,1574591108.614757,192.168.1.5,192.168.1.4,2035338197,166290563,122,0,55461
154,1574591108.614923,192.168.1.5,192.168.1.4,2035338319,166290563,53,0,55408
155,1574591108.614965,192.168.1.4,192.168.1.5,166290563,2035338319,53,1,55461
156,1574591108.615185,192.168.1.5,192.168.1.4,2035338372,166290616,121,0,55340
157,1574591108.615358,192.168.1.5,192.168.1.4,2035338493,166290616,122,0,55218
158,1574591108.615563,192.168.1.5,192.168.1.4,2035338615,166290616,121,0,55097
159,1574591108.615738,192.168.1.5,192.168.1.4,2035338736,166290616,120,0,54977
160,1574591108.635193,192.168.1.4,192.168.1.5,166290616,2035338856,96,1,55073
161,1574591108.64114,192.168.1.4,192.168.1.5,166290712,2035338856,13032,1,68105
162,1574591108.641473,192.168.1.4,192.168.1.5,166303744,2035338856,11584,1,79689
163,1574591108.641695,192.168.1.4,192.168.1.5,166315328,2035338856,8616,1,88305
164,1574591108.659855,192.168.1.4,192.168.1.5,2821738908,735677161,91,1,88396
165,1574591108.660224,192.168.1.4,192.168.1.5,166323944,2035338856,7240,1,95636
166,1574591108.660483,192.168.1.4,192.168.1.5,166331184,2035338856,9166,1,104802
167,1574591108.660569,192.168.1.4,192.168.1.5,166340350,2035338856,16406,1,121208
168,1574591108.66079,192.168.1.4,192.168.1.5,166356756,2035338856,211,1,121419
169,1574591108.666851,192.168.1.4,192.168.1.5,166356967,2035338856,16406,1,137825
170,1574591108.667248,192.168.1.4,192.168.1.5,166373373,2035338856,10136,1,147961
171,1574591108.667294,192.168.1.4,192.168.1.5,166383509,2035338856,6270,1,154231
172,1574591108.667712,192.168.1.4,192.168.1.5,166389779,2035338856,1575,1,155806
173,1574591108.693484,192.168.1.5,192.168.1.4,735677161,2821738999,539,0,155267
174,1574591108.699396,192.168.1.4,192.168.1.5,166391354,2035338856,16406,1,171673
175,1574591108.699573,192.168.1.4,192.168.1.5,166407760,2035338856,13032,1,184705
176,1574591108.700064,192.168.1.4,192.168.1.5,166420792,2035338856,3933,1,188638
177,1574591108.705478,192.168.1.4,192.168.1.5,166424725,2035338856,16406,1,205044
178,1574591108.705643,192.168.1.4,192.168.1.5,166441131,2035338856,14480,1,219524
179,1574591108.705866,192.168.1.4,192.168.1.5,166455611,2035338856,2696,1,222220
180,1574591108.714968,192.168.1.4,192.168.1.5,2821738999,735677700,234,1,222454
181,1574591108.732582,192.168.1.5,192.168.1.4,735677700,2821739233,86,0,222368
182,1574591108.746431,192.168.1.4,192.168.1.5,166458307,2035338856,16406,1,238774
183,1574591108.74652,192.168.1.4,192.168.1.5,166474713,2035338856,4588,1,243362
184,1574591108.751204,192.168.1.4,192.168.1.5,2821739233,735677786,186,1,243548
185,1574591108.793212,192.168.1.4,192.168.1.5,1391758345,1338295908,91,1,243639
186,1574591108.793238,192.168.1.4,192.168.1.5,2112227813,2999145333,91,1,243730
187,1574591108.794107,192.168.1.4,192.168.1.5,2821739419,735677786,96,1,243826
188,1574591108.809275,192.168.1.5,192.168.1.4,1338295908,1391758436,539,0,243287
189,1574591108.821912,192.168.1.5,192.168.1.4,2999145333,2112227904,539,0,242748
190,1574591108.83685,192.168.1.4,192.168.1.5,1391758436,1338296447,2070,1,244818
191,1574591108.847084,192.168.1.4,192.168.1.5,2112227904,2999145872,2070,1,246888
192,1574591108.878345,192.168.1.4,192.168.1.5,1391760506,1338296447,1121,1,248009
193,1574591108.885897,192.168.1.5,192.168.1.4,1338296447,1391761627,86,0,247923
194,1574591108.886276,192.168.1.5,192.168.1.4,1338296533,1391761627,108,0,247815
195,1574591108.887127,192.168.1.5,192.168.1.4,1338296641,1391761627,295,0,247520
196,1574591108.890268,192.168.1.4,192.168.1.5,2112229974,2999145872,1120,1,248640
197,1574591108.891446,192.168.1.5,192.168.1.4,2999145872,2112231094,86,0,248554
198,1574591108.939527,192.168.1.4,192.168.1.5,2112231094,2999145958,274,1,248828
199,1574591109.214048,192.168.1.5,192.168.1.4,2035338856,166479301,115,0,248713
200,1574591109.216934,192.168.1.5,192.168.1.4,2035338971,166479301,124,0,248589
201,1574591109.219277,192.168.1.5,192.168.1.4,2035339095,166479301,124,0,248465
202,1574591109.22232,192.168.1.5,192.168.1.4,2035339219,166479301,125,0,248340
203,1574591109.231223,192.168.1.5,192.168.1.4,2035339344,166479301,116,0,248224
204,1574591109.256377,192.168.1.5,192.168.1.4,1019095381,1932277573,343,0,247881
205,1574591109.257041,192.168.1.4,192.168.1.5,1932277573,1019095724,99,1,247980
206,1574591109.257349,192.168.1.5,192.168.1.4,1019095724,1932277672,382,0,247598
207,1574591109.273061,192.168.1.4,192.168.1.5,1932277672,1019096106,2266,1,249864
208,1574591109.273937,192.168.1.5,192.168.1.4,1019096106,1932279938,74,0,249790
209,1574591109.274166,192.168.1.5,192.168.1.4,1019096180,1932279938,245,0,249545
210,1574591109.274502,192.168.1.4,192.168.1.5,1932279938,1019096425,79,1,249624
211,1574591109.274596,192.168.1.4,192.168.1.5,1932280017,1019096425,79,1,249703
212,1574591109.431442,192.168.1.4,192.168.1.5,1391761627,1338296936,274,1,249977
213,1574591109.431467,192.168.1.4,192.168.1.5,166479301,2035339460,4118,1,254095
214,1574591109.437331,192.168.1.4,192.168.1.5,166483419,2035339460,14480,1,268575
215,1574591109.437578,192.168.1.4,192.168.1.5,166497899,2035339460,8688,1,277263
216,1574591109.439692,192.168.1.4,192.168.1.5,166506587,2035339460,11140,1,288403
217,1574591109.442248,192.168.1.4,192.168.1.5,166517727,2035339460,9738,1,298141
218,1574591109.442297,192.168.1.4,192.168.1.5,166527465,2035339460,1410,1,299551
219,1574591109.443093,192.168.1.4,192.168.1.5,166528875,2035339460,2798,1,302349
220,1574591109.444984,192.168.1.5,192.168.1.4,1338296936,1391761901,53,0,302296
221,1574591109.445678,192.168.1.4,192.168.1.5,1391761901,1338296989,66,1,302362
222,1574591109.445801,192.168.1.4,192.168.1.5,166531673,2035339460,5574,1,307936
223,1574591109.445991,192.168.1.4,192.168.1.5,166537247,2035339460,1410,1,309346
224,1574591109.446273,192.168.1.4,192.168.1.5,166538657,2035339460,1410,1,310756
225,1574591109.460075,192.168.1.4,192.168.1.5,166540067,2035339460,16406,1,327162
226,1574591109.460189,192.168.1.4,192.168.1.5,166556473,2035339460,11584,1,338746
227,1574591109.460377,192.168.1.4,192.168.1.5,166568057,2035339460,5593,1,344339
228,1574591109.461152,192.168.1.4,192.168.1.5,166573650,2035339460,2798,1,347137
229,1574591109.466565,192.168.1.4,192.168.1.5,166576448,2035339460,9774,1,356911
230,1574591109.466591,192.168.1.4,192.168.1.5,166586222,2035339460,1410,1,358321
231,1574591109.467217,192.168.1.4,192.168.1.5,166587632,2035339460,2798,1,361119
232,1574591109.468168,192.168.1.4,192.168.1.5,166590430,2035339460,2798,1,363917
233,1574591109.468831,192.168.1.4,192.168.1.5,166593228,2035339460,1410,1,365327
234,1574591109.46942,192.168.1.4,192.168.1.5,166594638,2035339460,1410,1,366737
235,1574591109.510252,192.168.1.4,192.168.1.5,166596048,2035339460,6962,1,373699
236,1574591109.517742,192.168.1.4,192.168.1.5,1391761967,1338296989,984,1,374683
237,1574591109.540289,192.168.1.4,192.168.1.5,166603010,2035339460,16406,1,391089
238,1574591109.540375,192.168.1.4,192.168.1.5,166619416,2035339460,15928,1,407017
239,1574591109.540626,192.168.1.4,192.168.1.5,166635344,2035339460,7984,1,415001
240,1574591109.541301,192.168.1.4,192.168.1.5,166643328,2035339460,2798,1,417799
241,1574591109.545935,192.168.1.4,192.168.1.5,166646126,2035339460,11126,1,428925
242,1574591109.558007,192.168.1.4,192.168.1.5,166657252,2035339460,6962,1,435887
243,1574591109.559277,192.168.1.4,192.168.1.5,166664214,2035339460,2798,1,438685
244,1574591109.55956,192.168.1.4,192.168.1.5,166667012,2035339460,1527,1,440212
245,1574591109.56177,192.168.1.4,192.168.1.5,166668539,2035339460,4243,1,444455
246,1574591109.571244,192.168.1.4,192.168.1.5,166672782,2035339460,13902,1,458357
247,1574591109.571316,192.168.1.4,192.168.1.5,166686684,2035339460,2798,1,461155
248,1574591109.574963,192.168.1.4,192.168.1.5,166689482,2035339460,8157,1,469312
249,1574591109.582653,192.168.1.4,192.168.1.5,166697639,2035339460,8407,1,477719
250,1574591109.588041,192.168.1.4,192.168.1.5,166706046,2035339460,11126,1,488845
251,1574591109.597223,192.168.1.4,192.168.1.5,166717172,2035339460,11126,1,499971
252,1574591109.597285,192.168.1.4,192.168.1.5,166728298,2035339460,1410,1,501381
253,1574591109.599498,192.168.1.4,192.168.1.5,166729708,2035339460,3851,1,505232
254,1574591109.606488,192.168.1.5,192.168.1.4,926540312,3044279432,343,0,504889
255,1574591109.607221,192.168.1.4,192.168.1.5,3044279432,926540655,99,1,504988
256,1574591109.607503,192.168.1.5,192.168.1.4,926540655,3044279531,382,0,504606
257,1574591109.623129,192.168.1.4,192.168.1.5,3044279531,926541037,2266,1,506872
258,1574591109.62404,192.168.1.5,192.168.1.4,926541037,3044281797,74,0,506798
259,1574591109.624183,192.168.1.5,192.168.1.4,926541111,3044281797,245,0,506553
260,1574591109.624453,192.168.1.4,192.168.1.5,3044281797,926541356,79,1,506632
261,1574591109.624612,192.168.1.4,192.168.1.5,3044281876,926541356,79,1,506711
262,1574591109.823957,192.168.1.5,192.168.1.4,2035339460,166733559,124,0,506587
263,1574591109.830628,192.168.1.5,192.168.1.4,2035339584,166733559,125,0,506462
264,1574591109.83295,192.168.1.5,192.168.1.4,2035339709,166733559,124,0,506338
265,1574591109.835147,192.168.1.5,192.168.1.4,2035339833,166733559,124,0,506214
266,1574591109.837643,192.168.1.5,192.168.1.4,2035339957,166733559,125,0,506089
267,1574591109.840255,192.168.1.5,192.168.1.4,2035340082,166733559,116,0,505973
268,1574591109.842446,192.168.1.5,192.168.1.4,2035340198,166733559,123,0,505850
269,1574591109.845505,192.168.1.5,192.168.1.4,2035340321,166733559,124,0,505726
270,1574591109.847726,192.168.1.5,192.168.1.4,2035340445,166733559,124,0,505602
271,1574591109.849934,192.168.1.5,192.168.1.4,2035340569,166733559,124,0,505478
272,1574591109.852416,192.168.1.5,192.168.1.4,2035340693,166733559,124,0,505354
273,1574591109.854758,192.168.1.5,192.168.1.4,2035340817,166733559,115,0,505239
274,1574591109.857032,192.168.1.5,192.168.1.4,2035340932,166733559,116,0,505123
275,1574591109.85909,192.168.1.5,192.168.1.4,2035341048,166733559,116,0,505007
276,1574591109.860655,192.168.1.4,192.168.1.5,166733559,2035341164,1648,1,506655
277,1574591109.861806,192.168.1.4,192.168.1.5,166735207,2035341164,2798,1,509453
278,1574591109.863867,192.168.1.4,192.168.1.5,166738005,2035341164,4186,1,513639
279,1574591109.865186,192.168.1.5,192.168.1.4,2035341164,166742191,116,0,513523
280,1574591109.867131,192.168.1.4,192.168.1.5,166742191,2035341280,2070,1,515593
281,1574591109.867776,192.168.1.5,192.168.1.4,2035341280,166744261,116,0,515477
282,1574591109.868337,192.168.1.4,192.168.1.5,166744261,2035341396,2138,1,517615
283,1574591109.870514,192.168.1.5,192.168.1.4,2035341396,166746399,124,0,517491
284,1574591109.870925,192.168.1.4,192.168.1.5,166746399,2035341520,4186,1,521677
285,1574591109.879733,192.168.1.5,192.168.1.4,2035341520,166750585,116,0,521561
286,1574591109.880178,192.168.1.4,192.168.1.5,166750585,2035341636,10727,1,532288
287,1574591109.884227,192.168.1.5,192.168.1.4,2035341636,166761312,116,0,532172
288,1574591109.887168,192.168.1.4,192.168.1.5,166761312,2035341752,2070,1,534242
289,1574591109.889176,192.168.1.5,192.168.1.4,2035341752,166763382,124,0,534118
290,1574591109.889503,192.168.1.4,192.168.1.5,166763382,2035341876,2387,1,536505
291,1574591109.894778,192.168.1.5,192.168.1.4,2035341876,166765769,116,0,536389
292,1574591109.896891,192.168.1.5,192.168.1.4,2035341992,166765769,124,0,536265
293,1574591109.941843,192.168.1.4,192.168.1.5,166765769,2035342116,1410,1,537675
294,1574591109.969038,192.168.1.4,192.168.1.5,166767179,2035342116,16406,1,554081
295,1574591109.969187,192.168.1.4,192.168.1.5,166783585,2035342116,10136,1,564217
296,1574591109.969417,192.168.1.4,192.168.1.5,166793721,2035342116,7778,1,571995
297,1574591110.01058,192.168.1.4,192.168.1.5,166801499,2035342116,16406,1,588401
298,1574591110.010763,192.168.1.4,192.168.1.5,166817905,2035342116,2296,1,590697
299,1574591110.075697,192.168.1.4,192.168.1.5,166820201,2035342116,2070,1,592767
300,1574591110.076125,192.168.1.4,192.168.1.5,166822271,2035342116,2070,1,594837
301,1574591110.083145,192.168.1.4,192.168.1.5,166824341,2035342116,15928,1,610765
302,1574591110.083428,192.168.1.4,192.168.1.5,166840269,2035342116,478,1,611243
303,1574591110.083509,192.168.1.4,192.168.1.5,166840747,2035342116,15928,1,627171
304,1574591110.08388,192.168.1.4,192.168.1.5,166856675,2035342116,478,1,627649
305,1574591110.084211,192.168.1.4,192.168.1.5,166857153,2035342116,8072,1,635721
306,1574591110.09016,192.168.1.4,192.168.1.5,166865225,2035342116,2070,1,637791
307,1574591110.09161,192.168.1.4,192.168.1.5,166867295,2035342116,16406,1,654197
308,1574591110.091843,192.168.1.4,192.168.1.5,166883701,2035342116,10136,1,664333
309,1574591110.092042,192.168.1.4,192.168.1.5,166893837,2035342116,6270,1,670603
310,1574591110.092172,192.168.1.4,192.168.1.5,166900107,2035342116,7240,1,677843
311,1574591110.09224,192.168.1.4,192.168.1.5,166907347,2035342116,18824,1,696667
312,1574591110.092376,192.168.1.4,192.168.1.5,166926171,2035342116,2896,1,699563
313,1574591110.092511,192.168.1.4,192.168.1.5,166929067,2035342116,7240,1,706803
314,1574591110.092748,192.168.1.4,192.168.1.5,166936307,2035342116,7240,1,714043
315,1574591110.092846,192.168.1.4,192.168.1.5,166943547,2035342116,22184,1,736227
316,1574591110.092894,192.168.1.4,192.168.1.5,166965731,2035342116,5792,1,742019
317,1574591110.094393,192.168.1.4,192.168.1.5,166971523,2035342116,1448,1,743467
318,1574591110.094449,192.168.1.4,192.168.1.5,166972971,2035342116,8688,1,752155
319,1574591110.09474,192.168.1.4,192.168.1.5,166981659,2035342116,129,1,752284
320,1574591110.098733,192.168.1.4,192.168.1.5,166981788,2035342116,8350,1,760634
321,1574591110.101991,192.168.1.4,192.168.1.5,166990138,2035342116,4186,1,764820
322,1574591110.104618,192.168.1.4,192.168.1.5,166994324,2035342116,1410,1,766230
323,1574591110.16477,192.168.1.4,192.168.1.5,166995734,2035342116,4186,1,770416
324,1574591110.167901,192.168.1.4,192.168.1.5,166999920,2035342116,14480,1,784896
325,1574591110.168199,192.168.1.4,192.168.1.5,167014400,2035342116,1926,1,786822
326,1574591110.168262,192.168.1.4,192.168.1.5,167016326,2035342116,11584,1,798406
327,1574591110.173438,192.168.1.4,192.168.1.5,167027910,2035342116,2774,1,801180
328,1574591110.213429,192.168.1.4,192.168.1.5,167030684,2035342116,16406,1,817586
329,1574591110.213537,192.168.1.4,192.168.1.5,167047090,2035342116,16406,1,833992
330,1574591110.21357,192.168.1.4,192.168.1.5,167063496,2035342116,90,1,834082
331,1574591110.21401,192.168.1.4,192.168.1.5,167063586,2035342116,4118,1,838200
332,1574591110.254166,192.168.1.4,192.168.1.5,167067704,2035342116,16406,1,854606
333,1574591110.254274,192.168.1.4,192.168.1.5,167084110,2035342116,16406,1,871012
334,1574591110.254455,192.168.1.4,192.168.1.5,167100516,2035342116,5792,1,876804
335,1574591110.25447,192.168.1.4,192.168.1.5,167106308,2035342116,10614,1,887418
336,1574591110.254506,192.168.1.4,192.168.1.5,167116922,2035342116,13331,1,900749
337,1574591110.298295,192.168.1.4,192.168.1.5,167130253,2035342116,16406,1,917155
338,1574591110.298386,192.168.1.4,192.168.1.5,167146659,2035342116,16406,1,933561
339,1574591110.298447,192.168.1.4,192.168.1.5,167163065,2035342116,8688,1,942249
340,1574591110.303439,192.168.1.4,192.168.1.5,167171753,2035342116,15496,1,957745
341,1574591110.354922,192.168.1.4,192.168.1.5,167187249,2035342116,2070,1,959815
342,1574591110.354997,192.168.1.4,192.168.1.5,167189319,2035342116,1448,1,961263
343,1574591110.356245,192.168.1.4,192.168.1.5,167190767,2035342116,622,1,961885
344,1574591110.392665,192.168.1.4,192.168.1.5,167191389,2035342116,16406,1,978291
345,1574591110.392769,192.168.1.4,192.168.1.5,167207795,2035342116,16406,1,994697
346,1574591110.392848,192.168.1.4,192.168.1.5,167224201,2035342116,11584,1,1006281
347,1574591110.39291,192.168.1.4,192.168.1.5,167235785,2035342116,18824,1,1025105
348,1574591110.392987,192.168.1.4,192.168.1.5,167254609,2035342116,3514,1,1028619
349,1574591110.393149,192.168.1.4,192.168.1.5,167258123,2035342116,2888,1,1031507
350,1574591110.3937,192.168.1.4,192.168.1.5,167261011,2035342116,2070,1,1033577
351,1574591110.39383,192.168.1.4,192.168.1.5,167263081,2035342116,2070,1,1035647
352,1574591110.408363,192.168.1.4,192.168.1.5,167265151,2035342116,16406,1,1052053
353,1574591110.408489,192.168.1.4,192.168.1.5,167281557,2035342116,16406,1,1068459
354,1574591110.408542,192.168.1.4,192.168.1.5,167297963,2035342116,7240,1,1075699
355,1574591110.408697,192.168.1.4,192.168.1.5,167305203,2035342116,8688,1,1084387
356,1574591110.408708,192.168.1.4,192.168.1.5,167313891,2035342116,478,1,1084865
357,1574591110.408743,192.168.1.4,192.168.1.5,167314369,2035342116,16353,1,1101218
358,1574591110.408843,192.168.1.4,192.168.1.5,167330722,2035342116,1231,1,1102449
359,1574591110.409824,192.168.1.4,192.168.1.5,167331953,2035342116,2070,1,1104519
360,1574591110.409856,192.168.1.4,192.168.1.5,167334023,2035342116,750,1,1105269
361,1574591110.411559,192.168.1.4,192.168.1.5,167334773,2035342116,2070,1,1107339
362,1574591110.411602,192.168.1.4,192.168.1.5,167336843,2035342116,750,1,1108089
363,1574591110.415753,192.168.1.4,192.168.1.5,167337593,2035342116,2070,1,1110159
364,1574591110.415804,192.168.1.4,192.168.1.5,167339663,2035342116,1791,1,1111950
365,1574591110.417862,192.168.1.4,192.168.1.5,167341454,2035342116,1410,1,1113360
366,1574591110.423466,192.168.1.4,192.168.1.5,167342864,2035342116,2070,1,1115430
367,1574591110.42349,192.168.1.4,192.168.1.5,167344934,2035342116,1496,1,1116926
368,1574591110.473166,192.168.1.4,192.168.1.5,167346430,2035342116,2070,1,1118996
369,1574591110.473224,192.168.1.4,192.168.1.5,167348500,2035342116,2070,1,1121066
370,1574591110.514292,192.168.1.4,192.168.1.5,167350570,2035342116,14480,1,1135546
371,1574591110.514441,192.168.1.4,192.168.1.5,167365050,2035342116,1926,1,1137472
372,1574591110.514455,192.168.1.4,192.168.1.5,167366976,2035342116,16406,1,1153878
373,1574591110.514502,192.168.1.4,192.168.1.5,167383382,2035342116,16406,1,1170284
374,1574591110.514799,192.168.1.4,192.168.1.5,167399788,2035342116,8688,1,1178972
375,1574591110.514898,192.168.1.4,192.168.1.5,167408476,2035342116,4271,1,1183243
376,1574591111.081679,192.168.1.5,192.168.1.4,3122261039,2456973764,343,0,1182900
377,1574591111.082221,192.168.1.4,192.168.1.5,2456973764,3122261382,99,1,1182999
378,1574591111.082861,192.168.1.5,192.168.1.4,3122261382,2456973863,382,0,1182617
379,1574591111.098765,192.168.1.4,192.168.1.5,2456973863,3122261764,2266,1,1184883
380,1574591111.10009,192.168.1.5,192.168.1.4,3122261764,2456976129,74,0,1184809
381,1574591111.100253,192.168.1.5,192.168.1.4,3122261838,2456976129,245,0,1184564
382,1574591111.100472,192.168.1.4,192.168.1.5,2456976129,3122262083,79,1,1184643
383,1574591111.100847,192.168.1.4,192.168.1.5,2456976208,3122262083,79,1,1184722
384,1574591112.157636,192.168.1.4,192.168.1.5,1932280096,1019096425,91,1,1184813
385,1574591112.158404,192.168.1.5,192.168.1.4,1019096425,1932280187,539,0,1184274
386,1574591112.183001,192.168.1.4,192.168.1.5,1932280187,1019096964,2070,1,1186344
387,1574591112.226421,192.168.1.4,192.168.1.5,1932282257,1019096964,1121,1,1187465
388,1574591112.2288,192.168.1.5,192.168.1.4,1019096964,1932283378,86,0,1187379
389,1574591112.233406,192.168.1.5,192.168.1.4,926541356,3044281955,24,0,1187355
390,1574591112.233731,192.168.1.5,192.168.1.4,3122262083,2456976287,24,0,1187331
391,1574591112.234038,192.168.1.5,192.168.1.4,1019097050,1932283378,108,0,1187223
392,1574591112.235872,192.168.1.5,192.168.1.4,1019097158,1932283378,356,0,1186867
393,1574591112.237082,192.168.1.5,192.168.1.4,1019097514,1932283378,100,0,1186767
394,1574591112.237297,192.168.1.5,192.168.1.4,1019097614,1932283378,121,0,1186646
395,1574591112.250753,192.168.1.4,192.168.1.5,1932283378,1019097735,274,1,1186920
396,1574591112.251182,192.168.1.5,192.168.1.4,1019097735,1932283652,53,0,1186867
397,1574591112.260533,192.168.1.4,192.168.1.5,1932283652,1019097788,2070,1,1188937
398,1574591112.264962,192.168.1.4,192.168.1.5,1932285722,1019097788,14480,1,1203417
399,1574591112.265531,192.168.1.4,192.168.1.5,1932300202,1019097788,17376,1,1220793
400,1574591112.265694,192.168.1.4,192.168.1.5,1932317578,1019097788,3346,1,1224139
401,1574591112.358252,192.168.1.5,192.168.1.4,1019097788,1932320924,98,0,1224041
402,1574591112.382949,192.168.1.4,192.168.1.5,1932320924,1019097886,5771,1,1229812
403,1574591112.450312,192.168.1.5,192.168.1.4,4256225056,2667832450,213,0,1229599
404,1574591112.450855,192.168.1.5,192.168.1.4,4256225269,2667832450,2800,0,1226799
405,1574591112.468896,192.168.1.5,192.168.1.4,4256228069,2667832450,89,0,1226710
406,1574591112.469577,192.168.1.5,192.168.1.4,4256228158,2667832450,2284,0,1224426
407,1574591112.47053,192.168.1.4,192.168.1.5,2667832450,4256230442,57,1,1224483
408,1574591112.490724,192.168.1.4,192.168.1.5,2667832507,4256230442,57,1,1224540
409,1574591112.519504,192.168.1.4,192.168.1.5,2667832564,4256230442,314,1,1224854
410,1574591112.53836,192.168.1.4,192.168.1.5,2667832878,4256230442,166,1,1225020
411,1574591113.223475,192.168.1.4,192.168.1.5,3044281955,926541380,91,1,1225111
412,1574591113.223526,192.168.1.4,192.168.1.5,3044282046,926541380,24,1,1225135
