index,time,src_ip,dst_ip,tcp_seq,tcp_ack,tcp_len,direction,cumul_sum
1,1574591175.889267,192.168.1.5,192.168.1.4,2036121679,1120866193,343,0,-343
2,1574591175.89018,192.168.1.4,192.168.1.5,1120866193,2036122022,99,1,-244
3,1574591175.890777,192.168.1.5,192.168.1.4,2036122022,1120866292,382,0,-626
4,1574591175.904594,192.168.1.4,192.168.1.5,1120866292,2036122404,2266,1,1640
5,1574591175.90545,192.168.1.5,192.168.1.4,2036122404,1120868558,74,0,1566
6,1574591175.905607,192.168.1.5,192.168.1.4,2036122478,1120868558,245,0,1321
7,1574591175.90583,192.168.1.4,192.168.1.5,1120868558,2036122723,79,1,1400
8,1574591175.905893,192.168.1.4,192.168.1.5,1120868637,2036122723,79,1,1479
9,1574591176.050649,192.168.1.5,192.168.1.4,3683246787,3551924694,343,0,1136
10,1574591176.051032,192.168.1.4,192.168.1.5,3551924694,3683247130,99,1,1235
11,1574591176.051484,192.168.1.5,192.168.1.4,3683247130,3551924793,382,0,853
12,1574591176.053608,192.168.1.5,192.168.1.4,3266613379,3945393128,343,0,510
13,1574591176.058861,192.168.1.4,192.168.1.5,3945393128,3266613722,99,1,609
14,1574591176.05925,192.168.1.5,192.168.1.4,3266613722,3945393227,382,0,227
15,1574591176.082405,192.168.1.4,192.168.1.5,3551924793,3683247512,2266,1,2493
16,1574591176.083125,192.168.1.4,192.168.1.5,3945393227,3266614104,2266,1,4759
17,1574591176.083585,192.168.1.5,192.168.1.4,3683247512,3551927059,74,0,4685
18,1574591176.083751,192.168.1.5,192.168.1.4,3683247586,3551927059,239,0,4446
19,1574591176.084062,192.168.1.4,192.168.1.5,3551927059,3683247825,79,1,4525
20,1574591176.08419,192.168.1.4,192.168.1.5,3551927138,3683247825,79,1,4604
21,1574591176.085762,192.168.1.5,192.168.1.4,3266614104,3945395493,74,0,4530
22,1574591176.085965,192.168.1.5,192.168.1.4,3266614178,3945395493,239,0,4291
23,1574591176.086282,192.168.1.4,192.168.1.5,3945395493,3266614417,79,1,4370
24,1574591176.086304,192.168.1.4,192.168.1.5,3945395572,3266614417,79,1,4449
25,1574591177.245016,192.168.1.4,192.168.1.5,1120868716,2036122723,91,1,4540
26,1574591177.246051,192.168.1.5,192.168.1.4,2036122723,1120868807,539,0,4001
27,1574591177.29642,192.168.1.4,192.168.1.5,1120868807,2036123262,2070,1,6071
28,1574591177.33854,192.168.1.4,192.168.1.5,1120870877,2036123262,1018,1,7089
29,1574591177.350968,192.168.1.5,192.168.1.4,2036123262,1120871895,86,0,7003
30,1574591177.351948,192.168.1.5,192.168.1.4,2036123348,1120871895,108,0,6895
31,1574591177.352417,192.168.1.5,192.168.1.4,2036123456,1120871895,321,0,6574
32,1574591177.352568,192.168.1.5,192.168.1.4,2036123777,1120871895,54,0,6520
33,1574591177.387567,192.168.1.4,192.168.1.5,1120871895,2036123831,586,1,7106
34,1574591177.388604,192.168.1.5,192.168.1.4,2036123831,1120872481,53,0,7053
35,1574591177.391583,192.168.1.4,192.168.1.5,1120872481,2036123884,53,1,7106
36,1574591177.434623,192.168.1.4,192.168.1.5,1120872534,2036123884,1294,1,8400
37,1574591177.439299,192.168.1.5,192.168.1.4,2036123884,1120873828,61,0,8339
38,1574591178.072799,192.168.1.4,192.168.1.5,3551927217,3683247825,91,1,8430
39,1574591178.073855,192.168.1.5,192.168.1.4,3683247825,3551927308,539,0,7891
40,1574591178.104024,192.168.1.4,192.168.1.5,3551927308,3683248364,2070,1,9961
41,1574591178.146544,192.168.1.4,192.168.1.5,3551929378,3683248364,1120,1,11081
42,1574591178.151716,192.168.1.5,192.168.1.4,3683248364,3551930498,86,0,10995
43,1574591178.152175,192.168.1.5,192.168.1.4,3683248450,3551930498,108,0,10887
44,1574591178.15315,192.168.1.5,192.168.1.4,3683248558,3551930498,385,0,10502
45,1574591178.172424,192.168.1.4,192.168.1.5,3551930498,3683248943,305,1,10807
46,1574591178.172747,192.168.1.5,192.168.1.4,3683248943,3551930803,53,0,10754
47,1574591178.175723,192.168.1.4,192.168.1.5,3551930803,3683248996,57,1,10811
48,1574591178.222234,192.168.1.4,192.168.1.5,3551930860,3683248996,875,1,11686
49,1574591178.2303,192.168.1.5,192.168.1.4,3683248996,3551931735,111,0,11575
50,1574591178.25106,192.168.1.4,192.168.1.5,3551931735,3683249107,57,1,11632
51,1574591178.336521,192.168.1.4,192.168.1.5,3551931792,3683249107,8688,1,20320
52,1574591178.336729,192.168.1.4,192.168.1.5,3551940480,3683249107,1574,1,21894
53,1574591178.378256,192.168.1.4,192.168.1.5,3551942054,3683249107,7240,1,29134
54,1574591178.381742,192.168.1.4,192.168.1.5,3551949294,3683249107,5976,1,35110
55,1574591178.396083,192.168.1.5,192.168.1.4,1789017339,1970419163,343,0,34767
56,1574591178.396386,192.168.1.4,192.168.1.5,1970419163,1789017682,99,1,34866
57,1574591178.396813,192.168.1.5,192.168.1.4,1789017682,1970419262,382,0,34484
58,1574591178.399067,192.168.1.5,192.168.1.4,4186117749,1778746682,343,0,34141
59,1574591178.402037,192.168.1.5,192.168.1.4,2263174872,2737217298,343,0,33798
60,1574591178.402467,192.168.1.4,192.168.1.5,1778746682,4186118092,99,1,33897
61,1574591178.402862,192.168.1.5,192.168.1.4,4186118092,1778746781,382,0,33515
62,1574591178.406015,192.168.1.5,192.168.1.4,3055130809,2786578689,343,0,33172
63,1574591178.406785,192.168.1.4,192.168.1.5,2737217298,2263175215,99,1,33271
64,1574591178.407038,192.168.1.5,192.168.1.4,2263175215,2737217397,382,0,32889
65,1574591178.409447,192.168.1.5,192.168.1.4,4258434718,161696700,343,0,32546
66,1574591178.410703,192.168.1.4,192.168.1.5,2786578689,3055131152,99,1,32645
67,1574591178.41099,192.168.1.5,192.168.1.4,3055131152,2786578788,382,0,32263
68,1574591178.412836,192.168.1.5,192.168.1.4,247353148,4172880024,343,0,31920
69,1574591178.418416,192.168.1.4,192.168.1.5,161696700,4258435061,99,1,32019
70,1574591178.418718,192.168.1.5,192.168.1.4,4258435061,161696799,382,0,31637
71,1574591178.419005,192.168.1.4,192.168.1.5,4172880024,247353491,99,1,31736
72,1574591178.419239,192.168.1.5,192.168.1.4,247353491,4172880123,382,0,31354
73,1574591178.421378,192.168.1.5,192.168.1.4,2979697359,1173671729,343,0,31011
74,1574591178.437181,192.168.1.4,192.168.1.5,2737217397,2263175597,2266,1,33277
75,1574591178.43782,192.168.1.4,192.168.1.5,1173671729,2979697702,99,1,33376
76,1574591178.438397,192.168.1.5,192.168.1.4,2263175597,2737219663,74,0,33302
77,1574591178.438509,192.168.1.5,192.168.1.4,2263175671,2737219663,245,0,33057
78,1574591178.439058,192.168.1.5,192.168.1.4,2979697702,1173671828,382,0,32675
79,1574591178.455684,192.168.1.4,192.168.1.5,1970419262,1789018064,2266,1,34941
80,1574591178.456947,192.168.1.5,192.168.1.4,1789018064,1970421528,74,0,34867
81,1574591178.457023,192.168.1.5,192.168.1.4,2263175671,2737219663,245,0,34622
82,1574591178.457138,192.168.1.5,192.168.1.4,1789018138,1970421528,245,0,34377
83,1574591178.461213,192.168.1.4,192.168.1.5,1778746781,4186118474,2266,1,36643
84,1574591178.461319,192.168.1.4,192.168.1.5,1970421528,1789018383,79,1,36722
85,1574591178.461653,192.168.1.4,192.168.1.5,1970421607,1789018383,79,1,36801
86,1574591178.463823,192.168.1.5,192.168.1.4,4186118474,1778749047,74,0,36727
87,1574591178.463927,192.168.1.5,192.168.1.4,4186118548,1778749047,245,0,36482
88,1574591178.46429,192.168.1.4,192.168.1.5,1778749047,4186118793,79,1,36561
89,1574591178.464347,192.168.1.4,192.168.1.5,1778749126,4186118793,79,1,36640
90,1574591178.468081,192.168.1.4,192.168.1.5,4172880123,247353873,2266,1,38906
91,1574591178.469229,192.168.1.5,192.168.1.4,247353873,4172882389,74,0,38832
92,1574591178.469409,192.168.1.5,192.168.1.4,247353947,4172882389,245,0,38587
93,1574591178.470856,192.168.1.4,192.168.1.5,2737219663,2263175916,79,1,38666
94,1574591178.470882,192.168.1.4,192.168.1.5,2737219742,2263175916,79,1,38745
95,1574591178.472378,192.168.1.4,192.168.1.5,161696799,4258435443,2266,1,41011
96,1574591178.473569,192.168.1.5,192.168.1.4,4258435443,161699065,74,0,40937
97,1574591178.473754,192.168.1.5,192.168.1.4,4258435517,161699065,245,0,40692
98,1574591178.474223,192.168.1.4,192.168.1.5,2786578788,3055131534,2266,1,42958
99,1574591178.474441,192.168.1.4,192.168.1.5,161699065,4258435762,79,1,43037
100,1574591178.474604,192.168.1.4,192.168.1.5,161699144,4258435762,79,1,43116
101,1574591178.475141,192.168.1.4,192.168.1.5,4172882389,247354192,79,1,43195
102,1574591178.475721,192.168.1.5,192.168.1.4,3055131534,2786581054,74,0,43121
103,1574591178.475799,192.168.1.4,192.168.1.5,4172882468,247354192,79,1,43200
104,1574591178.475945,192.168.1.5,192.168.1.4,3055131608,2786581054,245,0,42955
105,1574591178.476367,192.168.1.4,192.168.1.5,2786581054,3055131853,79,1,43034
106,1574591178.477022,192.168.1.4,192.168.1.5,2786581133,3055131853,79,1,43113
107,1574591178.477641,192.168.1.4,192.168.1.5,1173671828,2979698084,2266,1,45379
108,1574591178.479811,192.168.1.5,192.168.1.4,2979698084,1173674094,74,0,45305
109,1574591178.479916,192.168.1.5,192.168.1.4,2979698158,1173674094,231,0,45074
110,1574591178.48019,192.168.1.4,192.168.1.5,1173674094,2979698389,79,1,45153
111,1574591178.48021,192.168.1.4,192.168.1.5,1173674173,2979698389,79,1,45232
112,1574591178.513802,192.168.1.4,192.168.1.5,3945395651,3266614417,91,1,45323
113,1574591178.514572,192.168.1.5,192.168.1.4,3266614417,3945395742,539,0,44784
114,1574591178.541724,192.168.1.4,192.168.1.5,3945395742,3266614956,234,1,45018
115,1574591178.542957,192.168.1.5,192.168.1.4,3266614956,3945395976,86,0,44932
116,1574591178.562905,192.168.1.4,192.168.1.5,3945395976,3266615042,260,1,45192
117,1574591180.51665,192.168.1.5,192.168.1.4,1167416285,3920978910,343,0,44849
118,1574591180.517032,192.168.1.4,192.168.1.5,3920978910,1167416628,99,1,44948
119,1574591180.517429,192.168.1.5,192.168.1.4,1167416628,3920979009,382,0,44566
120,1574591180.527272,192.168.1.4,192.168.1.5,3920979009,1167417010,2266,1,46832
121,1574591180.528178,192.168.1.5,192.168.1.4,1167417010,3920981275,74,0,46758
122,1574591180.528287,192.168.1.5,192.168.1.4,1167417084,3920981275,237,0,46521
123,1574591180.528509,192.168.1.4,192.168.1.5,3920981275,1167417084,79,1,46600
124,1574591180.528593,192.168.1.4,192.168.1.5,3920981354,1167417321,79,1,46679
125,1574591182.287145,192.168.1.4,192.168.1.5,1778749205,4186118793,91,1,46770
126,1574591182.287405,192.168.1.4,192.168.1.5,161699223,4258435762,91,1,46861
127,1574591182.287417,192.168.1.4,192.168.1.5,4172882547,247354192,91,1,46952
128,1574591182.287777,192.168.1.5,192.168.1.4,4186118793,1778749296,539,0,46413
129,1574591182.288166,192.168.1.5,192.168.1.4,247354192,4172882638,539,0,45874
130,1574591182.288256,192.168.1.5,192.168.1.4,4258435762,161699314,539,0,45335
131,1574591182.321642,192.168.1.4,192.168.1.5,161699314,4258436301,2070,1,47405
132,1574591182.321682,192.168.1.4,192.168.1.5,1778749296,4186119332,2070,1,49475
133,1574591182.322295,192.168.1.4,192.168.1.5,4172882638,247354731,2070,1,51545
134,1574591182.362207,192.168.1.4,192.168.1.5,161701384,4258436301,1121,1,52666
135,1574591182.362351,192.168.1.4,192.168.1.5,4172884708,247354731,1119,1,53785
136,1574591182.362363,192.168.1.4,192.168.1.5,1778751366,4186119332,1121,1,54906
137,1574591182.364706,192.168.1.5,192.168.1.4,4258436301,161702505,86,0,54820
138,1574591182.365902,192.168.1.5,192.168.1.4,247354731,4172885827,86,0,54734
139,1574591182.372581,192.168.1.5,192.168.1.4,4186119332,1778752487,86,0,54648
140,1574591182.374826,192.168.1.5,192.168.1.4,247354817,4172885827,24,0,54624
141,1574591182.375451,192.168.1.4,192.168.1.5,4172885827,247354841,24,1,54648
142,1574591182.377067,192.168.1.5,192.168.1.4,3126610331,1559365083,343,0,54305
143,1574591182.377596,192.168.1.4,192.168.1.5,1559365083,3126610674,99,1,54404
144,1574591182.377969,192.168.1.5,192.168.1.4,3126610674,1559365182,382,0,54022
145,1574591182.37834,192.168.1.5,192.168.1.4,4186119418,1778752487,24,0,53998
146,1574591182.379375,192.168.1.4,192.168.1.5,1778752487,4186119442,24,1,54022
147,1574591182.38063,192.168.1.5,192.168.1.4,2641003705,3206463119,343,0,53679
148,1574591182.381432,192.168.1.5,192.168.1.4,4258436387,161702505,108,0,53571
149,1574591182.381522,192.168.1.5,192.168.1.4,1789018383,1970421686,24,0,53547
150,1574591182.381606,192.168.1.5,192.168.1.4,2263175916,2737219821,24,0,53523
151,1574591182.381717,192.168.1.5,192.168.1.4,3055131853,2786581212,24,0,53499
152,1574591182.382847,192.168.1.4,192.168.1.5,3206463119,2641004048,99,1,53598
153,1574591182.383195,192.168.1.5,192.168.1.4,2641004048,3206463218,382,0,53216
154,1574591182.385679,192.168.1.4,192.168.1.5,161702505,4258436495,274,1,53490
155,1574591182.403865,192.168.1.5,192.168.1.4,4258436495,161702779,338,0,53152
156,1574591182.404066,192.168.1.5,192.168.1.4,4258436833,161702779,53,0,53099
157,1574591182.404253,192.168.1.5,192.168.1.4,4258436886,161702779,122,0,52977
158,1574591182.40443,192.168.1.5,192.168.1.4,4258437008,161702779,122,0,52855
159,1574591182.40457,192.168.1.5,192.168.1.4,4258437130,161702779,122,0,52733
160,1574591182.404743,192.168.1.5,192.168.1.4,4258437252,161702779,121,0,52612
161,1574591182.405017,192.168.1.5,192.168.1.4,4258437373,161702779,122,0,52490
162,1574591182.405158,192.168.1.5,192.168.1.4,4258437495,161702779,121,0,52369
163,1574591182.405298,192.168.1.5,192.168.1.4,4258437616,161702779,120,0,52249
164,1574591182.413849,192.168.1.4,192.168.1.5,3206463218,2641004430,2266,1,54515
165,1574591182.414528,192.168.1.4,192.168.1.5,1559365182,3126611056,2266,1,56781
166,1574591182.41571,192.168.1.5,192.168.1.4,3126611056,1559367448,74,0,56707
167,1574591182.415837,192.168.1.5,192.168.1.4,3126611130,1559367448,245,0,56462
168,1574591182.415906,192.168.1.5,192.168.1.4,3126611375,1559367448,24,0,56438
169,1574591182.416225,192.168.1.4,192.168.1.5,1559367448,3126611399,79,1,56517
170,1574591182.416305,192.168.1.4,192.168.1.5,1559367527,3126611399,79,1,56596
171,1574591182.417168,192.168.1.5,192.168.1.4,2641004430,3206465484,74,0,56522
172,1574591182.417381,192.168.1.5,192.168.1.4,2641004504,3206465484,245,0,56277
173,1574591182.417455,192.168.1.5,192.168.1.4,2641004749,3206465484,24,0,56253
174,1574591182.417639,192.168.1.4,192.168.1.5,3206465484,2641004773,79,1,56332
175,1574591182.417719,192.168.1.4,192.168.1.5,3206465563,2641004773,79,1,56411
176,1574591182.432799,192.168.1.4,192.168.1.5,161702779,4258437736,66,1,56477
177,1574591182.442935,192.168.1.4,192.168.1.5,161702845,4258437736,13032,1,69509
178,1574591182.443287,192.168.1.4,192.168.1.5,161715877,4258437736,7240,1,76749
179,1574591182.443418,192.168.1.4,192.168.1.5,161723117,4258437736,18824,1,95573
180,1574591182.443534,192.168.1.4,192.168.1.5,161741941,4258437736,1235,1,96808
181,1574591182.460567,192.168.1.4,192.168.1.5,161743176,4258437736,16406,1,113214
182,1574591182.460665,192.168.1.4,192.168.1.5,161759582,4258437736,16406,1,129620
183,1574591182.460681,192.168.1.4,192.168.1.5,161775988,4258437736,26,1,129646
184,1574591182.468828,192.168.1.4,192.168.1.5,161776014,4258437736,16406,1,146052
185,1574591182.468942,192.168.1.4,192.168.1.5,161792420,4258437736,14480,1,160532
186,1574591182.46905,192.168.1.4,192.168.1.5,161806900,4258437736,1926,1,162458
187,1574591182.469055,192.168.1.4,192.168.1.5,161808826,4258437736,518,1,162976
188,1574591182.492479,192.168.1.4,192.168.1.5,161809344,4258437736,16406,1,179382
189,1574591182.492603,192.168.1.4,192.168.1.5,161825750,4258437736,16406,1,195788
190,1574591182.492635,192.168.1.4,192.168.1.5,161842156,4258437736,1226,1,197014
191,1574591182.497426,192.168.1.4,192.168.1.5,161843382,4258437736,16406,1,213420
192,1574591182.497673,192.168.1.4,192.168.1.5,161859788,4258437736,16406,1,229826
193,1574591182.497712,192.168.1.4,192.168.1.5,161876194,4258437736,1294,1,231120
194,1574591182.508221,192.168.1.4,192.168.1.5,2737219821,2263175940,91,1,231211
195,1574591182.508247,192.168.1.4,192.168.1.5,2737219912,2263175940,24,1,231235
196,1574591182.538283,192.168.1.4,192.168.1.5,161877488,4258437736,13964,1,245199
197,1574591182.76175,192.168.1.4,192.168.1.5,2786581212,3055131877,91,1,245290
198,1574591182.761775,192.168.1.4,192.168.1.5,2786581303,3055131877,24,1,245314
199,1574591182.762187,192.168.1.4,192.168.1.5,1173674252,2979698389,91,1,245405
200,1574591182.773553,192.168.1.5,192.168.1.4,2979698389,1173674343,539,0,244866
201,1574591182.780478,192.168.1.5,192.168.1.4,4258437736,161891452,124,0,244742
202,1574591182.782508,192.168.1.5,192.168.1.4,4258437860,161891452,124,0,244618
203,1574591182.785278,192.168.1.5,192.168.1.4,4258437984,161891452,115,0,244503
204,1574591182.797891,192.168.1.4,192.168.1.5,1173674343,2979698928,2070,1,246573
205,1574591182.799595,192.168.1.5,192.168.1.4,4258438099,161891452,125,0,246448
206,1574591182.801546,192.168.1.5,192.168.1.4,4258438224,161891452,116,0,246332
207,1574591182.803773,192.168.1.4,192.168.1.5,161891452,4258438340,7240,1,253572
208,1574591182.804549,192.168.1.4,192.168.1.5,161898692,4258438340,4311,1,257883
209,1574591182.807517,192.168.1.4,192.168.1.5,161903003,4258438340,4344,1,262227
210,1574591182.808398,192.168.1.4,192.168.1.5,161907347,4258438340,1230,1,263457
211,1574591182.814346,192.168.1.4,192.168.1.5,161908577,4258438340,4344,1,267801
212,1574591182.816025,192.168.1.4,192.168.1.5,161912921,4258438340,1822,1,269623
213,1574591182.83429,192.168.1.4,192.168.1.5,161914743,4258438340,4344,1,273967
214,1574591182.834418,192.168.1.4,192.168.1.5,161919087,4258438340,4344,1,278311
215,1574591182.834605,192.168.1.4,192.168.1.5,161923431,4258438340,4344,1,282655
216,1574591182.834784,192.168.1.4,192.168.1.5,161927775,4258438340,3374,1,286029
217,1574591182.834822,192.168.1.4,192.168.1.5,161931149,4258438340,16406,1,302435
218,1574591182.835062,192.168.1.4,192.168.1.5,161947555,4258438340,16406,1,318841
219,1574591182.835126,192.168.1.4,192.168.1.5,161963961,4258438340,16406,1,335247
220,1574591182.835289,192.168.1.4,192.168.1.5,161980367,4258438340,14434,1,349681
221,1574591182.835447,192.168.1.4,192.168.1.5,161994801,4258438340,4186,1,353867
222,1574591182.836521,192.168.1.4,192.168.1.5,161998987,4258438340,2798,1,356665
223,1574591182.837129,192.168.1.4,192.168.1.5,162001785,4258438340,2798,1,359463
224,1574591182.838016,192.168.1.4,192.168.1.5,1173676413,2979698928,1121,1,360584
225,1574591182.841119,192.168.1.4,192.168.1.5,162004583,4258438340,7319,1,367903
226,1574591182.84221,192.168.1.4,192.168.1.5,162011902,4258438340,4186,1,372089
227,1574591182.843534,192.168.1.4,192.168.1.5,162016088,4258438340,2798,1,374887
228,1574591182.851306,192.168.1.5,192.168.1.4,2979698928,1173677534,86,0,374801
229,1574591182.864594,192.168.1.5,192.168.1.4,2979699014,1173677534,108,0,374693
230,1574591182.865002,192.168.1.4,192.168.1.5,162018886,4258438340,5574,1,380267
231,1574591182.868405,192.168.1.4,192.168.1.5,162024460,4258438340,2798,1,383065
232,1574591182.870001,192.168.1.5,192.168.1.4,1077663704,1303569740,343,0,382722
233,1574591182.870746,192.168.1.5,192.168.1.4,2979699122,1173677534,295,0,382427
234,1574591182.871344,192.168.1.4,192.168.1.5,162027258,4258438340,8214,1,390641
235,1574591182.87161,192.168.1.4,192.168.1.5,1303569740,1077664047,99,1,390740
236,1574591182.871856,192.168.1.5,192.168.1.4,1077664047,1303569839,382,0,390358
237,1574591182.873416,192.168.1.4,192.168.1.5,1173677534,2979699417,274,1,390632
238,1574591182.883982,192.168.1.4,192.168.1.5,1303569839,1077664429,2266,1,392898
239,1574591182.88508,192.168.1.5,192.168.1.4,1077664429,1303572105,74,0,392824
240,1574591182.885458,192.168.1.4,192.168.1.5,1303572105,1077664503,79,1,392903
241,1574591182.88553,192.168.1.4,192.168.1.5,1303572184,1077664503,79,1,392982
242,1574591182.885791,192.168.1.5,192.168.1.4,1077664503,1303572263,245,0,392737
243,1574591182.887767,192.168.1.5,192.168.1.4,2979699417,1173677808,53,0,392684
244,1574591182.893742,192.168.1.4,192.168.1.5,162035472,4258438340,16406,1,409090
245,1574591182.893845,192.168.1.4,192.168.1.5,162051878,4258438340,16406,1,425496
246,1574591182.893906,192.168.1.4,192.168.1.5,162068284,4258438340,16406,1,441902
247,1574591182.895555,192.168.1.4,192.168.1.5,1173677808,2979699470,53,1,441955
248,1574591182.895701,192.168.1.4,192.168.1.5,162084690,4258438340,11584,1,453539
249,1574591182.895908,192.168.1.4,192.168.1.5,162096274,4258438340,4822,1,458361
250,1574591182.895942,192.168.1.4,192.168.1.5,162101096,4258438340,4252,1,462613
251,1574591182.895985,192.168.1.4,192.168.1.5,162105348,4258438340,16406,1,479019
252,1574591182.896015,192.168.1.4,192.168.1.5,162121754,4258438340,11445,1,490464
253,1574591182.901285,192.168.1.4,192.168.1.5,162133199,4258438340,4118,1,494582
254,1574591182.934297,192.168.1.4,192.168.1.5,1173677861,2979699470,57,1,494639
255,1574591182.942307,192.168.1.4,192.168.1.5,162137317,4258438340,8083,1,502722
256,1574591182.949458,192.168.1.4,192.168.1.5,1173677918,2979699470,1013,1,503735
257,1574591183.176851,192.168.1.4,192.168.1.5,1970421686,1789018407,91,1,503826
258,1574591183.176874,192.168.1.4,192.168.1.5,1970421777,1789018407,24,1,503850
259,1574591183.232895,192.168.1.5,192.168.1.4,3046963953,469115578,343,0,503507
260,1574591183.233424,192.168.1.4,192.168.1.5,469115578,3046964296,99,1,503606
261,1574591183.233767,192.168.1.5,192.168.1.4,3046964296,469115677,382,0,503224
262,1574591183.24643,192.168.1.4,192.168.1.5,469115677,3046964678,2266,1,505490
263,1574591183.247346,192.168.1.5,192.168.1.4,3046964678,469117943,74,0,505416
264,1574591183.247484,192.168.1.5,192.168.1.4,3046964752,469117943,245,0,505171
265,1574591183.247744,192.168.1.4,192.168.1.5,469117943,3046964997,79,1,505250
266,1574591183.247815,192.168.1.4,192.168.1.5,469118022,3046964997,79,1,505329
267,1574591183.454808,192.168.1.5,192.168.1.4,4258438340,162145400,124,0,505205
268,1574591183.46568,192.168.1.5,192.168.1.4,4258438464,162145400,125,0,505080
269,1574591183.473468,192.168.1.5,192.168.1.4,4258438589,162145400,124,0,504956
270,1574591183.475603,192.168.1.5,192.168.1.4,4258438713,162145400,124,0,504832
271,1574591183.477616,192.168.1.5,192.168.1.4,4258438837,162145400,125,0,504707
272,1574591183.48372,192.168.1.5,192.168.1.4,4258438962,162145400,116,0,504591
273,1574591183.484388,192.168.1.4,192.168.1.5,162145400,4258439078,7240,1,511831
274,1574591183.485985,192.168.1.4,192.168.1.5,162152640,4258439078,7240,1,519071
275,1574591183.486086,192.168.1.4,192.168.1.5,162159880,4258439078,10136,1,529207
276,1574591183.486365,192.168.1.4,192.168.1.5,162170016,4258439078,1628,1,530835
277,1574591183.486585,192.168.1.4,192.168.1.5,162171644,4258439078,1444,1,532279
278,1574591183.50469,192.168.1.4,192.168.1.5,162173088,4258439078,16406,1,548685
279,1574591183.504791,192.168.1.4,192.168.1.5,162189494,4258439078,16406,1,565091
280,1574591183.505068,192.168.1.4,192.168.1.5,162205900,4258439078,16406,1,581497
281,1574591183.505156,192.168.1.4,192.168.1.5,162222306,4258439078,16406,1,597903
282,1574591183.505186,192.168.1.4,192.168.1.5,162238712,4258439078,1251,1,599154
283,1574591183.509993,192.168.1.5,192.168.1.4,4258439078,162239963,124,0,599030
284,1574591183.510375,192.168.1.4,192.168.1.5,162239963,4258439202,9263,1,608293
285,1574591183.554246,192.168.1.4,192.168.1.5,162249226,4258439202,16406,1,624699
286,1574591183.554342,192.168.1.4,192.168.1.5,162265632,4258439202,16406,1,641105
287,1574591183.554408,192.168.1.4,192.168.1.5,162282038,4258439202,16406,1,657511
288,1574591183.554439,192.168.1.4,192.168.1.5,162298444,4258439202,2797,1,660308
289,1574591183.57184,192.168.1.5,192.168.1.4,4258439202,162301241,123,0,660185
290,1574591183.57201,192.168.1.5,192.168.1.4,4258439325,162301241,124,0,660061
291,1574591183.57212,192.168.1.5,192.168.1.4,4258439449,162301241,124,0,659937
292,1574591183.572229,192.168.1.5,192.168.1.4,4258439573,162301241,124,0,659813
293,1574591183.572368,192.168.1.5,192.168.1.4,4258439697,162301241,115,0,659698
294,1574591183.572485,192.168.1.5,192.168.1.4,4258439812,162301241,116,0,659582
295,1574591183.572597,192.168.1.5,192.168.1.4,4258439928,162301241,116,0,659466
296,1574591183.572706,192.168.1.5,192.168.1.4,4258440044,162301241,116,0,659350
297,1574591183.572842,192.168.1.5,192.168.1.4,4258440160,162301241,116,0,659234
298,1574591183.572955,192.168.1.5,192.168.1.4,4258440276,162301241,124,0,659110
299,1574591183.583861,192.168.1.5,192.168.1.4,4258440400,162301241,116,0,658994
300,1574591183.589494,192.168.1.5,192.168.1.4,4258440516,162301241,116,0,658878
301,1574591183.590497,192.168.1.4,192.168.1.5,162301241,4258440632,148,1,659026
302,1574591183.59101,192.168.1.5,192.168.1.4,4258440632,162301389,124,0,658902
303,1574591183.591721,192.168.1.4,192.168.1.5,162301389,4258440756,1167,1,660069
304,1574591183.607841,192.168.1.4,192.168.1.5,162302556,4258440756,16406,1,676475
305,1574591183.607929,192.168.1.4,192.168.1.5,162318962,4258440756,16406,1,692881
306,1574591183.607985,192.168.1.4,192.168.1.5,162335368,4258440756,16406,1,709287
307,1574591183.608118,192.168.1.4,192.168.1.5,162351774,4258440756,16353,1,725640
308,1574591183.608596,192.168.1.4,192.168.1.5,162368127,4258440756,65,1,725705
309,1574591183.650451,192.168.1.4,192.168.1.5,162368192,4258440756,16406,1,742111
310,1574591183.650564,192.168.1.4,192.168.1.5,162384598,4258440756,16406,1,758517
311,1574591183.650679,192.168.1.4,192.168.1.5,162401004,4258440756,8688,1,767205
312,1574591183.650838,192.168.1.4,192.168.1.5,162409692,4258440756,7718,1,774923
313,1574591183.650874,192.168.1.4,192.168.1.5,162417410,4258440756,7838,1,782761
314,1574591183.667304,192.168.1.5,192.168.1.4,4258440756,162425248,116,0,782645
315,1574591183.683224,192.168.1.4,192.168.1.5,162425248,4258440872,2070,1,784715
316,1574591183.707154,192.168.1.4,192.168.1.5,162427318,4258440872,16406,1,801121
317,1574591183.70727,192.168.1.4,192.168.1.5,162443724,4258440872,16406,1,817527
318,1574591183.707347,192.168.1.4,192.168.1.5,162460130,4258440872,16406,1,833933
319,1574591183.707406,192.168.1.4,192.168.1.5,162476536,4258440872,4344,1,838277
320,1574591183.707591,192.168.1.4,192.168.1.5,162480880,4258440872,12009,1,850286
321,1574591183.707723,192.168.1.4,192.168.1.5,162492889,4258440872,1292,1,851578
322,1574591183.710982,192.168.1.5,192.168.1.4,4258440872,162494181,124,0,851454
323,1574591183.711525,192.168.1.4,192.168.1.5,162494181,4258440996,16406,1,867860
324,1574591183.711578,192.168.1.4,192.168.1.5,162510587,4258440996,4594,1,872454
325,1574591183.722423,192.168.1.5,192.168.1.4,4258440996,162515181,116,0,872338
326,1574591183.722892,192.168.1.4,192.168.1.5,162515181,4258441112,16406,1,888744
327,1574591183.722989,192.168.1.4,192.168.1.5,162531587,4258441112,16406,1,905150
328,1574591183.723031,192.168.1.4,192.168.1.5,162547993,4258441112,3342,1,908492
329,1574591183.745116,192.168.1.4,192.168.1.5,162551335,4258441112,16406,1,924898
330,1574591183.745281,192.168.1.4,192.168.1.5,162567741,4258441112,16406,1,941304
331,1574591183.745547,192.168.1.4,192.168.1.5,162584147,4258441112,11584,1,952888
332,1574591183.745643,192.168.1.4,192.168.1.5,162595731,4258441112,4822,1,957710
333,1574591183.745661,192.168.1.4,192.168.1.5,162600553,4258441112,16353,1,974063
334,1574591183.747244,192.168.1.4,192.168.1.5,162616906,4258441112,367,1,974430
335,1574591183.750215,192.168.1.4,192.168.1.5,162617273,4258441112,16406,1,990836
336,1574591183.75033,192.168.1.4,192.168.1.5,162633679,4258441112,16406,1,1007242
337,1574591183.750449,192.168.1.4,192.168.1.5,162650085,4258441112,16406,1,1023648
338,1574591183.750552,192.168.1.4,192.168.1.5,162666491,4258441112,13032,1,1036680
339,1574591183.750654,192.168.1.4,192.168.1.5,162679523,4258441112,3321,1,1040001
340,1574591183.750666,192.168.1.4,192.168.1.5,162682844,4258441112,1075,1,1041076
341,1574591183.794613,192.168.1.4,192.168.1.5,162683919,4258441112,16406,1,1057482
342,1574591183.794725,192.168.1.4,192.168.1.5,162700325,4258441112,8118,1,1065600
343,1574591183.79673,192.168.1.4,192.168.1.5,162708443,4258441112,2070,1,1067670
344,1574591183.797089,192.168.1.4,192.168.1.5,162710513,4258441112,2070,1,1069740
345,1574591183.799131,192.168.1.4,192.168.1.5,162712583,4258441112,16406,1,1086146
346,1574591183.799198,192.168.1.4,192.168.1.5,162728989,4258441112,16406,1,1102552
347,1574591183.799508,192.168.1.4,192.168.1.5,162745395,4258441112,16406,1,1118958
348,1574591183.799579,192.168.1.4,192.168.1.5,162761801,4258441112,7240,1,1126198
349,1574591183.799596,192.168.1.4,192.168.1.5,162769041,4258441112,9113,1,1135311
350,1574591183.79973,192.168.1.4,192.168.1.5,162778154,4258441112,496,1,1135807
351,1574591183.799738,192.168.1.4,192.168.1.5,162778650,4258441112,2070,1,1137877
352,1574591183.799952,192.168.1.4,192.168.1.5,162780720,4258441112,2070,1,1139947
353,1574591183.842234,192.168.1.4,192.168.1.5,162782790,4258441112,16406,1,1156353
354,1574591183.842351,192.168.1.4,192.168.1.5,162799196,4258441112,16406,1,1172759
355,1574591183.842553,192.168.1.4,192.168.1.5,162815602,4258441112,10286,1,1183045
356,1574591184.284148,192.168.1.4,192.168.1.5,3920981433,1167417321,91,1,1183136
357,1574591184.285136,192.168.1.5,192.168.1.4,1167417321,3920981524,539,0,1182597
358,1574591184.32422,192.168.1.4,192.168.1.5,3920981524,1167417860,2070,1,1184667
359,1574591184.366401,192.168.1.4,192.168.1.5,3920983594,1167417860,1756,1,1186423
360,1574591184.370819,192.168.1.5,192.168.1.4,1167417860,3920985350,86,0,1186337
361,1574591184.371108,192.168.1.5,192.168.1.4,1167417946,3920985350,108,0,1186229
362,1574591184.371474,192.168.1.5,192.168.1.4,1167418054,3920985350,279,0,1185950
363,1574591184.404801,192.168.1.4,192.168.1.5,3920985350,1167418333,2070,1,1188020
364,1574591184.406131,192.168.1.5,192.168.1.4,1167418333,3920987420,53,0,1187967
365,1574591184.40649,192.168.1.4,192.168.1.5,3920987420,1167418386,1405,1,1189372
366,1574591184.407039,192.168.1.5,192.168.1.4,1167418386,3920988825,61,0,1189311
367,1574591184.765706,192.168.1.5,192.168.1.4,3201005293,1375749450,343,0,1188968
368,1574591184.767217,192.168.1.4,192.168.1.5,1375749450,3201005636,99,1,1189067
369,1574591184.767751,192.168.1.5,192.168.1.4,3201005636,1375749549,382,0,1188685
370,1574591184.7833,192.168.1.4,192.168.1.5,1375749549,3201006018,2266,1,1190951
371,1574591184.784994,192.168.1.5,192.168.1.4,3201006018,1375751815,74,0,1190877
372,1574591184.785423,192.168.1.4,192.168.1.5,1375751815,3201006092,79,1,1190956
373,1574591184.785487,192.168.1.4,192.168.1.5,1375751894,3201006092,79,1,1191035
374,1574591184.785683,192.168.1.5,192.168.1.4,3201006092,1375751973,245,0,1190790
375,1574591188.112256,192.168.1.4,192.168.1.5,3206465642,2641004773,91,1,1190881
376,1574591188.112807,192.168.1.4,192.168.1.5,3206465733,2641004773,24,1,1190905
377,1574591188.401616,192.168.1.4,192.168.1.5,1559367606,3126611399,91,1,1190996
378,1574591188.401782,192.168.1.4,192.168.1.5,1303572263,1077664748,91,1,1191087
379,1574591188.402017,192.168.1.4,192.168.1.5,469118101,3046964997,91,1,1191178
380,1574591188.40228,192.168.1.4,192.168.1.5,1559367697,3126611399,24,1,1191202
381,1574591188.403993,192.168.1.5,192.168.1.4,1077664748,1303572354,539,0,1190663
382,1574591188.404679,192.168.1.5,192.168.1.4,3046964997,469118192,539,0,1190124
383,1574591188.424363,192.168.1.4,192.168.1.5,1303572354,1077665287,2070,1,1192194
384,1574591188.43143,192.168.1.4,192.168.1.5,469118192,3046965536,2070,1,1194264
385,1574591188.466503,192.168.1.4,192.168.1.5,1303574424,1077665287,1120,1,1195384
386,1574591188.469312,192.168.1.5,192.168.1.4,1077665287,1303575544,86,0,1195298
387,1574591188.469836,192.168.1.5,192.168.1.4,3046965536,469120262,24,0,1195274
388,1574591188.47019,192.168.1.5,192.168.1.4,3201006337,1375751973,24,0,1195250
389,1574591188.470461,192.168.1.4,192.168.1.5,469120262,3046965560,1121,1,1196371
390,1574591188.470499,192.168.1.5,192.168.1.4,1077665373,1303575544,108,0,1196263
391,1574591188.470798,192.168.1.4,192.168.1.5,469121383,3046965560,24,1,1196287
392,1574591188.47482,192.168.1.5,192.168.1.4,1077665481,1303575544,356,0,1195931
393,1574591188.475106,192.168.1.5,192.168.1.4,1077665837,1303575544,121,0,1195810
394,1574591188.475285,192.168.1.5,192.168.1.4,1077665958,1303575544,100,0,1195710
395,1574591188.494005,192.168.1.4,192.168.1.5,1303575544,1077666058,1059,1,1196769
396,1574591188.499398,192.168.1.4,192.168.1.5,1303576603,1077666058,13032,1,1209801
397,1574591188.499694,192.168.1.4,192.168.1.5,1303589635,1077666058,13032,1,1222833
398,1574591188.500911,192.168.1.4,192.168.1.5,1303602667,1077666058,7580,1,1230413
399,1574591188.50903,192.168.1.5,192.168.1.4,1077666058,1303610247,53,0,1230360
400,1574591188.509524,192.168.1.4,192.168.1.5,1303610247,1077666111,2843,1,1233203
401,1574591188.589944,192.168.1.5,192.168.1.4,1077666111,1303613090,98,0,1233105
402,1574591188.609102,192.168.1.4,192.168.1.5,1303613090,1077666209,1655,1,1234760
403,1574591188.611193,192.168.1.4,192.168.1.5,1303614745,1077666209,2070,1,1236830
404,1574591188.611379,192.168.1.4,192.168.1.5,1303616815,1077666209,2070,1,1238900
405,1574591188.611401,192.168.1.4,192.168.1.5,1303618885,1077666209,42,1,1238942
406,1574591188.749104,192.168.1.5,192.168.1.4,3683249107,3551955270,213,0,1238729
407,1574591188.749728,192.168.1.5,192.168.1.4,3683249320,3551955270,61,0,1238668
408,1574591188.749848,192.168.1.5,192.168.1.4,3683249381,3551955270,2804,0,1235864
409,1574591188.768196,192.168.1.5,192.168.1.4,3683252185,3551955270,89,0,1235775
410,1574591188.768451,192.168.1.5,192.168.1.4,3683252274,3551955270,2284,0,1233491
411,1574591188.791079,192.168.1.4,192.168.1.5,3551955270,3683254558,96,1,1233587
412,1574591188.812561,192.168.1.4,192.168.1.5,3551955366,3683254558,57,1,1233644
