index,time,src_ip,dst_ip,tcp_seq,tcp_ack,tcp_len,direction,cumul_sum
1,1574591281.705524,192.168.1.5,192.168.1.4,2682917823,2686782167,343,0,-343
2,1574591281.705899,192.168.1.4,192.168.1.5,2686782167,2682918166,99,1,-244
3,1574591281.706356,192.168.1.5,192.168.1.4,2682918166,2686782266,382,0,-626
4,1574591281.716099,192.168.1.4,192.168.1.5,2686782266,2682918548,2266,1,1640
5,1574591281.717441,192.168.1.5,192.168.1.4,2682918548,2686784532,74,0,1566
6,1574591281.717648,192.168.1.5,192.168.1.4,2682918622,2686784532,245,0,1321
7,1574591281.717892,192.168.1.4,192.168.1.5,2686784532,2682918867,79,1,1400
8,1574591281.719248,192.168.1.4,192.168.1.5,2686784611,2682918867,79,1,1479
9,1574591281.862592,192.168.1.5,192.168.1.4,1710301577,4238209029,343,0,1136
10,1574591281.862959,192.168.1.4,192.168.1.5,4238209029,1710301920,99,1,1235
11,1574591281.863334,192.168.1.5,192.168.1.4,1710301920,4238209128,382,0,853
12,1574591281.865428,192.168.1.5,192.168.1.4,2708468874,2381277453,343,0,510
13,1574591281.873258,192.168.1.4,192.168.1.5,4238209128,1710302302,2266,1,2776
14,1574591281.874111,192.168.1.4,192.168.1.5,2381277453,2708469217,99,1,2875
15,1574591281.874345,192.168.1.5,192.168.1.4,1710302302,4238211394,74,0,2801
16,1574591281.874491,192.168.1.5,192.168.1.4,1710302376,4238211394,239,0,2562
17,1574591281.874639,192.168.1.4,192.168.1.5,4238211394,1710302615,79,1,2641
18,1574591281.874702,192.168.1.4,192.168.1.5,4238211473,1710302615,79,1,2720
19,1574591281.875246,192.168.1.5,192.168.1.4,2708469217,2381277552,382,0,2338
20,1574591281.885248,192.168.1.4,192.168.1.5,2381277552,2708469599,2266,1,4604
21,1574591281.886336,192.168.1.5,192.168.1.4,2708469599,2381279818,74,0,4530
22,1574591281.886517,192.168.1.5,192.168.1.4,2708469673,2381279818,239,0,4291
23,1574591281.886803,192.168.1.4,192.168.1.5,2381279818,2708469912,79,1,4370
24,1574591281.88683,192.168.1.4,192.168.1.5,2381279897,2708469912,79,1,4449
25,1574591283.038167,192.168.1.4,192.168.1.5,2686784690,2682918867,91,1,4540
26,1574591283.038762,192.168.1.5,192.168.1.4,2682918867,2686784781,539,0,4001
27,1574591283.080992,192.168.1.4,192.168.1.5,2686784781,2682919406,2070,1,6071
28,1574591283.122429,192.168.1.4,192.168.1.5,2686786851,2682919406,1018,1,7089
29,1574591283.131714,192.168.1.5,192.168.1.4,2682919406,2686787869,86,0,7003
30,1574591283.132654,192.168.1.5,192.168.1.4,2682919492,2686787869,108,0,6895
31,1574591283.13328,192.168.1.5,192.168.1.4,2682919600,2686787869,321,0,6574
32,1574591283.133435,192.168.1.5,192.168.1.4,2682919921,2686787869,54,0,6520
33,1574591283.149089,192.168.1.4,192.168.1.5,4238211552,1710302615,91,1,6611
34,1574591283.149115,192.168.1.4,192.168.1.5,2381279976,2708469912,91,1,6702
35,1574591283.14951,192.168.1.5,192.168.1.4,1710302615,4238211643,539,0,6163
36,1574591283.149743,192.168.1.5,192.168.1.4,2708469912,2381280067,539,0,5624
37,1574591283.177966,192.168.1.4,192.168.1.5,4238211643,1710303154,2070,1,7694
38,1574591283.178412,192.168.1.4,192.168.1.5,2686787869,2682919975,617,1,8311
39,1574591283.17843,192.168.1.4,192.168.1.5,2381280067,2708470451,2070,1,10381
40,1574591283.179492,192.168.1.5,192.168.1.4,2682919975,2686788486,53,0,10328
41,1574591283.180018,192.168.1.4,192.168.1.5,2686788486,2682920028,1200,1,11528
42,1574591283.182784,192.168.1.5,192.168.1.4,2682920028,2686789686,61,0,11467
43,1574591283.218495,192.168.1.4,192.168.1.5,4238213713,1710303154,1119,1,12586
44,1574591283.222456,192.168.1.4,192.168.1.5,2381282137,2708470451,1120,1,13706
45,1574591283.230397,192.168.1.5,192.168.1.4,1710303154,4238214832,86,0,13620
46,1574591283.232978,192.168.1.5,192.168.1.4,2708470451,2381283257,86,0,13534
47,1574591283.233374,192.168.1.5,192.168.1.4,1710303240,4238214832,108,0,13426
48,1574591283.23432,192.168.1.5,192.168.1.4,1710303348,4238214832,378,0,13048
49,1574591283.254495,192.168.1.4,192.168.1.5,2381283257,2708470537,274,1,13322
50,1574591283.25477,192.168.1.4,192.168.1.5,4238214832,1710303726,340,1,13662
51,1574591283.256569,192.168.1.5,192.168.1.4,1710303726,4238215172,53,0,13609
52,1574591283.32566,192.168.1.4,192.168.1.5,4238215172,1710303779,869,1,14478
53,1574591283.334968,192.168.1.5,192.168.1.4,1710303779,4238216041,102,0,14376
54,1574591283.363553,192.168.1.4,192.168.1.5,4238216041,1710303881,57,1,14433
55,1574591283.470555,192.168.1.4,192.168.1.5,4238216098,1710303881,5792,1,20225
56,1574591283.470849,192.168.1.4,192.168.1.5,4238221890,1710303881,4095,1,24320
57,1574591283.471608,192.168.1.4,192.168.1.5,4238225985,1710303881,2642,1,26962
58,1574591283.488886,192.168.1.4,192.168.1.5,4238228627,1710303881,2070,1,29032
59,1574591283.530253,192.168.1.4,192.168.1.5,4238230697,1710303881,9072,1,38104
60,1574591283.537951,192.168.1.5,192.168.1.4,323722241,2500315948,343,0,37761
61,1574591283.538354,192.168.1.4,192.168.1.5,2500315948,323722584,99,1,37860
62,1574591283.538734,192.168.1.5,192.168.1.4,323722584,2500316047,382,0,37478
63,1574591283.540962,192.168.1.5,192.168.1.4,2769508743,902222715,343,0,37135
64,1574591283.544524,192.168.1.5,192.168.1.4,4257130497,2360635577,343,0,36792
65,1574591283.545013,192.168.1.4,192.168.1.5,902222715,2769509086,99,1,36891
66,1574591283.545299,192.168.1.5,192.168.1.4,2769509086,902222814,382,0,36509
67,1574591283.549463,192.168.1.5,192.168.1.4,1257891599,1776630798,343,0,36166
68,1574591283.549827,192.168.1.4,192.168.1.5,2360635577,4257130840,99,1,36265
69,1574591283.550158,192.168.1.5,192.168.1.4,4257130840,2360635676,382,0,35883
70,1574591283.553681,192.168.1.5,192.168.1.4,1298026226,4026228833,343,0,35540
71,1574591283.554944,192.168.1.4,192.168.1.5,1776630798,1257891942,99,1,35639
72,1574591283.555195,192.168.1.5,192.168.1.4,1257891942,1776630897,382,0,35257
73,1574591283.55741,192.168.1.5,192.168.1.4,154359009,3649936586,343,0,34914
74,1574591283.558694,192.168.1.4,192.168.1.5,4026228833,1298026569,99,1,35013
75,1574591283.558967,192.168.1.5,192.168.1.4,1298026569,4026228932,382,0,34631
76,1574591283.569258,192.168.1.5,192.168.1.4,92094075,2581639208,343,0,34288
77,1574591283.574743,192.168.1.4,192.168.1.5,902222814,2769509468,2266,1,36554
78,1574591283.576043,192.168.1.4,192.168.1.5,3649936586,154359352,99,1,36653
79,1574591283.576482,192.168.1.5,192.168.1.4,154359352,3649936685,382,0,36271
80,1574591283.576864,192.168.1.5,192.168.1.4,2769509468,902225080,74,0,36197
81,1574591283.576979,192.168.1.5,192.168.1.4,2769509542,902225080,245,0,35952
82,1574591283.585906,192.168.1.4,192.168.1.5,2581639208,92094418,99,1,36051
83,1574591283.586197,192.168.1.5,192.168.1.4,92094418,2581639307,382,0,35669
84,1574591283.587868,192.168.1.4,192.168.1.5,2500316047,323722966,2266,1,37935
85,1574591283.588841,192.168.1.5,192.168.1.4,323722966,2500318313,74,0,37861
86,1574591283.58944,192.168.1.5,192.168.1.4,323723040,2500318313,245,0,37616
87,1574591283.599233,192.168.1.5,192.168.1.4,2769509542,902225080,245,0,37371
88,1574591283.599664,192.168.1.4,192.168.1.5,2500318313,323723285,79,1,37450
89,1574591283.599739,192.168.1.4,192.168.1.5,2500318392,323723285,79,1,37529
90,1574591283.606431,192.168.1.4,192.168.1.5,902225080,2769509787,79,1,37608
91,1574591283.608938,192.168.1.4,192.168.1.5,4026228932,1298026951,2266,1,39874
92,1574591283.609094,192.168.1.4,192.168.1.5,902225159,2769509787,79,1,39953
93,1574591283.609878,192.168.1.5,192.168.1.4,1298026951,4026231198,74,0,39879
94,1574591283.610148,192.168.1.5,192.168.1.4,1298027025,4026231198,245,0,39634
95,1574591283.612244,192.168.1.4,192.168.1.5,1776630897,1257892324,2266,1,41900
96,1574591283.612955,192.168.1.4,192.168.1.5,2360635676,4257131222,2266,1,44166
97,1574591283.613111,192.168.1.4,192.168.1.5,4026231198,1298027270,79,1,44245
98,1574591283.613124,192.168.1.4,192.168.1.5,4026231277,1298027270,79,1,44324
99,1574591283.614005,192.168.1.5,192.168.1.4,1257892324,1776633163,74,0,44250
100,1574591283.614105,192.168.1.5,192.168.1.4,1257892398,1776633163,245,0,44005
101,1574591283.614764,192.168.1.5,192.168.1.4,4257131222,2360637942,74,0,43931
102,1574591283.614875,192.168.1.5,192.168.1.4,4257131296,2360637942,245,0,43686
103,1574591283.614981,192.168.1.4,192.168.1.5,1776633163,1257892643,79,1,43765
104,1574591283.615097,192.168.1.4,192.168.1.5,1776633242,1257892643,79,1,43844
105,1574591283.615575,192.168.1.4,192.168.1.5,2360637942,4257131541,79,1,43923
106,1574591283.615768,192.168.1.4,192.168.1.5,2360638021,4257131541,79,1,44002
107,1574591283.617805,192.168.1.4,192.168.1.5,2581639307,92094800,2266,1,46268
108,1574591283.6186,192.168.1.4,192.168.1.5,3649936685,154359734,2266,1,48534
109,1574591283.621085,192.168.1.5,192.168.1.4,154359734,3649938951,74,0,48460
110,1574591283.621244,192.168.1.5,192.168.1.4,154359808,3649938951,245,0,48215
111,1574591283.621509,192.168.1.4,192.168.1.5,3649938951,154360053,79,1,48294
112,1574591283.621612,192.168.1.4,192.168.1.5,3649939030,154360053,79,1,48373
113,1574591283.621907,192.168.1.5,192.168.1.4,92094800,2581641573,74,0,48299
114,1574591283.621995,192.168.1.5,192.168.1.4,92094874,2581641573,231,0,48068
115,1574591283.622766,192.168.1.4,192.168.1.5,2581641573,92095105,79,1,48147
116,1574591283.622787,192.168.1.4,192.168.1.5,2581641652,92095105,79,1,48226
117,1574591285.183965,192.168.1.4,192.168.1.5,4026231356,1298027270,91,1,48317
118,1574591285.183993,192.168.1.4,192.168.1.5,902225238,2769509787,91,1,48408
119,1574591285.184503,192.168.1.4,192.168.1.5,2500318471,323723285,91,1,48499
120,1574591285.18491,192.168.1.5,192.168.1.4,1298027270,4026231447,539,0,47960
121,1574591285.185149,192.168.1.5,192.168.1.4,2769509787,902225329,539,0,47421
122,1574591285.185989,192.168.1.5,192.168.1.4,323723285,2500318562,539,0,46882
123,1574591285.234039,192.168.1.4,192.168.1.5,4026231447,1298027809,2070,1,48952
124,1574591285.234225,192.168.1.4,192.168.1.5,902225329,2769510326,1448,1,50400
125,1574591285.234503,192.168.1.4,192.168.1.5,902226777,2769510326,622,1,51022
126,1574591285.234539,192.168.1.4,192.168.1.5,2500318562,323723824,2070,1,53092
127,1574591285.27428,192.168.1.4,192.168.1.5,4026233517,1298027809,1119,1,54211
128,1574591285.276107,192.168.1.5,192.168.1.4,1298027809,4026234636,86,0,54125
129,1574591285.276488,192.168.1.5,192.168.1.4,1298027895,4026234636,108,0,54017
130,1574591285.276888,192.168.1.5,192.168.1.4,323723824,2500320632,24,0,53993
131,1574591285.277196,192.168.1.4,192.168.1.5,2500320632,323723848,1120,1,55113
132,1574591285.277304,192.168.1.4,192.168.1.5,2500321752,323723848,24,1,55137
133,1574591285.278514,192.168.1.4,192.168.1.5,902227399,2769510326,1121,1,56258
134,1574591285.278614,192.168.1.5,192.168.1.4,2769510326,902228520,24,0,56234
135,1574591285.278915,192.168.1.4,192.168.1.5,902228520,2769510350,24,1,56258
136,1574591285.279843,192.168.1.5,192.168.1.4,1257892643,1776633321,24,0,56234
137,1574591285.27993,192.168.1.5,192.168.1.4,4257131541,2360638100,24,0,56210
138,1574591285.280288,192.168.1.5,192.168.1.4,154360053,3649939109,24,0,56186
139,1574591285.299454,192.168.1.4,192.168.1.5,4026234636,1298028003,274,1,56460
140,1574591285.310087,192.168.1.5,192.168.1.4,1298028003,4026234910,338,0,56122
141,1574591285.31053,192.168.1.4,192.168.1.5,4026234910,1298028341,53,1,56175
142,1574591285.310757,192.168.1.5,192.168.1.4,1298028341,4026234963,122,0,56053
143,1574591285.311791,192.168.1.5,192.168.1.4,1298028463,4026234963,122,0,55931
144,1574591285.311949,192.168.1.5,192.168.1.4,1298028585,4026234963,121,0,55810
145,1574591285.312056,192.168.1.5,192.168.1.4,1298028706,4026234963,122,0,55688
146,1574591285.31216,192.168.1.5,192.168.1.4,1298028828,4026234963,122,0,55566
147,1574591285.312363,192.168.1.5,192.168.1.4,1298028950,4026234963,121,0,55445
148,1574591285.312486,192.168.1.5,192.168.1.4,1298029071,4026234963,121,0,55324
149,1574591285.312612,192.168.1.5,192.168.1.4,1298029192,4026234963,121,0,55203
150,1574591285.312712,192.168.1.5,192.168.1.4,1298029313,4026234963,122,0,55081
151,1574591285.312879,192.168.1.5,192.168.1.4,1298029435,4026234963,53,0,55028
152,1574591285.313038,192.168.1.5,192.168.1.4,1298029488,4026234963,120,0,54908
153,1574591285.330973,192.168.1.4,192.168.1.5,4026234963,1298029608,218,1,55126
154,1574591285.337838,192.168.1.4,192.168.1.5,4026235181,1298029608,13032,1,68158
155,1574591285.338172,192.168.1.4,192.168.1.5,4026248213,1298029608,21218,1,89376
156,1574591285.366693,192.168.1.4,192.168.1.5,4026269431,1298029608,16406,1,105782
157,1574591285.366812,192.168.1.4,192.168.1.5,4026285837,1298029608,16406,1,122188
158,1574591285.366846,192.168.1.4,192.168.1.5,4026302243,1298029608,1339,1,123527
159,1574591285.369651,192.168.1.4,192.168.1.5,4026303582,1298029608,13032,1,136559
160,1574591285.370284,192.168.1.4,192.168.1.5,4026316614,1298029608,3374,1,139933
161,1574591285.37034,192.168.1.4,192.168.1.5,4026319988,1298029608,16406,1,156339
162,1574591285.37041,192.168.1.4,192.168.1.5,4026336394,1298029608,1728,1,158067
163,1574591285.381096,192.168.1.4,192.168.1.5,4026338122,1298029608,16406,1,174473
164,1574591285.381208,192.168.1.4,192.168.1.5,4026354528,1298029608,16406,1,190879
165,1574591285.381564,192.168.1.4,192.168.1.5,4026370934,1298029608,232,1,191111
166,1574591285.381695,192.168.1.4,192.168.1.5,4026371166,1298029608,1936,1,193047
167,1574591285.382331,192.168.1.4,192.168.1.5,4026373102,1298029608,1410,1,194457
168,1574591285.410436,192.168.1.4,192.168.1.5,4026374512,1298029608,16406,1,210863
169,1574591285.410743,192.168.1.4,192.168.1.5,4026390918,1298029608,16406,1,227269
170,1574591285.41083,192.168.1.4,192.168.1.5,4026407324,1298029608,16406,1,243675
171,1574591285.411284,192.168.1.4,192.168.1.5,4026423730,1298029608,16353,1,260028
172,1574591285.412323,192.168.1.4,192.168.1.5,4026440083,1298029608,602,1,260630
173,1574591285.454477,192.168.1.4,192.168.1.5,4026440685,1298029608,16406,1,277036
174,1574591285.454535,192.168.1.4,192.168.1.5,4026457091,1298029608,5248,1,282284
175,1574591285.461856,192.168.1.4,192.168.1.5,2360638100,4257131565,91,1,282375
176,1574591285.462246,192.168.1.4,192.168.1.5,2360638191,4257131565,24,1,282399
177,1574591285.46286,192.168.1.4,192.168.1.5,3649939109,154360077,91,1,282490
178,1574591285.463209,192.168.1.4,192.168.1.5,3649939200,154360077,24,1,282514
179,1574591285.705933,192.168.1.5,192.168.1.4,1298029608,4026462339,124,0,282390
180,1574591285.713117,192.168.1.5,192.168.1.4,1298029732,4026462339,125,0,282265
181,1574591285.7182,192.168.1.5,192.168.1.4,1298029857,4026462339,124,0,282141
182,1574591285.723705,192.168.1.4,192.168.1.5,4026462339,1298029981,1648,1,283789
183,1574591285.725142,192.168.1.4,192.168.1.5,4026463987,1298029981,2070,1,285859
184,1574591285.725459,192.168.1.4,192.168.1.5,4026466057,1298029981,2070,1,287929
185,1574591285.72566,192.168.1.4,192.168.1.5,4026468127,1298029981,2070,1,289999
186,1574591285.72575,192.168.1.4,192.168.1.5,4026470197,1298029981,2070,1,292069
187,1574591285.725925,192.168.1.4,192.168.1.5,4026472267,1298029981,2070,1,294139
188,1574591285.726113,192.168.1.4,192.168.1.5,4026474337,1298029981,2070,1,296209
189,1574591285.726187,192.168.1.4,192.168.1.5,4026476407,1298029981,226,1,296435
190,1574591285.727185,192.168.1.4,192.168.1.5,4026476633,1298029981,2070,1,298505
191,1574591285.727226,192.168.1.4,192.168.1.5,4026478703,1298029981,2070,1,300575
192,1574591285.727396,192.168.1.4,192.168.1.5,4026480773,1298029981,2070,1,302645
193,1574591285.727483,192.168.1.4,192.168.1.5,4026482843,1298029981,2070,1,304715
194,1574591285.727663,192.168.1.4,192.168.1.5,4026484913,1298029981,2070,1,306785
195,1574591285.727746,192.168.1.4,192.168.1.5,4026486983,1298029981,1841,1,308626
196,1574591285.729114,192.168.1.4,192.168.1.5,1776633321,1257892667,91,1,308717
197,1574591285.729323,192.168.1.4,192.168.1.5,1776633412,1257892667,24,1,308741
198,1574591285.730009,192.168.1.4,192.168.1.5,4026488824,1298029981,1444,1,310185
199,1574591285.730917,192.168.1.4,192.168.1.5,4026490268,1298029981,1624,1,311809
200,1574591285.735132,192.168.1.4,192.168.1.5,4026491892,1298029981,2070,1,313879
201,1574591285.758335,192.168.1.5,192.168.1.4,1298029981,4026493962,124,0,313755
202,1574591285.758589,192.168.1.5,192.168.1.4,1298030105,4026493962,115,0,313640
203,1574591285.758936,192.168.1.4,192.168.1.5,4026493962,1298030220,13032,1,326672
204,1574591285.759139,192.168.1.4,192.168.1.5,4026506994,1298030220,3374,1,330046
205,1574591285.759178,192.168.1.4,192.168.1.5,4026510368,1298030220,16406,1,346452
206,1574591285.759329,192.168.1.4,192.168.1.5,4026526774,1298030220,16328,1,362780
207,1574591285.760408,192.168.1.5,192.168.1.4,1298030220,4026543102,124,0,362656
208,1574591285.779565,192.168.1.4,192.168.1.5,4026543102,1298030344,2070,1,364726
209,1574591285.800277,192.168.1.4,192.168.1.5,4026545172,1298030344,16406,1,381132
210,1574591285.800549,192.168.1.4,192.168.1.5,4026561578,1298030344,16406,1,397538
211,1574591285.800632,192.168.1.4,192.168.1.5,4026577984,1298030344,16406,1,413944
212,1574591285.800693,192.168.1.4,192.168.1.5,4026594390,1298030344,16353,1,430297
213,1574591285.800827,192.168.1.4,192.168.1.5,4026610743,1298030344,860,1,431157
214,1574591285.825988,192.168.1.4,192.168.1.5,4026611603,1298030344,16406,1,447563
215,1574591285.826229,192.168.1.4,192.168.1.5,4026628009,1298030344,16406,1,463969
216,1574591285.826642,192.168.1.4,192.168.1.5,4026644415,1298030344,14480,1,478449
217,1574591285.826747,192.168.1.4,192.168.1.5,4026658895,1298030344,1926,1,480375
218,1574591285.826762,192.168.1.4,192.168.1.5,4026660821,1298030344,16353,1,496728
219,1574591285.826853,192.168.1.4,192.168.1.5,4026677174,1298030344,832,1,497560
220,1574591285.8302,192.168.1.5,192.168.1.4,1298030344,4026678006,125,0,497435
221,1574591285.830777,192.168.1.4,192.168.1.5,4026678006,1298030469,7690,1,505125
222,1574591285.832574,192.168.1.5,192.168.1.4,1298030469,4026685696,125,0,505000
223,1574591285.83364,192.168.1.5,192.168.1.4,1298030594,4026685696,124,0,504876
224,1574591285.839013,192.168.1.4,192.168.1.5,2581641731,92095105,91,1,504967
225,1574591285.847975,192.168.1.4,192.168.1.5,4026685696,1298030718,2070,1,507037
226,1574591285.85607,192.168.1.5,192.168.1.4,92095105,2581641822,539,0,506498
227,1574591285.876076,192.168.1.5,192.168.1.4,1298030718,4026687766,116,0,506382
228,1574591285.876575,192.168.1.4,192.168.1.5,4026687766,1298030834,16406,1,522788
229,1574591285.876685,192.168.1.4,192.168.1.5,4026704172,1298030834,16406,1,539194
230,1574591285.876727,192.168.1.4,192.168.1.5,4026720578,1298030834,7928,1,547122
231,1574591285.879386,192.168.1.5,192.168.1.4,1298030834,4026728506,116,0,547006
232,1574591285.879566,192.168.1.5,192.168.1.4,1298030950,4026728506,124,0,546882
233,1574591285.87971,192.168.1.5,192.168.1.4,1298031074,4026728506,124,0,546758
234,1574591285.879856,192.168.1.5,192.168.1.4,1298031198,4026728506,124,0,546634
235,1574591285.880139,192.168.1.5,192.168.1.4,1298031322,4026728506,124,0,546510
236,1574591285.880305,192.168.1.5,192.168.1.4,1298031446,4026728506,124,0,546386
237,1574591285.880447,192.168.1.5,192.168.1.4,1298031570,4026728506,124,0,546262
238,1574591285.88059,192.168.1.5,192.168.1.4,1298031694,4026728506,124,0,546138
239,1574591285.881043,192.168.1.4,192.168.1.5,2581641822,92095644,2070,1,548208
240,1574591285.881359,192.168.1.4,192.168.1.5,4026728506,1298031818,2070,1,550278
241,1574591285.902193,192.168.1.4,192.168.1.5,4026730576,1298031818,16406,1,566684
242,1574591285.902258,192.168.1.4,192.168.1.5,4026746982,1298031818,16406,1,583090
243,1574591285.902291,192.168.1.4,192.168.1.5,4026763388,1298031818,7240,1,590330
244,1574591285.902437,192.168.1.4,192.168.1.5,4026770628,1298031818,9166,1,599496
245,1574591285.90246,192.168.1.4,192.168.1.5,4026779794,1298031818,4344,1,603840
246,1574591285.902573,192.168.1.4,192.168.1.5,4026784138,1298031818,12009,1,615849
247,1574591285.902875,192.168.1.4,192.168.1.5,4026796147,1298031818,979,1,616828
248,1574591285.903362,192.168.1.5,192.168.1.4,1298031818,4026797126,123,0,616705
249,1574591285.903545,192.168.1.5,192.168.1.4,1298031941,4026797126,124,0,616581
250,1574591285.90364,192.168.1.4,192.168.1.5,4026797126,1298031941,2798,1,619379
251,1574591285.903964,192.168.1.5,192.168.1.4,1298032065,4026799924,124,0,619255
252,1574591285.904577,192.168.1.4,192.168.1.5,4026799924,1298032189,2070,1,621325
253,1574591285.904824,192.168.1.5,192.168.1.4,1298032189,4026801994,124,0,621201
254,1574591285.904966,192.168.1.5,192.168.1.4,1298032313,4026801994,124,0,621077
255,1574591285.905044,192.168.1.4,192.168.1.5,4026801994,1298032313,6302,1,627379
256,1574591285.90526,192.168.1.5,192.168.1.4,1298032437,4026808296,124,0,627255
257,1574591285.905373,192.168.1.5,192.168.1.4,1298032561,4026808296,116,0,627139
258,1574591285.90551,192.168.1.5,192.168.1.4,1298032677,4026808296,115,0,627024
259,1574591285.905622,192.168.1.5,192.168.1.4,1298032792,4026808296,115,0,626909
260,1574591285.905723,192.168.1.5,192.168.1.4,1298032907,4026808296,115,0,626794
261,1574591285.905828,192.168.1.5,192.168.1.4,1298033022,4026808296,124,0,626670
262,1574591285.905961,192.168.1.5,192.168.1.4,1298033146,4026808296,124,0,626546
263,1574591285.90606,192.168.1.5,192.168.1.4,1298033270,4026808296,123,0,626423
264,1574591285.906162,192.168.1.5,192.168.1.4,1298033393,4026808296,116,0,626307
265,1574591285.908643,192.168.1.4,192.168.1.5,4026808296,1298033509,2070,1,628377
266,1574591285.922152,192.168.1.4,192.168.1.5,2581643892,92095644,1121,1,629498
267,1574591285.933106,192.168.1.4,192.168.1.5,4026810366,1298033509,16406,1,645904
268,1574591285.933173,192.168.1.4,192.168.1.5,4026826772,1298033509,16406,1,662310
269,1574591285.93321,192.168.1.4,192.168.1.5,4026843178,1298033509,16406,1,678716
270,1574591285.933239,192.168.1.4,192.168.1.5,4026859584,1298033509,8688,1,687404
271,1574591285.933432,192.168.1.4,192.168.1.5,4026868272,1298033509,7665,1,695069
272,1574591285.933592,192.168.1.4,192.168.1.5,4026875937,1298033509,123,1,695192
273,1574591285.97676,192.168.1.4,192.168.1.5,4026876060,1298033509,16406,1,711598
274,1574591285.97691,192.168.1.4,192.168.1.5,4026892466,1298033509,16406,1,728004
275,1574591285.976933,192.168.1.4,192.168.1.5,4026908872,1298033509,4901,1,732905
276,1574591285.977474,192.168.1.5,192.168.1.4,92095644,2581645013,86,0,732819
277,1574591285.993398,192.168.1.5,192.168.1.4,3887976719,2173044315,343,0,732476
278,1574591285.994141,192.168.1.4,192.168.1.5,2173044315,3887977062,99,1,732575
279,1574591285.994418,192.168.1.5,192.168.1.4,3887977062,2173044414,382,0,732193
280,1574591286.004782,192.168.1.4,192.168.1.5,4026913773,1298033509,8373,1,740566
281,1574591286.005687,192.168.1.4,192.168.1.5,4026922146,1298033509,4186,1,744752
282,1574591286.006343,192.168.1.4,192.168.1.5,4026926332,1298033509,2798,1,747550
283,1574591286.007804,192.168.1.4,192.168.1.5,4026929130,1298033509,5574,1,753124
284,1574591286.010907,192.168.1.4,192.168.1.5,4026934704,1298033509,8350,1,761474
285,1574591286.012595,192.168.1.4,192.168.1.5,4026943054,1298033509,1410,1,762884
286,1574591286.01308,192.168.1.4,192.168.1.5,4026944464,1298033509,5574,1,768458
287,1574591286.013575,192.168.1.4,192.168.1.5,4026950038,1298033509,2798,1,771256
288,1574591286.014633,192.168.1.4,192.168.1.5,4026952836,1298033509,4186,1,775442
289,1574591286.014894,192.168.1.4,192.168.1.5,2173044414,3887977444,2266,1,777708
290,1574591286.015908,192.168.1.4,192.168.1.5,4026957022,1298033509,6783,1,784491
291,1574591286.016534,192.168.1.4,192.168.1.5,4026963805,1298033509,45,1,784536
292,1574591286.017507,192.168.1.5,192.168.1.4,3887977444,2173046680,74,0,784462
293,1574591286.017644,192.168.1.5,192.168.1.4,3887977518,2173046680,245,0,784217
294,1574591286.018322,192.168.1.4,192.168.1.5,4026963850,1298033509,4186,1,788403
295,1574591286.018741,192.168.1.4,192.168.1.5,4026968036,1298033509,1410,1,789813
296,1574591286.018952,192.168.1.4,192.168.1.5,2173046680,3887977763,79,1,789892
297,1574591286.019039,192.168.1.4,192.168.1.5,2173046759,3887977763,79,1,789971
298,1574591286.019835,192.168.1.4,192.168.1.5,4026969446,1298033509,1410,1,791381
299,1574591286.021559,192.168.1.4,192.168.1.5,2581645013,92095730,274,1,791655
300,1574591286.031532,192.168.1.4,192.168.1.5,4026970856,1298033509,16406,1,808061
301,1574591286.031621,192.168.1.4,192.168.1.5,4026987262,1298033509,16406,1,824467
302,1574591286.031685,192.168.1.4,192.168.1.5,4027003668,1298033509,16406,1,840873
303,1574591286.031719,192.168.1.4,192.168.1.5,4027020074,1298033509,11584,1,852457
304,1574591286.031979,192.168.1.4,192.168.1.5,4027031658,1298033509,13032,1,865489
305,1574591286.03267,192.168.1.4,192.168.1.5,4027044690,1298033509,17775,1,883264
306,1574591286.032756,192.168.1.4,192.168.1.5,4027062465,1298033509,16406,1,899670
307,1574591286.032799,192.168.1.4,192.168.1.5,4027078871,1298033509,16406,1,916076
308,1574591286.032812,192.168.1.4,192.168.1.5,4027095277,1298033509,1954,1,918030
309,1574591286.037853,192.168.1.5,192.168.1.4,92095730,2581645287,108,0,917922
310,1574591286.043764,192.168.1.4,192.168.1.5,4027097231,1298033509,9738,1,927660
311,1574591286.043832,192.168.1.4,192.168.1.5,4027106969,1298033509,4118,1,931778
312,1574591286.05894,192.168.1.4,192.168.1.5,4027111087,1298033509,16406,1,948184
313,1574591286.059036,192.168.1.4,192.168.1.5,4027127493,1298033509,16406,1,964590
314,1574591286.059094,192.168.1.4,192.168.1.5,4027143899,1298033509,16406,1,980996
315,1574591286.059409,192.168.1.4,192.168.1.5,4027160305,1298033509,16406,1,997402
316,1574591286.059807,192.168.1.4,192.168.1.5,4027176711,1298033509,1771,1,999173
317,1574591286.060759,192.168.1.4,192.168.1.5,4027178482,1298033509,1410,1,1000583
318,1574591286.060904,192.168.1.4,192.168.1.5,4027179892,1298033509,1410,1,1001993
319,1574591286.071198,192.168.1.5,192.168.1.4,92095838,2581645287,53,0,1001940
320,1574591286.079854,192.168.1.5,192.168.1.4,92095891,2581645287,295,0,1001645
321,1574591286.088596,192.168.1.4,192.168.1.5,4027181302,1298033509,16406,1,1018051
322,1574591286.088722,192.168.1.4,192.168.1.5,4027197708,1298033509,16406,1,1034457
323,1574591286.088803,192.168.1.4,192.168.1.5,4027214114,1298033509,16406,1,1050863
324,1574591286.088831,192.168.1.4,192.168.1.5,4027230520,1298033509,14480,1,1065343
325,1574591286.08885,192.168.1.4,192.168.1.5,4027245000,1298033509,1926,1,1067269
326,1574591286.088886,192.168.1.4,192.168.1.5,4027246926,1298033509,1110,1,1068379
327,1574591286.089031,192.168.1.4,192.168.1.5,2581645287,92096186,53,1,1068432
328,1574591286.090085,192.168.1.4,192.168.1.5,4027248036,1298033509,2798,1,1071230
329,1574591286.091031,192.168.1.4,192.168.1.5,4027250834,1298033509,2798,1,1074028
330,1574591286.134272,192.168.1.4,192.168.1.5,4027253632,1298033509,16406,1,1090434
331,1574591286.134346,192.168.1.4,192.168.1.5,4027270038,1298033509,1734,1,1092168
332,1574591286.14723,192.168.1.4,192.168.1.5,4027271772,1298033509,16406,1,1108574
333,1574591286.147364,192.168.1.4,192.168.1.5,4027288178,1298033509,16406,1,1124980
334,1574591286.147801,192.168.1.4,192.168.1.5,4027304584,1298033509,16406,1,1141386
335,1574591286.148008,192.168.1.4,192.168.1.5,4027320990,1298033509,16353,1,1157739
336,1574591286.148478,192.168.1.4,192.168.1.5,4027337343,1298033509,16406,1,1174145
337,1574591286.148738,192.168.1.4,192.168.1.5,4027353749,1298033509,3102,1,1177247
338,1574591286.164065,192.168.1.4,192.168.1.5,4027356851,1298033509,16406,1,1193653
339,1574591286.16415,192.168.1.4,192.168.1.5,4027373257,1298033509,16406,1,1210059
340,1574591286.16421,192.168.1.4,192.168.1.5,4027389663,1298033509,16406,1,1226465
341,1574591286.164688,192.168.1.4,192.168.1.5,4027406069,1298033509,17801,1,1244266
342,1574591286.164994,192.168.1.4,192.168.1.5,4027423870,1298033509,2798,1,1247064
343,1574591286.165707,192.168.1.4,192.168.1.5,4027426668,1298033509,2798,1,1249862
344,1574591286.166937,192.168.1.4,192.168.1.5,4027429466,1298033509,2798,1,1252660
345,1574591286.167998,192.168.1.4,192.168.1.5,4027432264,1298033509,2798,1,1255458
346,1574591286.168691,192.168.1.4,192.168.1.5,4027435062,1298033509,2798,1,1258256
347,1574591286.171261,192.168.1.4,192.168.1.5,4027437860,1298033509,4771,1,1263027
348,1574591286.172102,192.168.1.4,192.168.1.5,4027442631,1298033509,2855,1,1265882
349,1574591286.172463,192.168.1.4,192.168.1.5,4027445486,1298033509,1410,1,1267292
350,1574591286.173026,192.168.1.4,192.168.1.5,4027446896,1298033509,1410,1,1268702
351,1574591286.189971,192.168.1.4,192.168.1.5,2581645340,92096186,1047,1,1269749
352,1574591286.205917,192.168.1.4,192.168.1.5,4027448306,1298033509,16406,1,1286155
353,1574591286.205995,192.168.1.4,192.168.1.5,4027464712,1298033509,16406,1,1302561
354,1574591286.206059,192.168.1.4,192.168.1.5,4027481118,1298033509,16406,1,1318967
355,1574591286.20635,192.168.1.4,192.168.1.5,4027497524,1298033509,13032,1,1331999
356,1574591286.206491,192.168.1.4,192.168.1.5,4027510556,1298033509,3321,1,1335320
357,1574591286.206509,192.168.1.4,192.168.1.5,4027513877,1298033509,11029,1,1346349
358,1574591286.209371,192.168.1.4,192.168.1.5,4027524906,1298033509,2070,1,1348419
359,1574591286.209609,192.168.1.4,192.168.1.5,4027526976,1298033509,750,1,1349169
360,1574591286.215668,192.168.1.4,192.168.1.5,4027527726,1298033509,2070,1,1351239
361,1574591286.215722,192.168.1.4,192.168.1.5,4027529796,1298033509,2070,1,1353309
362,1574591286.258352,192.168.1.4,192.168.1.5,4027531866,1298033509,16406,1,1369715
363,1574591286.258433,192.168.1.4,192.168.1.5,4027548272,1298033509,10806,1,1380521
364,1574591286.314147,192.168.1.5,192.168.1.4,1415413230,4026604873,343,0,1380178
365,1574591286.314539,192.168.1.4,192.168.1.5,4026604873,1415413573,99,1,1380277
366,1574591286.3149,192.168.1.5,192.168.1.4,1415413573,4026604972,382,0,1379895
367,1574591286.324659,192.168.1.4,192.168.1.5,4026604972,1415413955,2266,1,1382161
368,1574591286.325581,192.168.1.5,192.168.1.4,1415413955,4026607238,74,0,1382087
369,1574591286.325722,192.168.1.5,192.168.1.4,1415414029,4026607238,245,0,1381842
370,1574591286.325954,192.168.1.4,192.168.1.5,4026607238,1415414274,79,1,1381921
371,1574591286.326047,192.168.1.4,192.168.1.5,4026607317,1415414274,79,1,1382000
372,1574591287.2717,192.168.1.5,192.168.1.4,3027517187,613645539,343,0,1381657
373,1574591287.272168,192.168.1.4,192.168.1.5,613645539,3027517530,99,1,1381756
374,1574591287.272424,192.168.1.5,192.168.1.4,3027517530,613645638,382,0,1381374
375,1574591287.28242,192.168.1.4,192.168.1.5,613645638,3027517912,2266,1,1383640
376,1574591287.283273,192.168.1.5,192.168.1.4,3027517912,613647904,74,0,1383566
377,1574591287.283384,192.168.1.5,192.168.1.4,3027517986,613647904,247,0,1383319
378,1574591287.283608,192.168.1.4,192.168.1.5,613647904,3027517986,79,1,1383398
379,1574591287.283709,192.168.1.4,192.168.1.5,613647983,3027518233,79,1,1383477
380,1574591287.377061,192.168.1.5,192.168.1.4,1710303881,4238239769,197,0,1383280
381,1574591287.379186,192.168.1.5,192.168.1.4,1710304078,4238239769,108,0,1383172
382,1574591287.388907,192.168.1.5,192.168.1.4,1298033509,4027559078,124,0,1383048
383,1574591287.393077,192.168.1.5,192.168.1.4,1298033633,4027559078,123,0,1382925
384,1574591287.395335,192.168.1.5,192.168.1.4,1298033756,4027559078,116,0,1382809
385,1574591287.397648,192.168.1.4,192.168.1.5,4238239769,1710304186,2833,1,1385642
386,1574591287.397752,192.168.1.5,192.168.1.4,1298033872,4027559078,116,0,1385526
387,1574591287.398641,192.168.1.4,192.168.1.5,4238242602,1710304186,3568,1,1389094
388,1574591287.400849,192.168.1.4,192.168.1.5,4238246170,1710304186,2833,1,1391927
389,1574591287.402315,192.168.1.4,192.168.1.5,4238249003,1710304186,2672,1,1394599
390,1574591287.409652,192.168.1.5,192.168.1.4,1298033988,4027559078,116,0,1394483
391,1574591287.41156,192.168.1.4,192.168.1.5,4027559078,1298034104,7240,1,1401723
392,1574591287.411719,192.168.1.4,192.168.1.5,4027566318,1298034104,526,1,1402249
393,1574591287.412182,192.168.1.4,192.168.1.5,4027566844,1298034104,3021,1,1405270
394,1574591287.414567,192.168.1.4,192.168.1.5,4027569865,1298034104,5574,1,1410844
395,1574591287.416179,192.168.1.4,192.168.1.5,4027575439,1298034104,4974,1,1415818
396,1574591287.417941,192.168.1.4,192.168.1.5,4027580413,1298034104,5486,1,1421304
397,1574591287.419106,192.168.1.4,192.168.1.5,4027585899,1298034104,2070,1,1423374
398,1574591287.430797,192.168.1.5,192.168.1.4,1298034104,4027587969,116,0,1423258
399,1574591287.430947,192.168.1.5,192.168.1.4,1298034220,4027587969,116,0,1423142
400,1574591287.431055,192.168.1.5,192.168.1.4,1298034336,4027587969,124,0,1423018
401,1574591287.431733,192.168.1.4,192.168.1.5,4027587969,1298034460,10136,1,1433154
402,1574591287.431764,192.168.1.5,192.168.1.4,1298034460,4027598105,116,0,1433038
403,1574591287.431813,192.168.1.4,192.168.1.5,4027598105,1298034460,167,1,1433205
404,1574591287.449414,192.168.1.4,192.168.1.5,4027598272,1298034576,1632,1,1434837
405,1574591287.4902,192.168.1.4,192.168.1.5,4027599904,1298034576,13819,1,1448656
406,1574591287.660725,192.168.1.5,192.168.1.4,1660401046,932176289,343,0,1448313
407,1574591287.661156,192.168.1.4,192.168.1.5,932176289,1660401389,99,1,1448412
408,1574591287.661637,192.168.1.5,192.168.1.4,1660401389,932176388,382,0,1448030
409,1574591287.663621,192.168.1.5,192.168.1.4,2985121864,2274291450,343,0,1447687
410,1574591287.666758,192.168.1.4,192.168.1.5,2274291450,2985122207,99,1,1447786
411,1574591287.667078,192.168.1.5,192.168.1.4,2985122207,2274291549,382,0,1447404
412,1574591287.669368,192.168.1.5,192.168.1.4,632029998,2120865072,343,0,1447061
413,1574591287.676181,192.168.1.4,192.168.1.5,2120865072,632030341,99,1,1447160
414,1574591287.676526,192.168.1.5,192.168.1.4,632030341,2120865171,382,0,1446778
415,1574591287.68019,192.168.1.4,192.168.1.5,932176388,1660401771,2266,1,1449044
416,1574591287.681327,192.168.1.5,192.168.1.4,1660401771,932178654,74,0,1448970
417,1574591287.681842,192.168.1.5,192.168.1.4,1660401845,932178654,245,0,1448725
418,1574591287.689944,192.168.1.4,192.168.1.5,2120865171,632030723,2266,1,1450991
419,1574591287.690926,192.168.1.5,192.168.1.4,632030723,2120867437,74,0,1450917
420,1574591287.691059,192.168.1.5,192.168.1.4,632030797,2120867437,245,0,1450672
421,1574591287.693064,192.168.1.4,192.168.1.5,2274291549,2985122589,2266,1,1452938
422,1574591287.693207,192.168.1.4,192.168.1.5,932178654,1660402090,79,1,1453017
423,1574591287.693338,192.168.1.4,192.168.1.5,932178733,1660402090,79,1,1453096
424,1574591287.694137,192.168.1.5,192.168.1.4,2985122589,2274293815,74,0,1453022
425,1574591287.694196,192.168.1.4,192.168.1.5,2120867437,632031042,79,1,1453101
426,1574591287.694306,192.168.1.5,192.168.1.4,2985122663,2274293815,245,0,1452856
427,1574591287.69444,192.168.1.4,192.168.1.5,2274293815,2985122908,79,1,1452935
428,1574591287.694504,192.168.1.4,192.168.1.5,2274293894,2985122908,79,1,1453014
429,1574591287.695706,192.168.1.4,192.168.1.5,2120867516,632031042,79,1,1453093
430,1574591287.989026,192.168.1.5,192.168.1.4,3791321104,1771092962,343,0,1452750
431,1574591287.989658,192.168.1.4,192.168.1.5,1771092962,3791321447,99,1,1452849
432,1574591287.99043,192.168.1.5,192.168.1.4,3791321447,1771093061,382,0,1452467
433,1574591288.003917,192.168.1.4,192.168.1.5,1771093061,3791321829,2266,1,1454733
434,1574591288.004985,192.168.1.5,192.168.1.4,3791321829,1771095327,74,0,1454659
435,1574591288.005407,192.168.1.4,192.168.1.5,1771095327,3791321903,79,1,1454738
436,1574591288.005667,192.168.1.5,192.168.1.4,3791321903,1771095406,237,0,1454501
437,1574591288.005743,192.168.1.4,192.168.1.5,1771095406,3791321903,79,1,1454580
438,1574591288.065202,192.168.1.5,192.168.1.4,3160141013,662892002,343,0,1454237
439,1574591288.065725,192.168.1.4,192.168.1.5,662892002,3160141356,99,1,1454336
440,1574591288.06618,192.168.1.5,192.168.1.4,3160141356,662892101,382,0,1453954
441,1574591288.07762,192.168.1.4,192.168.1.5,662892101,3160141738,2266,1,1456220
442,1574591288.079092,192.168.1.5,192.168.1.4,3160141738,662894367,74,0,1456146
443,1574591288.07922,192.168.1.5,192.168.1.4,3160141812,662894367,245,0,1455901
444,1574591288.079898,192.168.1.4,192.168.1.5,662894367,3160142057,79,1,1455980
445,1574591288.080087,192.168.1.4,192.168.1.5,662894446,3160142057,79,1,1456059
446,1574591291.810192,192.168.1.4,192.168.1.5,2173046838,3887977763,91,1,1456150
447,1574591291.810964,192.168.1.5,192.168.1.4,3887977763,2173046929,539,0,1455611
448,1574591291.841171,192.168.1.4,192.168.1.5,2173046929,3887978302,2070,1,1457681
449,1574591291.882562,192.168.1.4,192.168.1.5,2173048999,3887978302,1120,1,1458801
450,1574591291.883992,192.168.1.5,192.168.1.4,3887978302,2173050119,86,0,1458715
451,1574591291.884301,192.168.1.5,192.168.1.4,3887978388,2173050119,108,0,1458607
452,1574591291.884482,192.168.1.5,192.168.1.4,1415414274,4026607396,24,0,1458583
453,1574591291.884741,192.168.1.5,192.168.1.4,1660402090,932178812,24,0,1458559
454,1574591291.885386,192.168.1.5,192.168.1.4,2985122908,2274293973,24,0,1458535
455,1574591291.885586,192.168.1.5,192.168.1.4,632031042,2120867595,24,0,1458511
456,1574591291.885728,192.168.1.5,192.168.1.4,3160142057,662894525,24,0,1458487
457,1574591291.886446,192.168.1.5,192.168.1.4,3887978496,2173050119,355,0,1458132
458,1574591291.886592,192.168.1.5,192.168.1.4,3887978851,2173050119,167,0,1457965
459,1574591291.886716,192.168.1.5,192.168.1.4,3887979018,2173050119,166,0,1457799
460,1574591291.886878,192.168.1.5,192.168.1.4,3887979184,2173050119,101,0,1457698
461,1574591291.887014,192.168.1.5,192.168.1.4,3887979285,2173050119,167,0,1457531
462,1574591291.887213,192.168.1.5,192.168.1.4,3887979452,2173050119,121,0,1457410
463,1574591291.911186,192.168.1.4,192.168.1.5,2173050119,3887979573,2070,1,1459480
464,1574591291.913129,192.168.1.5,192.168.1.4,3887979573,2173052189,53,0,1459427
465,1574591291.913536,192.168.1.4,192.168.1.5,2173052189,3887979626,14480,1,1473907
466,1574591291.913941,192.168.1.4,192.168.1.5,2173066669,3887979626,13186,1,1487093
467,1574591291.954445,192.168.1.4,192.168.1.5,2173079855,3887979626,16186,1,1503279
468,1574591292.630823,192.168.1.4,192.168.1.5,4026607396,1415414298,91,1,1503370
469,1574591292.631062,192.168.1.4,192.168.1.5,4026607487,1415414298,24,1,1503394
470,1574591292.897364,192.168.1.4,192.168.1.5,613648062,3027518233,91,1,1503485
471,1574591292.897989,192.168.1.5,192.168.1.4,3027518233,613648153,539,0,1502946
472,1574591292.959672,192.168.1.4,192.168.1.5,613648153,3027518772,2070,1,1505016
473,1574591293.00247,192.168.1.4,192.168.1.5,613650223,3027518772,1119,1,1506135
474,1574591293.007857,192.168.1.5,192.168.1.4,3027518772,613651342,86,0,1506049
475,1574591293.008586,192.168.1.5,192.168.1.4,3027518858,613651342,108,0,1505941
476,1574591293.009774,192.168.1.5,192.168.1.4,3027518966,613651342,271,0,1505670
477,1574591293.114624,192.168.1.4,192.168.1.5,613651342,3027519237,2070,1,1507740
478,1574591293.118027,192.168.1.5,192.168.1.4,3027519237,613653412,53,0,1507687
479,1574591293.118554,192.168.1.4,192.168.1.5,613653412,3027519290,1798,1,1509485
480,1574591293.162638,192.168.1.4,192.168.1.5,613655210,3027519290,14480,1,1523965
481,1574591293.163114,192.168.1.4,192.168.1.5,613669690,3027519290,6384,1,1530349
482,1574591293.183641,192.168.1.4,192.168.1.5,613676074,3027519290,2070,1,1532419
483,1574591293.1837,192.168.1.4,192.168.1.5,613678144,3027519290,1270,1,1533689
484,1574591293.416625,192.168.1.5,192.168.1.4,3027519290,613679414,112,0,1533577
485,1574591293.442061,192.168.1.4,192.168.1.5,2120867595,632031066,91,1,1533668
486,1574591293.442238,192.168.1.4,192.168.1.5,2120867686,632031066,24,1,1533692
487,1574591293.446221,192.168.1.4,192.168.1.5,613679414,3027519402,2070,1,1535762
488,1574591293.446793,192.168.1.4,192.168.1.5,613681484,3027519402,2070,1,1537832
489,1574591293.447339,192.168.1.4,192.168.1.5,613683554,3027519402,2070,1,1539902
490,1574591293.447403,192.168.1.4,192.168.1.5,613685624,3027519402,2070,1,1541972
491,1574591293.458327,192.168.1.4,192.168.1.5,613687694,3027519402,11584,1,1553556
492,1574591293.458488,192.168.1.4,192.168.1.5,613699278,3027519402,2896,1,1556452
493,1574591293.458522,192.168.1.4,192.168.1.5,613702174,3027519402,18764,1,1575216
494,1574591293.458613,192.168.1.4,192.168.1.5,613720938,3027519402,2070,1,1577286
495,1574591293.458728,192.168.1.4,192.168.1.5,613723008,3027519402,2070,1,1579356
496,1574591293.472876,192.168.1.4,192.168.1.5,613725078,3027519402,16406,1,1595762
497,1574591293.472975,192.168.1.4,192.168.1.5,613741484,3027519402,16406,1,1612168
498,1574591293.473867,192.168.1.4,192.168.1.5,613757890,3027519402,634,1,1612802
499,1574591293.473907,192.168.1.4,192.168.1.5,613758524,3027519402,2070,1,1614872
500,1574591293.473933,192.168.1.4,192.168.1.5,613760594,3027519402,2070,1,1616942
501,1574591293.514539,192.168.1.4,192.168.1.5,613762664,3027519402,5130,1,1622072
502,1574591293.558498,192.168.1.5,192.168.1.4,3027519402,613767794,111,0,1621961
503,1574591293.582503,192.168.1.4,192.168.1.5,613767794,3027519513,2070,1,1624031
504,1574591293.598185,192.168.1.4,192.168.1.5,613769864,3027519513,16406,1,1640437
505,1574591293.598347,192.168.1.4,192.168.1.5,613786270,3027519513,16406,1,1656843
506,1574591293.598551,192.168.1.4,192.168.1.5,613802676,3027519513,1991,1,1658834
507,1574591293.600478,192.168.1.4,192.168.1.5,613804667,3027519513,16406,1,1675240
508,1574591293.600846,192.168.1.4,192.168.1.5,613821073,3027519513,16406,1,1691646
509,1574591293.600887,192.168.1.4,192.168.1.5,613837479,3027519513,702,1,1692348
510,1574591293.6425,192.168.1.4,192.168.1.5,613838181,3027519513,16406,1,1708754
511,1574591293.642591,192.168.1.4,192.168.1.5,613854587,3027519513,1011,1,1709765
512,1574591293.668443,192.168.1.5,192.168.1.4,1710304186,4238251675,294,0,1709471
513,1574591293.670992,192.168.1.5,192.168.1.4,1710304480,4238251675,267,0,1709204
514,1574591293.708638,192.168.1.4,192.168.1.5,2274293973,2985122932,91,1,1709295
515,1574591293.709422,192.168.1.4,192.168.1.5,932178812,1660402114,91,1,1709386
516,1574591293.709794,192.168.1.4,192.168.1.5,932178903,1660402114,24,1,1709410
517,1574591293.711555,192.168.1.4,192.168.1.5,2274294064,2985122933,24,1,1709434
518,1574591293.71806,192.168.1.4,192.168.1.5,4238251675,1710304747,624,1,1710058
519,1574591293.725262,192.168.1.5,192.168.1.4,1710304747,4238252299,275,0,1709783
520,1574591293.748888,192.168.1.4,192.168.1.5,4238252299,1710305022,179,1,1709962
521,1574591293.881468,192.168.1.5,192.168.1.4,1710305022,4238252478,144,0,1709818
522,1574591293.882156,192.168.1.5,192.168.1.4,1710305166,4238252478,2896,0,1706922
523,1574591293.882225,192.168.1.5,192.168.1.4,1710308062,4238252478,9,0,1706913
524,1574591293.882305,192.168.1.5,192.168.1.4,1710308071,4238252478,450,0,1706463
525,1574591293.889579,192.168.1.5,192.168.1.4,1710308521,4238252478,90,0,1706373
526,1574591293.890344,192.168.1.5,192.168.1.4,1710308611,4238252478,2276,0,1704097
527,1574591293.903903,192.168.1.4,192.168.1.5,4238252478,1710310887,57,1,1704154
528,1574591293.914329,192.168.1.4,192.168.1.5,4238252535,1710310887,57,1,1704211
529,1574591293.942242,192.168.1.4,192.168.1.5,662894525,3160142081,91,1,1704302
530,1574591293.942268,192.168.1.4,192.168.1.5,662894616,3160142081,24,1,1704326
531,1574591293.965266,192.168.1.4,192.168.1.5,4238252592,1710310887,290,1,1704616
532,1574591293.973102,192.168.1.4,192.168.1.5,4238252882,1710310887,165,1,1704781
533,1574591294.265515,192.168.1.4,192.168.1.5,1771095485,3791322140,91,1,1704872
