index,time,src_ip,dst_ip,tcp_seq,tcp_ack,tcp_len,direction,cumul_sum
1,1574591298.359047,192.168.1.5,192.168.1.4,3617945038,2013603946,343,0,-343
2,1574591298.359424,192.168.1.4,192.168.1.5,2013603946,3617945381,99,1,-244
3,1574591298.359865,192.168.1.5,192.168.1.4,3617945381,2013604045,382,0,-626
4,1574591298.369844,192.168.1.4,192.168.1.5,2013604045,3617945763,2266,1,1640
5,1574591298.370757,192.168.1.5,192.168.1.4,3617945763,2013606311,74,0,1566
6,1574591298.370906,192.168.1.5,192.168.1.4,3617945837,2013606311,245,0,1321
7,1574591298.371184,192.168.1.4,192.168.1.5,2013606311,3617946082,79,1,1400
8,1574591298.372186,192.168.1.4,192.168.1.5,2013606390,3617946082,79,1,1479
9,1574591298.605617,192.168.1.5,192.168.1.4,3504460104,2349755788,343,0,1136
10,1574591298.606045,192.168.1.4,192.168.1.5,2349755788,3504460447,99,1,1235
11,1574591298.606324,192.168.1.5,192.168.1.4,3504460447,2349755887,382,0,853
12,1574591298.607919,192.168.1.5,192.168.1.4,834065075,2825208092,343,0,510
13,1574591298.610748,192.168.1.4,192.168.1.5,2825208092,834065418,99,1,609
14,1574591298.611027,192.168.1.5,192.168.1.4,834065418,2825208191,382,0,227
15,1574591298.625586,192.168.1.4,192.168.1.5,2349755887,3504460829,2266,1,2493
16,1574591298.626499,192.168.1.5,192.168.1.4,3504460829,2349758153,74,0,2419
17,1574591298.626599,192.168.1.5,192.168.1.4,3504460903,2349758153,239,0,2180
18,1574591298.626806,192.168.1.4,192.168.1.5,2349758153,3504461142,79,1,2259
19,1574591298.628144,192.168.1.4,192.168.1.5,2349758232,3504461142,79,1,2338
20,1574591298.628165,192.168.1.4,192.168.1.5,2825208191,834065800,2266,1,4604
21,1574591298.629136,192.168.1.5,192.168.1.4,834065800,2825210457,74,0,4530
22,1574591298.629556,192.168.1.4,192.168.1.5,2825210457,834065874,79,1,4609
23,1574591298.629642,192.168.1.4,192.168.1.5,2825210536,834065874,79,1,4688
24,1574591298.630203,192.168.1.5,192.168.1.4,834065874,2825210615,239,0,4449
25,1574591300.868353,192.168.1.4,192.168.1.5,2013606469,3617946082,91,1,4540
26,1574591300.868868,192.168.1.5,192.168.1.4,3617946082,2013606560,539,0,4001
27,1574591300.910283,192.168.1.4,192.168.1.5,2013606560,3617946621,2070,1,6071
28,1574591300.95051,192.168.1.4,192.168.1.5,2013608630,3617946621,1018,1,7089
29,1574591300.965297,192.168.1.5,192.168.1.4,3617946621,2013609648,86,0,7003
30,1574591300.965899,192.168.1.5,192.168.1.4,3617946707,2013609648,108,0,6895
31,1574591300.966363,192.168.1.5,192.168.1.4,3617946815,2013609648,321,0,6574
32,1574591300.966475,192.168.1.5,192.168.1.4,3617947136,2013609648,54,0,6520
33,1574591300.998742,192.168.1.4,192.168.1.5,2013609648,3617947190,617,1,7137
34,1574591301.002285,192.168.1.5,192.168.1.4,3617947190,2013610265,53,0,7084
35,1574591301.009096,192.168.1.4,192.168.1.5,2013610265,3617947243,1428,1,8512
36,1574591301.011071,192.168.1.5,192.168.1.4,3617947243,2013611693,61,0,8451
37,1574591301.702405,192.168.1.4,192.168.1.5,2825210615,834066113,91,1,8542
38,1574591301.703059,192.168.1.5,192.168.1.4,834066113,2825210706,539,0,8003
39,1574591301.748864,192.168.1.4,192.168.1.5,2825210706,834066652,2070,1,10073
40,1574591301.790548,192.168.1.4,192.168.1.5,2825212776,834066652,1120,1,11193
41,1574591301.794564,192.168.1.5,192.168.1.4,834066652,2825213896,86,0,11107
42,1574591301.795665,192.168.1.5,192.168.1.4,834066738,2825213896,108,0,10999
43,1574591301.796306,192.168.1.5,192.168.1.4,834066846,2825213896,378,0,10621
44,1574591301.818113,192.168.1.4,192.168.1.5,2825213896,834067224,318,1,10939
45,1574591301.818567,192.168.1.5,192.168.1.4,834067224,2825214214,53,0,10886
46,1574591301.868419,192.168.1.4,192.168.1.5,2825214214,834067277,868,1,11754
47,1574591301.876017,192.168.1.5,192.168.1.4,834067277,2825215082,102,0,11652
48,1574591301.909762,192.168.1.4,192.168.1.5,2825215082,834067379,57,1,11709
49,1574591301.980837,192.168.1.4,192.168.1.5,2349758311,3504461142,91,1,11800
50,1574591301.981606,192.168.1.5,192.168.1.4,3504461142,2349758402,539,0,11261
51,1574591301.996081,192.168.1.4,192.168.1.5,2825215139,834067379,5792,1,17053
52,1574591301.996497,192.168.1.4,192.168.1.5,2825220931,834067379,6116,1,23169
53,1574591302.026142,192.168.1.4,192.168.1.5,2349758402,3504461681,234,1,23403
54,1574591302.026168,192.168.1.4,192.168.1.5,2825227047,834067379,2070,1,25473
55,1574591302.027238,192.168.1.5,192.168.1.4,3504461681,2349758636,86,0,25387
56,1574591302.059056,192.168.1.5,192.168.1.4,257045609,3618669691,343,0,25044
57,1574591302.059376,192.168.1.4,192.168.1.5,3618669691,257045952,99,1,25143
58,1574591302.059756,192.168.1.5,192.168.1.4,257045952,3618669790,382,0,24761
59,1574591302.061835,192.168.1.5,192.168.1.4,1340954240,732306755,343,0,24418
60,1574591302.063966,192.168.1.5,192.168.1.4,3330722520,3251564683,343,0,24075
61,1574591302.064394,192.168.1.4,192.168.1.5,732306755,1340954583,99,1,24174
62,1574591302.064631,192.168.1.5,192.168.1.4,1340954583,732306854,382,0,23792
63,1574591302.066154,192.168.1.4,192.168.1.5,2825229117,834067379,9775,1,33567
64,1574591302.067188,192.168.1.5,192.168.1.4,2394909562,796499639,343,0,33224
65,1574591302.068745,192.168.1.4,192.168.1.5,2349758636,3504461767,260,1,33484
66,1574591302.069326,192.168.1.4,192.168.1.5,3251564683,3330722863,99,1,33583
67,1574591302.069579,192.168.1.5,192.168.1.4,3330722863,3251564782,382,0,33201
68,1574591302.075258,192.168.1.5,192.168.1.4,3449443639,3280682829,343,0,32858
69,1574591302.075533,192.168.1.4,192.168.1.5,796499639,2394909905,99,1,32957
70,1574591302.07599,192.168.1.5,192.168.1.4,2394909905,796499738,382,0,32575
71,1574591302.079929,192.168.1.4,192.168.1.5,3618669790,257046334,2266,1,34841
72,1574591302.080826,192.168.1.5,192.168.1.4,257046334,3618672056,74,0,34767
73,1574591302.080944,192.168.1.5,192.168.1.4,257046408,3618672056,245,0,34522
74,1574591302.086669,192.168.1.5,192.168.1.4,689121291,3409034931,343,0,34179
75,1574591302.086917,192.168.1.4,192.168.1.5,3280682829,3449443982,99,1,34278
76,1574591302.087364,192.168.1.5,192.168.1.4,3449443982,3280682928,382,0,33896
77,1574591302.088914,192.168.1.5,192.168.1.4,1847604004,1678323657,343,0,33553
78,1574591302.095806,192.168.1.4,192.168.1.5,3409034931,689121634,99,1,33652
79,1574591302.096119,192.168.1.5,192.168.1.4,689121634,3409035030,382,0,33270
80,1574591302.096193,192.168.1.4,192.168.1.5,1678323657,1847604347,99,1,33369
81,1574591302.096417,192.168.1.5,192.168.1.4,1847604347,1678323756,382,0,32987
82,1574591302.108797,192.168.1.5,192.168.1.4,257046408,3618672056,245,0,32742
83,1574591302.114161,192.168.1.4,192.168.1.5,732306854,1340954965,2266,1,35008
84,1574591302.115015,192.168.1.5,192.168.1.4,1340954965,732309120,74,0,34934
85,1574591302.115197,192.168.1.5,192.168.1.4,1340955039,732309120,245,0,34689
86,1574591302.119199,192.168.1.4,192.168.1.5,3251564782,3330723245,2266,1,36955
87,1574591302.119331,192.168.1.4,192.168.1.5,3618672056,257046653,79,1,37034
88,1574591302.119478,192.168.1.4,192.168.1.5,3618672135,257046653,79,1,37113
89,1574591302.120722,192.168.1.5,192.168.1.4,3330723245,3251567048,74,0,37039
90,1574591302.121281,192.168.1.5,192.168.1.4,3330723319,3251567048,245,0,36794
91,1574591302.127305,192.168.1.4,192.168.1.5,1678323756,1847604729,2266,1,39060
92,1574591302.128391,192.168.1.5,192.168.1.4,1847604729,1678326022,74,0,38986
93,1574591302.128505,192.168.1.5,192.168.1.4,1847604803,1678326022,231,0,38755
94,1574591302.130386,192.168.1.4,192.168.1.5,796499738,2394910287,2266,1,41021
95,1574591302.131445,192.168.1.5,192.168.1.4,2394910287,796502004,74,0,40947
96,1574591302.131625,192.168.1.5,192.168.1.4,2394910361,796502004,245,0,40702
97,1574591302.133239,192.168.1.4,192.168.1.5,3280682928,3449444364,2266,1,42968
98,1574591302.133456,192.168.1.4,192.168.1.5,732309120,1340955284,79,1,43047
99,1574591302.133515,192.168.1.4,192.168.1.5,732309199,1340955284,79,1,43126
100,1574591302.134611,192.168.1.4,192.168.1.5,3251567048,3330723564,79,1,43205
101,1574591302.13515,192.168.1.5,192.168.1.4,3449444364,3280685194,74,0,43131
102,1574591302.135225,192.168.1.4,192.168.1.5,3251567127,3330723564,79,1,43210
103,1574591302.135365,192.168.1.5,192.168.1.4,3449444438,3280685194,245,0,42965
104,1574591302.135698,192.168.1.4,192.168.1.5,796502004,2394910606,79,1,43044
105,1574591302.135817,192.168.1.4,192.168.1.5,796502083,2394910606,79,1,43123
106,1574591302.136633,192.168.1.4,192.168.1.5,3280685194,3449444683,79,1,43202
107,1574591302.136648,192.168.1.4,192.168.1.5,3280685273,3449444683,79,1,43281
108,1574591302.137571,192.168.1.4,192.168.1.5,3409035030,689122016,2266,1,45547
109,1574591302.137726,192.168.1.4,192.168.1.5,1678326022,1847605034,79,1,45626
110,1574591302.137826,192.168.1.4,192.168.1.5,1678326101,1847605034,79,1,45705
111,1574591302.139078,192.168.1.5,192.168.1.4,689122016,3409037296,74,0,45631
112,1574591302.139298,192.168.1.5,192.168.1.4,689122090,3409037296,245,0,45386
113,1574591302.13973,192.168.1.4,192.168.1.5,3409037296,689122335,79,1,45465
114,1574591302.139901,192.168.1.4,192.168.1.5,3409037375,689122335,79,1,45544
115,1574591303.223342,192.168.1.5,192.168.1.4,1076439744,2100715515,343,0,45201
116,1574591303.223762,192.168.1.4,192.168.1.5,2100715515,1076440087,99,1,45300
117,1574591303.224179,192.168.1.5,192.168.1.4,1076440087,2100715614,382,0,44918
118,1574591303.235649,192.168.1.4,192.168.1.5,2100715614,1076440469,2266,1,47184
119,1574591303.236634,192.168.1.5,192.168.1.4,1076440469,2100717880,74,0,47110
120,1574591303.236733,192.168.1.5,192.168.1.4,1076440543,2100717880,237,0,46873
121,1574591303.236981,192.168.1.4,192.168.1.5,2100717880,1076440780,79,1,46952
122,1574591303.236995,192.168.1.4,192.168.1.5,2100717959,1076440780,79,1,47031
123,1574591305.276391,192.168.1.4,192.168.1.5,3280685352,3449444683,91,1,47122
124,1574591305.276849,192.168.1.5,192.168.1.4,3449444683,3280685443,539,0,46583
125,1574591305.301224,192.168.1.4,192.168.1.5,3280685443,3449445222,2070,1,48653
126,1574591305.342328,192.168.1.4,192.168.1.5,3280687513,3449445222,1120,1,49773
127,1574591305.344073,192.168.1.5,192.168.1.4,3449445222,3280688633,86,0,49687
128,1574591305.344356,192.168.1.5,192.168.1.4,3449445308,3280688633,108,0,49579
129,1574591305.344664,192.168.1.5,192.168.1.4,257046653,3618672214,24,0,49555
130,1574591305.344803,192.168.1.5,192.168.1.4,1340955284,732309278,24,0,49531
131,1574591305.34496,192.168.1.5,192.168.1.4,3330723564,3251567206,24,0,49507
132,1574591305.345111,192.168.1.5,192.168.1.4,2394910606,796502162,24,0,49483
133,1574591305.345228,192.168.1.5,192.168.1.4,689122335,3409037454,24,0,49459
134,1574591305.361085,192.168.1.5,192.168.1.4,3449445416,3280688633,338,0,49121
135,1574591305.361828,192.168.1.4,192.168.1.5,3280688633,3449445754,305,1,49426
136,1574591305.362035,192.168.1.5,192.168.1.4,3449445754,3280688938,121,0,49305
137,1574591305.362163,192.168.1.5,192.168.1.4,3449445875,3280688938,121,0,49184
138,1574591305.362331,192.168.1.5,192.168.1.4,3449445996,3280688938,122,0,49062
139,1574591305.362448,192.168.1.5,192.168.1.4,3449446118,3280688938,122,0,48940
140,1574591305.368844,192.168.1.5,192.168.1.4,3449446240,3280688938,122,0,48818
141,1574591305.369003,192.168.1.5,192.168.1.4,3449446362,3280688938,122,0,48696
142,1574591305.369126,192.168.1.5,192.168.1.4,3449446484,3280688938,121,0,48575
143,1574591305.369234,192.168.1.5,192.168.1.4,3449446605,3280688938,121,0,48454
144,1574591305.369401,192.168.1.5,192.168.1.4,3449446726,3280688938,122,0,48332
145,1574591305.36952,192.168.1.5,192.168.1.4,3449446848,3280688938,120,0,48212
146,1574591305.36974,192.168.1.5,192.168.1.4,3449446968,3280688938,53,0,48159
147,1574591305.379665,192.168.1.4,192.168.1.5,3280688938,3449447021,2070,1,50229
148,1574591305.383533,192.168.1.4,192.168.1.5,3280691008,3449447021,14480,1,64709
149,1574591305.383786,192.168.1.4,192.168.1.5,3280705488,3449447021,8688,1,73397
150,1574591305.386058,192.168.1.4,192.168.1.5,3280714176,3449447021,9898,1,83295
151,1574591305.400055,192.168.1.4,192.168.1.5,3280724074,3449447021,13032,1,96327
152,1574591305.400181,192.168.1.4,192.168.1.5,3280737106,3449447021,3374,1,99701
153,1574591305.400198,192.168.1.4,192.168.1.5,3280740480,3449447021,16406,1,116107
154,1574591305.400364,192.168.1.4,192.168.1.5,3280756886,3449447021,520,1,116627
155,1574591305.411579,192.168.1.4,192.168.1.5,3280757406,3449447021,16406,1,133033
156,1574591305.411712,192.168.1.4,192.168.1.5,3280773812,3449447021,16406,1,149439
157,1574591305.411877,192.168.1.4,192.168.1.5,3280790218,3449447021,1634,1,151073
158,1574591305.425747,192.168.1.4,192.168.1.5,3280791852,3449447021,16406,1,167479
159,1574591305.425839,192.168.1.4,192.168.1.5,3280808258,3449447021,16406,1,183885
160,1574591305.425872,192.168.1.4,192.168.1.5,3280824664,3449447021,1232,1,185117
161,1574591305.426045,192.168.1.4,192.168.1.5,3280825896,3449447021,2070,1,187187
162,1574591305.426074,192.168.1.4,192.168.1.5,3280827966,3449447021,1478,1,188665
163,1574591305.470327,192.168.1.4,192.168.1.5,3280829444,3449447021,16406,1,205071
164,1574591305.470418,192.168.1.4,192.168.1.5,3280845850,3449447021,16406,1,221477
165,1574591305.470476,192.168.1.4,192.168.1.5,3280862256,3449447021,2896,1,224373
166,1574591305.470568,192.168.1.4,192.168.1.5,3280865152,3449447021,21908,1,246281
167,1574591305.476606,192.168.1.4,192.168.1.5,3280887060,3449447021,1410,1,247691
168,1574591305.477028,192.168.1.4,192.168.1.5,3280888470,3449447021,1410,1,249101
169,1574591305.498793,192.168.1.4,192.168.1.5,3280889880,3449447021,2070,1,251171
170,1574591305.498999,192.168.1.4,192.168.1.5,3280891950,3449447021,2070,1,253241
171,1574591305.499026,192.168.1.4,192.168.1.5,3280894020,3449447021,1478,1,254719
172,1574591305.516819,192.168.1.4,192.168.1.5,3280895498,3449447021,2070,1,256789
173,1574591305.516872,192.168.1.4,192.168.1.5,3280897568,3449447021,750,1,257539
174,1574591305.517147,192.168.1.4,192.168.1.5,3280898318,3449447021,1410,1,258949
175,1574591305.517364,192.168.1.4,192.168.1.5,3280899728,3449447021,1410,1,260359
176,1574591305.518775,192.168.1.4,192.168.1.5,3280901138,3449447021,1410,1,261769
177,1574591305.519394,192.168.1.4,192.168.1.5,3280902548,3449447021,1410,1,263179
178,1574591305.521062,192.168.1.4,192.168.1.5,3280903958,3449447021,2070,1,265249
179,1574591305.553609,192.168.1.4,192.168.1.5,3618672214,257046677,91,1,265340
180,1574591305.553631,192.168.1.4,192.168.1.5,3618672305,257046677,24,1,265364
181,1574591305.562248,192.168.1.4,192.168.1.5,3280906028,3449447021,10528,1,275892
182,1574591305.755483,192.168.1.5,192.168.1.4,3449447021,3280916556,124,0,275768
183,1574591305.757847,192.168.1.5,192.168.1.4,3449447145,3280916556,125,0,275643
184,1574591305.759875,192.168.1.5,192.168.1.4,3449447270,3280916556,124,0,275519
185,1574591305.766689,192.168.1.5,192.168.1.4,3449447394,3280916556,124,0,275395
186,1574591305.768789,192.168.1.5,192.168.1.4,3449447518,3280916556,115,0,275280
187,1574591305.774199,192.168.1.5,192.168.1.4,3449447633,3280916556,124,0,275156
188,1574591305.77496,192.168.1.4,192.168.1.5,3280916556,3449447757,2070,1,277226
189,1574591305.77516,192.168.1.4,192.168.1.5,3280918626,3449447757,2070,1,279296
190,1574591305.775202,192.168.1.4,192.168.1.5,3280920696,3449447757,1716,1,281012
191,1574591305.780034,192.168.1.4,192.168.1.5,3280922412,3449447757,2070,1,283082
192,1574591305.780263,192.168.1.4,192.168.1.5,3280924482,3449447757,2070,1,285152
193,1574591305.780476,192.168.1.4,192.168.1.5,3280926552,3449447757,2070,1,287222
194,1574591305.780502,192.168.1.4,192.168.1.5,3280928622,3449447757,2070,1,289292
195,1574591305.780527,192.168.1.4,192.168.1.5,3280930692,3449447757,2070,1,291362
196,1574591305.780751,192.168.1.4,192.168.1.5,3280932762,3449447757,2070,1,293432
197,1574591305.781801,192.168.1.4,192.168.1.5,3280934832,3449447757,14480,1,307912
198,1574591305.781919,192.168.1.4,192.168.1.5,3280949312,3449447757,1926,1,309838
199,1574591305.78648,192.168.1.5,192.168.1.4,3449447757,3280951238,125,0,309713
200,1574591305.786813,192.168.1.4,192.168.1.5,3251567206,3330723588,91,1,309804
201,1574591305.786953,192.168.1.4,192.168.1.5,3280951238,3449447882,13032,1,322836
202,1574591305.787194,192.168.1.4,192.168.1.5,3280964270,3449447882,3374,1,326210
203,1574591305.787206,192.168.1.4,192.168.1.5,3280967644,3449447882,5890,1,332100
204,1574591305.787211,192.168.1.4,192.168.1.5,796502162,2394910630,91,1,332191
205,1574591305.787274,192.168.1.4,192.168.1.5,796502253,2394910630,24,1,332215
206,1574591305.788252,192.168.1.4,192.168.1.5,1678326180,1847605034,91,1,332306
207,1574591305.788584,192.168.1.4,192.168.1.5,3251567297,3330723589,24,1,332330
208,1574591305.792311,192.168.1.5,192.168.1.4,1847605034,1678326271,539,0,331791
209,1574591305.81509,192.168.1.4,192.168.1.5,3280973534,3449447882,16406,1,348197
210,1574591305.815223,192.168.1.4,192.168.1.5,3280989940,3449447882,16406,1,364603
211,1574591305.815408,192.168.1.4,192.168.1.5,3281006346,3449447882,16406,1,381009
212,1574591305.815547,192.168.1.4,192.168.1.5,3281022752,3449447882,16353,1,397362
213,1574591305.815739,192.168.1.4,192.168.1.5,3281039105,3449447882,1997,1,399359
214,1574591305.848283,192.168.1.4,192.168.1.5,1678326271,1847605573,2070,1,401429
215,1574591305.858524,192.168.1.4,192.168.1.5,3281041102,3449447882,16406,1,417835
216,1574591305.858626,192.168.1.4,192.168.1.5,3281057508,3449447882,16406,1,434241
217,1574591305.858763,192.168.1.4,192.168.1.5,3281073914,3449447882,10047,1,444288
218,1574591305.858973,192.168.1.4,192.168.1.5,3281083961,3449447882,2070,1,446358
219,1574591305.85916,192.168.1.4,192.168.1.5,3281086031,3449447882,2070,1,448428
220,1574591305.877656,192.168.1.4,192.168.1.5,3281088101,3449447882,16406,1,464834
221,1574591305.877724,192.168.1.4,192.168.1.5,3281104507,3449447882,16406,1,481240
222,1574591305.877949,192.168.1.4,192.168.1.5,3281120913,3449447882,11584,1,492824
223,1574591305.878026,192.168.1.4,192.168.1.5,3281132497,3449447882,21175,1,513999
224,1574591305.878122,192.168.1.4,192.168.1.5,3281153672,3449447882,4199,1,518198
225,1574591305.879119,192.168.1.4,192.168.1.5,3281157871,3449447882,2070,1,520268
226,1574591305.879426,192.168.1.4,192.168.1.5,3281159941,3449447882,2070,1,522338
227,1574591305.890167,192.168.1.4,192.168.1.5,1678328341,1847605573,1121,1,523459
228,1574591305.90342,192.168.1.4,192.168.1.5,3409037454,689122359,91,1,523550
229,1574591305.903632,192.168.1.4,192.168.1.5,3409037545,689122359,24,1,523574
230,1574591305.921312,192.168.1.5,192.168.1.4,1847605573,1678329462,86,0,523488
231,1574591305.922283,192.168.1.4,192.168.1.5,3281162011,3449447882,16406,1,539894
232,1574591305.922361,192.168.1.4,192.168.1.5,3281178417,3449447882,15067,1,554961
233,1574591305.928979,192.168.1.5,192.168.1.4,3449447882,3281193484,125,0,554836
234,1574591305.937095,192.168.1.5,192.168.1.4,3449448007,3281193484,124,0,554712
235,1574591305.937346,192.168.1.5,192.168.1.4,3449448131,3281193484,116,0,554596
236,1574591305.937531,192.168.1.5,192.168.1.4,3449448247,3281193484,116,0,554480
237,1574591305.93764,192.168.1.5,192.168.1.4,3449448363,3281193484,124,0,554356
238,1574591305.93775,192.168.1.5,192.168.1.4,3449448487,3281193484,124,0,554232
239,1574591305.937854,192.168.1.5,192.168.1.4,3449448611,3281193484,124,0,554108
240,1574591305.937987,192.168.1.5,192.168.1.4,3449448735,3281193484,124,0,553984
241,1574591305.938149,192.168.1.5,192.168.1.4,3449448859,3281193484,124,0,553860
242,1574591305.938259,192.168.1.5,192.168.1.4,3449448983,3281193484,124,0,553736
243,1574591305.938375,192.168.1.5,192.168.1.4,3449449107,3281193484,124,0,553612
244,1574591305.938503,192.168.1.5,192.168.1.4,3449449231,3281193484,123,0,553489
245,1574591305.938628,192.168.1.5,192.168.1.4,3449449354,3281193484,124,0,553365
246,1574591305.938731,192.168.1.5,192.168.1.4,3449449478,3281193484,124,0,553241
247,1574591305.938853,192.168.1.5,192.168.1.4,3449449602,3281193484,124,0,553117
248,1574591305.941481,192.168.1.4,192.168.1.5,1678329462,1847605659,274,1,553391
249,1574591305.949277,192.168.1.4,192.168.1.5,3281193484,3449449726,2070,1,555461
250,1574591305.950346,192.168.1.5,192.168.1.4,3449449726,3281195554,124,0,555337
251,1574591305.950492,192.168.1.5,192.168.1.4,3449449850,3281195554,124,0,555213
252,1574591305.950598,192.168.1.5,192.168.1.4,3449449974,3281195554,116,0,555097
253,1574591305.950706,192.168.1.5,192.168.1.4,3449450090,3281195554,115,0,554982
254,1574591305.950809,192.168.1.5,192.168.1.4,3449450205,3281195554,115,0,554867
255,1574591305.950918,192.168.1.5,192.168.1.4,3449450320,3281195554,115,0,554752
256,1574591305.950993,192.168.1.4,192.168.1.5,3281195554,3449450320,13032,1,567784
257,1574591305.951092,192.168.1.4,192.168.1.5,3281208586,3449450320,3374,1,571158
258,1574591305.951099,192.168.1.4,192.168.1.5,3281211960,3449450435,4014,1,575172
259,1574591305.951304,192.168.1.5,192.168.1.4,3449450435,3281215974,124,0,575048
260,1574591305.951426,192.168.1.5,192.168.1.4,3449450559,3281215974,124,0,574924
261,1574591305.951468,192.168.1.4,192.168.1.5,3281215974,3449450435,2070,1,576994
262,1574591305.95163,192.168.1.5,192.168.1.4,3449450683,3281218044,123,0,576871
263,1574591305.951671,192.168.1.4,192.168.1.5,3281218044,3449450683,2070,1,578941
264,1574591305.951857,192.168.1.5,192.168.1.4,3449450806,3281220114,116,0,578825
265,1574591305.952126,192.168.1.4,192.168.1.5,3281220114,3449450922,2070,1,580895
266,1574591305.956273,192.168.1.5,192.168.1.4,1847605659,1678329736,108,0,580787
267,1574591305.974703,192.168.1.4,192.168.1.5,3281222184,3449450922,13032,1,593819
268,1574591305.974799,192.168.1.4,192.168.1.5,3281235216,3449450922,3374,1,597193
269,1574591305.974814,192.168.1.4,192.168.1.5,3281238590,3449450922,16406,1,613599
270,1574591305.975041,192.168.1.4,192.168.1.5,3281254996,3449450922,8688,1,622287
271,1574591305.975137,192.168.1.4,192.168.1.5,3281263684,3449450922,24071,1,646358
272,1574591305.975272,192.168.1.4,192.168.1.5,3281287755,3449450922,257,1,646615
273,1574591305.99884,192.168.1.5,192.168.1.4,1847605767,1678329736,53,0,646562
274,1574591305.999063,192.168.1.5,192.168.1.4,1847605820,1678329736,295,0,646267
275,1574591306.00305,192.168.1.5,192.168.1.4,536726628,1352071244,343,0,645924
276,1574591306.003519,192.168.1.4,192.168.1.5,1352071244,536726971,99,1,646023
277,1574591306.00375,192.168.1.5,192.168.1.4,536726971,1352071343,382,0,645641
278,1574591306.014339,192.168.1.4,192.168.1.5,1678329736,1847606115,53,1,645694
279,1574591306.014427,192.168.1.4,192.168.1.5,3281288012,3449450922,16406,1,662100
280,1574591306.014495,192.168.1.4,192.168.1.5,3281304418,3449450922,4344,1,666444
281,1574591306.014622,192.168.1.4,192.168.1.5,3281308762,3449450922,12062,1,678506
282,1574591306.01465,192.168.1.4,192.168.1.5,3281320824,3449450922,7240,1,685746
283,1574591306.014743,192.168.1.4,192.168.1.5,3281328064,3449450922,7240,1,692986
284,1574591306.014808,192.168.1.4,192.168.1.5,3281335304,3449450922,1926,1,694912
285,1574591306.014945,192.168.1.4,192.168.1.5,3281337230,3449450922,8688,1,703600
286,1574591306.014996,192.168.1.4,192.168.1.5,3281345918,3449450922,7718,1,711318
287,1574591306.015068,192.168.1.4,192.168.1.5,3281353636,3449450922,1879,1,713197
288,1574591306.016839,192.168.1.4,192.168.1.5,1352071343,536727353,2266,1,715463
289,1574591306.017685,192.168.1.5,192.168.1.4,536727353,1352073609,74,0,715389
290,1574591306.017852,192.168.1.5,192.168.1.4,536727427,1352073609,245,0,715144
291,1574591306.018109,192.168.1.4,192.168.1.5,1352073609,536727672,79,1,715223
292,1574591306.018126,192.168.1.4,192.168.1.5,1352073688,536727672,79,1,715302
293,1574591306.054514,192.168.1.4,192.168.1.5,1678329789,1847606115,57,1,715359
294,1574591306.05828,192.168.1.4,192.168.1.5,3281355515,3449450922,16406,1,731765
295,1574591306.05834,192.168.1.4,192.168.1.5,3281371921,3449450922,1767,1,733532
296,1574591306.059452,192.168.1.4,192.168.1.5,3281373688,3449450922,2798,1,736330
297,1574591306.060367,192.168.1.4,192.168.1.5,3281376486,3449450922,2798,1,739128
298,1574591306.062857,192.168.1.4,192.168.1.5,3281379284,3449450922,16406,1,755534
299,1574591306.062929,192.168.1.4,192.168.1.5,3281395690,3449450922,16406,1,771940
300,1574591306.062973,192.168.1.4,192.168.1.5,3281412096,3449450922,2896,1,774836
301,1574591306.063227,192.168.1.4,192.168.1.5,3281414992,3449450922,446,1,775282
302,1574591306.063463,192.168.1.4,192.168.1.5,3281415438,3449450922,4030,1,779312
303,1574591306.064507,192.168.1.4,192.168.1.5,3281419468,3449450922,1410,1,780722
304,1574591306.06715,192.168.1.4,192.168.1.5,3281420878,3449450922,16406,1,797128
305,1574591306.067192,192.168.1.4,192.168.1.5,3281437284,3449450922,294,1,797422
306,1574591306.067621,192.168.1.4,192.168.1.5,3281437578,3449450922,1222,1,798644
307,1574591306.072429,192.168.1.4,192.168.1.5,3281438800,3449450922,16406,1,815050
308,1574591306.072529,192.168.1.4,192.168.1.5,3281455206,3449450922,16406,1,831456
309,1574591306.072671,192.168.1.4,192.168.1.5,3281471612,3449450922,16406,1,847862
310,1574591306.072942,192.168.1.4,192.168.1.5,3281488018,3449450922,10136,1,857998
311,1574591306.07308,192.168.1.4,192.168.1.5,3281498154,3449450922,6270,1,864268
312,1574591306.073126,192.168.1.4,192.168.1.5,3281504424,3449450922,16406,1,880674
313,1574591306.07314,192.168.1.4,192.168.1.5,3281520830,3449450922,2827,1,883501
314,1574591306.075147,192.168.1.4,192.168.1.5,3281523657,3449450922,5574,1,889075
315,1574591306.075975,192.168.1.4,192.168.1.5,3281529231,3449450922,2798,1,891873
316,1574591306.077711,192.168.1.4,192.168.1.5,1678329846,1847606115,1011,1,892884
317,1574591306.104979,192.168.1.4,192.168.1.5,3281532029,3449450922,16406,1,909290
318,1574591306.105047,192.168.1.4,192.168.1.5,3281548435,3449450922,16406,1,925696
319,1574591306.105076,192.168.1.4,192.168.1.5,3281564841,3449450922,5792,1,931488
320,1574591306.105355,192.168.1.4,192.168.1.5,3281570633,3449450922,11584,1,943072
321,1574591306.105518,192.168.1.4,192.168.1.5,3281582217,3449450922,19322,1,962394
322,1574591306.10555,192.168.1.4,192.168.1.5,3281601539,3449450922,1410,1,963804
323,1574591306.106845,192.168.1.4,192.168.1.5,3281602949,3449450922,2798,1,966602
324,1574591306.107767,192.168.1.4,192.168.1.5,3281605747,3449450922,2798,1,969400
325,1574591306.111439,192.168.1.4,192.168.1.5,3281608545,3449450922,8350,1,977750
326,1574591306.113939,192.168.1.4,192.168.1.5,3281616895,3449450922,4186,1,981936
327,1574591306.113988,192.168.1.4,192.168.1.5,3281621081,3449450922,1410,1,983346
328,1574591306.114899,192.168.1.4,192.168.1.5,3281622491,3449450922,2798,1,986144
329,1574591306.11632,192.168.1.4,192.168.1.5,3281625289,3449450922,2798,1,988942
330,1574591306.1171,192.168.1.4,192.168.1.5,3281628087,3449450922,2798,1,991740
331,1574591306.11789,192.168.1.4,192.168.1.5,3281630885,3449450922,2798,1,994538
332,1574591306.11871,192.168.1.4,192.168.1.5,3281633683,3449450922,2798,1,997336
333,1574591306.120067,192.168.1.4,192.168.1.5,3281636481,3449450922,2798,1,1000134
334,1574591306.1212,192.168.1.4,192.168.1.5,3281639279,3449450922,2798,1,1002932
335,1574591306.12351,192.168.1.4,192.168.1.5,3281642077,3449450922,4186,1,1007118
336,1574591306.125077,192.168.1.4,192.168.1.5,3281646263,3449450922,4186,1,1011304
337,1574591306.125845,192.168.1.4,192.168.1.5,3281650449,3449450922,2798,1,1014102
338,1574591306.128101,192.168.1.4,192.168.1.5,3281653247,3449450922,5574,1,1019676
339,1574591306.128818,192.168.1.4,192.168.1.5,3281658821,3449450922,1410,1,1021086
340,1574591306.129372,192.168.1.4,192.168.1.5,3281660231,3449450922,1410,1,1022496
341,1574591306.155146,192.168.1.4,192.168.1.5,732309278,1340955308,91,1,1022587
342,1574591306.155163,192.168.1.4,192.168.1.5,732309369,1340955308,24,1,1022611
343,1574591306.157532,192.168.1.4,192.168.1.5,3281661641,3449450922,16406,1,1039017
344,1574591306.157595,192.168.1.4,192.168.1.5,3281678047,3449450922,16406,1,1055423
345,1574591306.157632,192.168.1.4,192.168.1.5,3281694453,3449450922,7240,1,1062663
346,1574591306.157828,192.168.1.4,192.168.1.5,3281701693,3449450922,11584,1,1074247
347,1574591306.158668,192.168.1.4,192.168.1.5,3281713277,3449450922,14891,1,1089138
348,1574591306.160527,192.168.1.4,192.168.1.5,3281728168,3449450922,7312,1,1096450
349,1574591306.164969,192.168.1.4,192.168.1.5,3281735480,3449450922,10069,1,1106519
350,1574591306.166511,192.168.1.4,192.168.1.5,3281745549,3449450922,2798,1,1109317
351,1574591306.175981,192.168.1.4,192.168.1.5,3281748347,3449450922,16406,1,1125723
352,1574591306.176014,192.168.1.4,192.168.1.5,3281764753,3449450922,3895,1,1129618
353,1574591306.177011,192.168.1.4,192.168.1.5,3281768648,3449450922,2070,1,1131688
354,1574591306.17723,192.168.1.4,192.168.1.5,3281770718,3449450922,3526,1,1135214
355,1574591306.180191,192.168.1.4,192.168.1.5,3281774244,3449450922,8350,1,1143564
356,1574591306.180827,192.168.1.4,192.168.1.5,3281782594,3449450922,2798,1,1146362
357,1574591306.181466,192.168.1.4,192.168.1.5,3281785392,3449450922,1410,1,1147772
358,1574591306.182061,192.168.1.4,192.168.1.5,3281786802,3449450922,1410,1,1149182
359,1574591306.210985,192.168.1.4,192.168.1.5,3281788212,3449450922,16406,1,1165588
360,1574591306.211076,192.168.1.4,192.168.1.5,3281804618,3449450922,16406,1,1181994
361,1574591306.211414,192.168.1.4,192.168.1.5,3281821024,3449450922,17376,1,1199370
362,1574591306.21159,192.168.1.4,192.168.1.5,3281838400,3449450922,15467,1,1214837
363,1574591306.211627,192.168.1.4,192.168.1.5,3281853867,3449450922,3548,1,1218385
364,1574591306.214405,192.168.1.4,192.168.1.5,3281857415,3449450922,2070,1,1220455
365,1574591306.214451,192.168.1.4,192.168.1.5,3281859485,3449450922,2070,1,1222525
366,1574591306.240482,192.168.1.4,192.168.1.5,3281861555,3449450922,16406,1,1238931
367,1574591306.240728,192.168.1.4,192.168.1.5,3281877961,3449450922,16406,1,1255337
368,1574591306.240829,192.168.1.4,192.168.1.5,3281894367,3449450922,21720,1,1277057
369,1574591306.240941,192.168.1.4,192.168.1.5,3281916087,3449450922,11039,1,1288096
370,1574591306.241071,192.168.1.4,192.168.1.5,3281927126,3449450922,278,1,1288374
371,1574591306.241197,192.168.1.4,192.168.1.5,3281927404,3449450922,1410,1,1289784
372,1574591306.241381,192.168.1.4,192.168.1.5,3281928814,3449450922,1410,1,1291194
373,1574591306.276181,192.168.1.4,192.168.1.5,3281930224,3449450922,16406,1,1307600
374,1574591306.276284,192.168.1.4,192.168.1.5,3281946630,3449450922,16406,1,1324006
375,1574591306.276335,192.168.1.4,192.168.1.5,3281963036,3449450922,4344,1,1328350
376,1574591306.276441,192.168.1.4,192.168.1.5,3281967380,3449450922,24616,1,1352966
377,1574591306.276618,192.168.1.4,192.168.1.5,3281991996,3449450922,4523,1,1357489
378,1574591306.276745,192.168.1.4,192.168.1.5,3281996519,3449450922,2070,1,1359559
379,1574591306.276893,192.168.1.4,192.168.1.5,3281998589,3449450922,2070,1,1361629
380,1574591306.318304,192.168.1.4,192.168.1.5,3282000659,3449450922,12718,1,1374347
381,1574591306.354713,192.168.1.5,192.168.1.4,4051254737,2836727331,343,0,1374004
382,1574591306.35514,192.168.1.4,192.168.1.5,2836727331,4051255080,99,1,1374103
383,1574591306.355463,192.168.1.5,192.168.1.4,4051255080,2836727430,382,0,1373721
384,1574591306.36513,192.168.1.4,192.168.1.5,2836727430,4051255462,2266,1,1375987
385,1574591306.366352,192.168.1.5,192.168.1.4,4051255462,2836729696,74,0,1375913
386,1574591306.36652,192.168.1.5,192.168.1.4,4051255536,2836729696,245,0,1375668
387,1574591306.366824,192.168.1.4,192.168.1.5,2836729696,4051255781,79,1,1375747
388,1574591306.368732,192.168.1.4,192.168.1.5,2836729775,4051255781,79,1,1375826
389,1574591307.209369,192.168.1.4,192.168.1.5,2100718038,1076440780,91,1,1375917
390,1574591307.209721,192.168.1.5,192.168.1.4,1076440780,2100718129,539,0,1375378
391,1574591307.252649,192.168.1.4,192.168.1.5,2100718129,1076441319,2070,1,1377448
392,1574591307.294324,192.168.1.4,192.168.1.5,2100720199,1076441319,1757,1,1379205
393,1574591307.29805,192.168.1.5,192.168.1.4,1076441319,2100721956,86,0,1379119
394,1574591307.298491,192.168.1.5,192.168.1.4,1076441405,2100721956,108,0,1379011
395,1574591307.29883,192.168.1.5,192.168.1.4,1076441513,2100721956,279,0,1378732
396,1574591307.335847,192.168.1.4,192.168.1.5,2100721956,1076441792,2070,1,1380802
397,1574591307.339504,192.168.1.5,192.168.1.4,1076441792,2100724026,53,0,1380749
398,1574591307.34005,192.168.1.4,192.168.1.5,2100724026,1076441845,1405,1,1382154
399,1574591307.340489,192.168.1.5,192.168.1.4,1076441845,2100725431,61,0,1382093
400,1574591307.374665,192.168.1.5,192.168.1.4,1809373147,940958044,343,0,1381750
401,1574591307.375194,192.168.1.4,192.168.1.5,940958044,1809373490,99,1,1381849
402,1574591307.375495,192.168.1.5,192.168.1.4,1809373490,940958143,382,0,1381467
403,1574591307.38511,192.168.1.4,192.168.1.5,940958143,1809373872,2266,1,1383733
404,1574591307.386157,192.168.1.5,192.168.1.4,1809373872,940960409,74,0,1383659
405,1574591307.386323,192.168.1.5,192.168.1.4,1809373946,940960409,247,0,1383412
406,1574591307.386693,192.168.1.4,192.168.1.5,940960409,1809374193,79,1,1383491
407,1574591307.387329,192.168.1.4,192.168.1.5,940960488,1809374193,79,1,1383570
408,1574591307.476637,192.168.1.5,192.168.1.4,834067379,2825238892,197,0,1383373
409,1574591307.478997,192.168.1.5,192.168.1.4,834067576,2825238892,108,0,1383265
410,1574591307.490079,192.168.1.5,192.168.1.4,3449450922,3282013377,124,0,1383141
411,1574591307.492281,192.168.1.5,192.168.1.4,3449451046,3282013377,123,0,1383018
412,1574591307.494397,192.168.1.5,192.168.1.4,3449451169,3282013377,116,0,1382902
413,1574591307.496528,192.168.1.5,192.168.1.4,3449451285,3282013377,116,0,1382786
414,1574591307.503382,192.168.1.5,192.168.1.4,3449451401,3282013377,116,0,1382670
415,1574591307.506622,192.168.1.5,192.168.1.4,3449451517,3282013377,116,0,1382554
416,1574591307.508928,192.168.1.5,192.168.1.4,3449451633,3282013377,116,0,1382438
417,1574591307.510875,192.168.1.5,192.168.1.4,3449451749,3282013377,124,0,1382314
418,1574591307.512967,192.168.1.5,192.168.1.4,3449451873,3282013377,116,0,1382198
419,1574591307.525032,192.168.1.4,192.168.1.5,2825238892,834067684,57,1,1382255
420,1574591307.528186,192.168.1.4,192.168.1.5,2825238949,834067684,5506,1,1387761
421,1574591307.528465,192.168.1.4,192.168.1.5,3282013377,3449451989,14480,1,1402241
422,1574591307.528661,192.168.1.4,192.168.1.5,3282027857,3449451989,10136,1,1412377
423,1574591307.529945,192.168.1.4,192.168.1.5,3282037993,3449451989,2126,1,1414503
424,1574591307.529987,192.168.1.4,192.168.1.5,3282040119,3449451989,1631,1,1416134
425,1574591307.529996,192.168.1.4,192.168.1.5,3282041750,3449451989,4118,1,1420252
426,1574591307.570298,192.168.1.4,192.168.1.5,2825244455,834067684,6321,1,1426573
427,1574591307.570385,192.168.1.4,192.168.1.5,3282045868,3449451989,16406,1,1442979
428,1574591307.570485,192.168.1.4,192.168.1.5,3282062274,3449451989,5704,1,1448683
429,1574591307.759879,192.168.1.5,192.168.1.4,4230577573,2973728714,343,0,1448340
430,1574591307.761214,192.168.1.4,192.168.1.5,2973728714,4230577916,99,1,1448439
431,1574591307.761561,192.168.1.5,192.168.1.4,4230577916,2973728813,382,0,1448057
432,1574591307.763562,192.168.1.5,192.168.1.4,1352382420,2794028291,343,0,1447714
433,1574591307.764831,192.168.1.5,192.168.1.4,3753064253,723704228,343,0,1447371
434,1574591307.766536,192.168.1.4,192.168.1.5,2794028291,1352382763,99,1,1447470
435,1574591307.768074,192.168.1.5,192.168.1.4,1352382763,2794028390,382,0,1447088
436,1574591307.770635,192.168.1.4,192.168.1.5,723704228,3753064596,99,1,1447187
437,1574591307.770977,192.168.1.5,192.168.1.4,3753064596,723704327,382,0,1446805
438,1574591307.778232,192.168.1.4,192.168.1.5,2973728813,4230578298,2266,1,1449071
439,1574591307.779426,192.168.1.5,192.168.1.4,4230578298,2973731079,74,0,1448997
440,1574591307.779531,192.168.1.5,192.168.1.4,4230578372,2973731079,245,0,1448752
441,1574591307.790864,192.168.1.4,192.168.1.5,723704327,3753064978,2266,1,1451018
442,1574591307.791008,192.168.1.4,192.168.1.5,2973731079,4230578617,79,1,1451097
443,1574591307.791079,192.168.1.4,192.168.1.5,2973731158,4230578617,79,1,1451176
444,1574591307.79218,192.168.1.5,192.168.1.4,3753064978,723706593,74,0,1451102
445,1574591307.792326,192.168.1.5,192.168.1.4,3753065052,723706593,245,0,1450857
446,1574591307.794256,192.168.1.4,192.168.1.5,2794028390,1352383145,2266,1,1453123
447,1574591307.794514,192.168.1.4,192.168.1.5,723706593,3753065297,79,1,1453202
448,1574591307.794583,192.168.1.4,192.168.1.5,723706672,3753065297,79,1,1453281
449,1574591307.795351,192.168.1.5,192.168.1.4,1352383145,2794030656,74,0,1453207
450,1574591307.795474,192.168.1.5,192.168.1.4,1352383219,2794030656,245,0,1452962
451,1574591307.795667,192.168.1.4,192.168.1.5,2794030656,1352383219,79,1,1453041
452,1574591307.795781,192.168.1.4,192.168.1.5,2794030735,1352383464,79,1,1453120
453,1574591308.152019,192.168.1.5,192.168.1.4,33377712,1028940387,343,0,1452777
454,1574591308.152831,192.168.1.4,192.168.1.5,1028940387,33378055,99,1,1452876
455,1574591308.153554,192.168.1.5,192.168.1.4,33378055,1028940486,382,0,1452494
456,1574591308.167983,192.168.1.4,192.168.1.5,1028940486,33378437,2266,1,1454760
457,1574591308.168828,192.168.1.5,192.168.1.4,33378437,1028942752,74,0,1454686
458,1574591308.168941,192.168.1.5,192.168.1.4,33378511,1028942752,245,0,1454441
459,1574591308.169163,192.168.1.4,192.168.1.5,1028942752,33378511,79,1,1454520
460,1574591308.169269,192.168.1.4,192.168.1.5,1028942831,33378756,79,1,1454599
461,1574591308.898864,192.168.1.4,192.168.1.5,1352073767,536727672,91,1,1454690
462,1574591308.899432,192.168.1.5,192.168.1.4,536727672,1352073858,539,0,1454151
463,1574591308.922538,192.168.1.4,192.168.1.5,1352073858,536728211,1410,1,1455561
464,1574591308.966385,192.168.1.4,192.168.1.5,1352075268,536728211,1780,1,1457341
465,1574591308.968991,192.168.1.5,192.168.1.4,536728211,1352077048,86,0,1457255
466,1574591308.969539,192.168.1.5,192.168.1.4,536728297,1352077048,108,0,1457147
467,1574591308.969849,192.168.1.5,192.168.1.4,4051255781,2836729854,24,0,1457123
468,1574591308.970912,192.168.1.5,192.168.1.4,4230578617,2973731237,24,0,1457099
469,1574591308.971405,192.168.1.5,192.168.1.4,1352383464,2794030814,24,0,1457075
470,1574591308.971648,192.168.1.5,192.168.1.4,3753065297,723706751,24,0,1457051
471,1574591308.972508,192.168.1.5,192.168.1.4,33378756,1028942910,24,0,1457027
472,1574591308.975498,192.168.1.5,192.168.1.4,536728405,1352077048,355,0,1456672
473,1574591308.976313,192.168.1.5,192.168.1.4,536728760,1352077048,167,0,1456505
474,1574591308.976715,192.168.1.5,192.168.1.4,536728927,1352077048,166,0,1456339
475,1574591308.977116,192.168.1.5,192.168.1.4,536729093,1352077048,167,0,1456172
476,1574591308.977362,192.168.1.5,192.168.1.4,536729260,1352077048,101,0,1456071
477,1574591308.977712,192.168.1.5,192.168.1.4,536729361,1352077048,121,0,1455950
478,1574591308.987881,192.168.1.4,192.168.1.5,1352077048,536729482,274,1,1456224
479,1574591308.988212,192.168.1.5,192.168.1.4,536729482,1352077322,53,0,1456171
480,1574591308.991134,192.168.1.4,192.168.1.5,1352077322,536729535,53,1,1456224
481,1574591309.001994,192.168.1.4,192.168.1.5,1352077375,536729535,11584,1,1467808
482,1574591309.002315,192.168.1.4,192.168.1.5,1352088959,536729535,11584,1,1479392
483,1574591309.002509,192.168.1.4,192.168.1.5,1352100543,536729535,10306,1,1489698
484,1574591309.046378,192.168.1.4,192.168.1.5,1352110849,536729535,12165,1,1501863
485,1574591309.683594,192.168.1.4,192.168.1.5,2836729854,4051255805,91,1,1501954
486,1574591309.684128,192.168.1.4,192.168.1.5,2836729945,4051255805,24,1,1501978
487,1574591309.794633,192.168.1.4,192.168.1.5,940960567,1809374193,91,1,1502069
488,1574591309.795246,192.168.1.5,192.168.1.4,1809374193,940960658,539,0,1501530
489,1574591309.818629,192.168.1.4,192.168.1.5,940960658,1809374732,2070,1,1503600
490,1574591309.862419,192.168.1.4,192.168.1.5,940962728,1809374732,1120,1,1504720
491,1574591309.867231,192.168.1.5,192.168.1.4,1809374732,940963848,86,0,1504634
492,1574591309.868816,192.168.1.5,192.168.1.4,1809374818,940963848,108,0,1504526
493,1574591309.870369,192.168.1.5,192.168.1.4,1809374926,940963848,271,0,1504255
494,1574591309.885782,192.168.1.4,192.168.1.5,940963848,1809375197,274,1,1504529
495,1574591309.887407,192.168.1.5,192.168.1.4,1809375197,940964122,53,0,1504476
496,1574591309.889814,192.168.1.4,192.168.1.5,940964122,1809375250,2070,1,1506546
497,1574591309.93061,192.168.1.4,192.168.1.5,940966192,1809375250,14480,1,1521026
498,1574591309.931128,192.168.1.4,192.168.1.5,940980672,1809375250,4344,1,1525370
499,1574591309.931619,192.168.1.4,192.168.1.5,940985016,1809375250,6860,1,1532230
500,1574591309.964656,192.168.1.5,192.168.1.4,1809375250,940991876,112,0,1532118
501,1574591309.982772,192.168.1.4,192.168.1.5,940991876,1809375362,57,1,1532175
502,1574591309.991974,192.168.1.4,192.168.1.5,940991933,1809375362,16406,1,1548581
503,1574591309.992151,192.168.1.4,192.168.1.5,941008339,1809375362,10136,1,1558717
504,1574591309.992374,192.168.1.4,192.168.1.5,941018475,1809375362,6554,1,1565271
505,1574591310.005958,192.168.1.4,192.168.1.5,723706751,3753065321,91,1,1565362
506,1574591310.006125,192.168.1.4,192.168.1.5,2973731237,4230578641,91,1,1565453
507,1574591310.006268,192.168.1.4,192.168.1.5,2794030814,1352383488,91,1,1565544
508,1574591310.006394,192.168.1.4,192.168.1.5,2973731328,4230578641,24,1,1565568
509,1574591310.007241,192.168.1.4,192.168.1.5,2794030905,1352383488,24,1,1565592
510,1574591310.008036,192.168.1.4,192.168.1.5,723706842,3753065322,24,1,1565616
511,1574591310.019874,192.168.1.4,192.168.1.5,941025029,1809375362,14480,1,1580096
512,1574591310.020052,192.168.1.4,192.168.1.5,941039509,1809375362,1926,1,1582022
513,1574591310.020085,192.168.1.4,192.168.1.5,941041435,1809375362,13032,1,1595054
514,1574591310.020115,192.168.1.4,192.168.1.5,941054467,1809375362,3374,1,1598428
515,1574591310.020121,192.168.1.4,192.168.1.5,941057841,1809375362,430,1,1598858
516,1574591310.062525,192.168.1.4,192.168.1.5,941058271,1809375362,16406,1,1615264
517,1574591310.06262,192.168.1.4,192.168.1.5,941074677,1809375362,5470,1,1620734
518,1574591310.109451,192.168.1.5,192.168.1.4,1809375362,941080147,111,0,1620623
519,1574591310.127287,192.168.1.4,192.168.1.5,941080147,1809375473,195,1,1620818
520,1574591310.129311,192.168.1.4,192.168.1.5,941080342,1809375473,2070,1,1622888
521,1574591310.129528,192.168.1.4,192.168.1.5,941082412,1809375473,2070,1,1624958
522,1574591310.146419,192.168.1.4,192.168.1.5,941084482,1809375473,15928,1,1640886
523,1574591310.146688,192.168.1.4,192.168.1.5,941100410,1809375473,478,1,1641364
524,1574591310.146861,192.168.1.4,192.168.1.5,941100888,1809375473,14480,1,1655844
525,1574591310.147008,192.168.1.4,192.168.1.5,941115368,1809375473,1926,1,1657770
526,1574591310.147137,192.168.1.4,192.168.1.5,941117294,1809375473,1886,1,1659656
527,1574591310.147385,192.168.1.4,192.168.1.5,941119180,1809375473,2070,1,1661726
528,1574591310.147602,192.168.1.4,192.168.1.5,941121250,1809375473,2070,1,1663796
529,1574591310.153905,192.168.1.4,192.168.1.5,941123320,1809375473,16406,1,1680202
530,1574591310.154213,192.168.1.4,192.168.1.5,941139726,1809375473,15928,1,1696130
531,1574591310.15472,192.168.1.4,192.168.1.5,941155654,1809375473,478,1,1696608
532,1574591310.154917,192.168.1.4,192.168.1.5,941156132,1809375473,498,1,1697106
533,1574591310.15515,192.168.1.4,192.168.1.5,941156630,1809375473,2070,1,1699176
534,1574591310.155346,192.168.1.4,192.168.1.5,941158700,1809375473,2070,1,1701246
535,1574591310.198401,192.168.1.4,192.168.1.5,941160770,1809375473,7291,1,1708537
536,1574591310.227239,192.168.1.5,192.168.1.4,834067684,2825250776,291,0,1708246
537,1574591310.229401,192.168.1.5,192.168.1.4,834067975,2825250776,265,0,1707981
538,1574591310.248265,192.168.1.4,192.168.1.5,2825250776,834068240,298,1,1708279
539,1574591310.249375,192.168.1.4,192.168.1.5,2825251074,834068240,57,1,1708336
540,1574591310.249816,192.168.1.4,192.168.1.5,2825251131,834068240,144,1,1708480
541,1574591310.313308,192.168.1.5,192.168.1.4,536729535,1352123014,98,0,1708382
