index,time,src_ip,dst_ip,tcp_seq,tcp_ack,tcp_len,direction,cumul_sum
1,1574591311.987779,192.168.1.4,192.168.1.5,1028942910,33378780,91,1,91
2,1574591311.987802,192.168.1.4,192.168.1.5,1028943001,33378780,24,1,115
3,1574591314.268062,192.168.1.5,192.168.1.4,1371463220,3505125892,343,0,-228
4,1574591314.268834,192.168.1.4,192.168.1.5,3505125892,1371463563,99,1,-129
5,1574591314.269501,192.168.1.5,192.168.1.4,1371463563,3505125991,382,0,-511
6,1574591314.284521,192.168.1.4,192.168.1.5,3505125991,1371463945,2266,1,1755
7,1574591314.28543,192.168.1.5,192.168.1.4,1371463945,3505128257,74,0,1681
8,1574591314.285603,192.168.1.5,192.168.1.4,1371464019,3505128257,245,0,1436
9,1574591314.285941,192.168.1.4,192.168.1.5,3505128257,1371464264,79,1,1515
10,1574591314.286046,192.168.1.4,192.168.1.5,3505128336,1371464264,79,1,1594
11,1574591314.4306,192.168.1.5,192.168.1.4,1491232621,3829698514,343,0,1251
12,1574591314.431111,192.168.1.4,192.168.1.5,3829698514,1491232964,99,1,1350
13,1574591314.431442,192.168.1.5,192.168.1.4,1491232964,3829698613,382,0,968
14,1574591314.433858,192.168.1.5,192.168.1.4,1634191745,2501467205,343,0,625
15,1574591314.438475,192.168.1.4,192.168.1.5,2501467205,1634192088,99,1,724
16,1574591314.43892,192.168.1.5,192.168.1.4,1634192088,2501467304,382,0,342
17,1574591314.450955,192.168.1.4,192.168.1.5,3829698613,1491233346,2266,1,2608
18,1574591314.4522,192.168.1.5,192.168.1.4,1491233346,3829700879,74,0,2534
19,1574591314.452356,192.168.1.5,192.168.1.4,1491233420,3829700879,239,0,2295
20,1574591314.462615,192.168.1.4,192.168.1.5,2501467304,1634192470,2266,1,4561
21,1574591314.462768,192.168.1.4,192.168.1.5,3829700879,1491233659,79,1,4640
22,1574591314.462922,192.168.1.4,192.168.1.5,3829700958,1491233659,79,1,4719
23,1574591314.464163,192.168.1.5,192.168.1.4,1634192470,2501469570,74,0,4645
24,1574591314.464313,192.168.1.5,192.168.1.4,1634192544,2501469570,239,0,4406
25,1574591314.464561,192.168.1.4,192.168.1.5,2501469570,1634192783,79,1,4485
26,1574591314.468547,192.168.1.4,192.168.1.5,2501469649,1634192783,79,1,4564
27,1574591315.183927,192.168.1.4,192.168.1.5,3505128415,1371464264,91,1,4655
28,1574591315.185289,192.168.1.5,192.168.1.4,1371464264,3505128506,539,0,4116
29,1574591315.227121,192.168.1.4,192.168.1.5,3505128506,1371464803,2070,1,6186
30,1574591315.270581,192.168.1.4,192.168.1.5,3505130576,1371464803,1018,1,7204
31,1574591315.283233,192.168.1.5,192.168.1.4,1371464803,3505131594,86,0,7118
32,1574591315.284424,192.168.1.5,192.168.1.4,1371464889,3505131594,108,0,7010
33,1574591315.285019,192.168.1.5,192.168.1.4,1371464997,3505131594,321,0,6689
34,1574591315.285348,192.168.1.5,192.168.1.4,1371465318,3505131594,54,0,6635
35,1574591315.330225,192.168.1.4,192.168.1.5,3505131594,1371465372,2026,1,8661
36,1574591315.340927,192.168.1.5,192.168.1.4,1371465372,3505133620,53,0,8608
37,1574591315.341132,192.168.1.5,192.168.1.4,1371465425,3505133620,61,0,8547
38,1574591315.417426,192.168.1.4,192.168.1.5,2501469728,1634192783,91,1,8638
39,1574591315.417566,192.168.1.4,192.168.1.5,3829701037,1491233659,91,1,8729
40,1574591315.418013,192.168.1.5,192.168.1.4,1491233659,3829701128,539,0,8190
41,1574591315.418419,192.168.1.5,192.168.1.4,1634192783,2501469819,539,0,7651
42,1574591315.438958,192.168.1.4,192.168.1.5,3829701128,1491234198,2070,1,9721
43,1574591315.439874,192.168.1.4,192.168.1.5,2501469819,1634193322,1410,1,11131
44,1574591315.482481,192.168.1.4,192.168.1.5,3829703198,1491234198,1119,1,12250
45,1574591315.482513,192.168.1.4,192.168.1.5,2501471229,1634193322,1781,1,14031
46,1574591315.489576,192.168.1.5,192.168.1.4,1491234198,3829704317,86,0,13945
47,1574591315.492213,192.168.1.5,192.168.1.4,1634193322,2501473010,86,0,13859
48,1574591315.497678,192.168.1.5,192.168.1.4,1634193408,2501473010,24,0,13835
49,1574591315.498106,192.168.1.5,192.168.1.4,1491234284,3829704317,108,0,13727
50,1574591315.498447,192.168.1.4,192.168.1.5,2501473010,1634193432,24,1,13751
51,1574591315.500135,192.168.1.5,192.168.1.4,1491234392,3829704317,378,0,13373
52,1574591315.507586,192.168.1.4,192.168.1.5,3829704317,1491234770,274,1,13647
53,1574591315.508,192.168.1.5,192.168.1.4,1491234770,3829704591,53,0,13594
54,1574591315.514634,192.168.1.4,192.168.1.5,3829704591,1491234823,53,1,13647
55,1574591315.558129,192.168.1.4,192.168.1.5,3829704644,1491234823,57,1,13704
56,1574591315.572569,192.168.1.4,192.168.1.5,3829704701,1491234823,867,1,14571
57,1574591315.581637,192.168.1.5,192.168.1.4,1491234823,3829705568,102,0,14469
58,1574591315.60056,192.168.1.4,192.168.1.5,3829705568,1491234925,57,1,14526
59,1574591315.691325,192.168.1.4,192.168.1.5,3829705625,1491234925,828,1,15354
60,1574591315.691931,192.168.1.4,192.168.1.5,3829706453,1491234925,3718,1,19072
61,1574591315.693018,192.168.1.4,192.168.1.5,3829710171,1491234925,2070,1,21142
62,1574591315.734424,192.168.1.4,192.168.1.5,3829712241,1491234925,11584,1,32726
63,1574591315.734617,192.168.1.4,192.168.1.5,3829723825,1491234925,2896,1,35622
64,1574591315.734648,192.168.1.4,192.168.1.5,3829726721,1491234925,2554,1,38176
65,1574591315.750603,192.168.1.5,192.168.1.4,594553814,891850022,343,0,37833
66,1574591315.750969,192.168.1.4,192.168.1.5,891850022,594554157,99,1,37932
67,1574591315.751446,192.168.1.5,192.168.1.4,594554157,891850121,382,0,37550
68,1574591315.75437,192.168.1.5,192.168.1.4,1001165468,2222843503,343,0,37207
69,1574591315.757325,192.168.1.5,192.168.1.4,2796587019,689900853,343,0,36864
70,1574591315.757676,192.168.1.4,192.168.1.5,2222843503,1001165811,99,1,36963
71,1574591315.75823,192.168.1.5,192.168.1.4,1001165811,2222843602,382,0,36581
72,1574591315.76253,192.168.1.5,192.168.1.4,1625804111,3913731648,343,0,36238
73,1574591315.766014,192.168.1.5,192.168.1.4,3076083911,3140227821,343,0,35895
74,1574591315.766433,192.168.1.4,192.168.1.5,689900853,2796587362,99,1,35994
75,1574591315.767081,192.168.1.4,192.168.1.5,3140227821,3076084254,99,1,36093
76,1574591315.767153,192.168.1.5,192.168.1.4,2796587362,689900952,382,0,35711
77,1574591315.767457,192.168.1.5,192.168.1.4,3076084254,3140227920,382,0,35329
78,1574591315.767756,192.168.1.4,192.168.1.5,3913731648,1625804454,99,1,35428
79,1574591315.768055,192.168.1.5,192.168.1.4,1625804454,3913731747,382,0,35046
80,1574591315.771494,192.168.1.5,192.168.1.4,3742135443,4215109630,343,0,34703
81,1574591315.779139,192.168.1.4,192.168.1.5,4215109630,3742135786,99,1,34802
82,1574591315.779519,192.168.1.5,192.168.1.4,3742135786,4215109729,382,0,34420
83,1574591315.785407,192.168.1.5,192.168.1.4,3846161000,1648513429,343,0,34077
84,1574591315.787949,192.168.1.4,192.168.1.5,1648513429,3846161343,99,1,34176
85,1574591315.788343,192.168.1.5,192.168.1.4,3846161343,1648513528,382,0,33794
86,1574591315.810449,192.168.1.4,192.168.1.5,891850121,594554539,2266,1,36060
87,1574591315.811823,192.168.1.5,192.168.1.4,594554539,891852387,74,0,35986
88,1574591315.812059,192.168.1.5,192.168.1.4,594554613,891852387,245,0,35741
89,1574591315.842509,192.168.1.4,192.168.1.5,3913731747,1625804836,2266,1,38007
90,1574591315.842837,192.168.1.4,192.168.1.5,891852387,594554858,79,1,38086
91,1574591315.842955,192.168.1.4,192.168.1.5,891852466,594554858,79,1,38165
92,1574591315.844,192.168.1.5,192.168.1.4,1625804836,3913734013,74,0,38091
93,1574591315.844281,192.168.1.5,192.168.1.4,1625804910,3913734013,245,0,37846
94,1574591315.854869,192.168.1.4,192.168.1.5,4215109729,3742136168,2266,1,40112
95,1574591315.85615,192.168.1.5,192.168.1.4,3742136168,4215111995,74,0,40038
96,1574591315.856377,192.168.1.5,192.168.1.4,3742136242,4215111995,245,0,39793
97,1574591315.860527,192.168.1.4,192.168.1.5,689900952,2796587744,2266,1,42059
98,1574591315.86177,192.168.1.5,192.168.1.4,2796587744,689903218,74,0,41985
99,1574591315.863233,192.168.1.4,192.168.1.5,2222843602,1001166193,2266,1,44251
100,1574591315.865969,192.168.1.5,192.168.1.4,1001166193,2222845868,74,0,44177
101,1574591315.866081,192.168.1.4,192.168.1.5,3140227920,3076084636,2266,1,46443
102,1574591315.866495,192.168.1.4,192.168.1.5,2222845868,1001166267,79,1,46522
103,1574591315.866591,192.168.1.4,192.168.1.5,2222845947,1001166267,79,1,46601
104,1574591315.868034,192.168.1.4,192.168.1.5,689903218,2796587818,79,1,46680
105,1574591315.868479,192.168.1.4,192.168.1.5,689903297,2796587818,79,1,46759
106,1574591315.868682,192.168.1.4,192.168.1.5,3913734013,1625805155,79,1,46838
107,1574591315.868784,192.168.1.4,192.168.1.5,3913734092,1625805155,79,1,46917
108,1574591315.869367,192.168.1.5,192.168.1.4,3076084636,3140230186,74,0,46843
109,1574591315.87077,192.168.1.5,192.168.1.4,2796587818,689903376,245,0,46598
110,1574591315.871058,192.168.1.5,192.168.1.4,1001166267,2222846026,245,0,46353
111,1574591315.871193,192.168.1.5,192.168.1.4,3076084710,3140230186,245,0,46108
112,1574591315.871729,192.168.1.4,192.168.1.5,3140230186,3076084955,79,1,46187
113,1574591315.871821,192.168.1.4,192.168.1.5,3140230265,3076084955,79,1,46266
114,1574591315.873337,192.168.1.4,192.168.1.5,1648513528,3846161725,2266,1,48532
115,1574591315.873922,192.168.1.4,192.168.1.5,4215111995,3742136487,79,1,48611
116,1574591315.874132,192.168.1.4,192.168.1.5,4215112074,3742136487,79,1,48690
117,1574591315.879917,192.168.1.5,192.168.1.4,3846161725,1648515794,74,0,48616
118,1574591315.880078,192.168.1.5,192.168.1.4,3846161799,1648515794,231,0,48385
119,1574591315.880452,192.168.1.4,192.168.1.5,1648515794,3846162030,79,1,48464
120,1574591315.880528,192.168.1.4,192.168.1.5,1648515873,3846162030,79,1,48543
121,1574591318.688317,192.168.1.4,192.168.1.5,891852545,594554858,91,1,48634
122,1574591318.688714,192.168.1.5,192.168.1.4,594554858,891852636,539,0,48095
123,1574591318.710467,192.168.1.4,192.168.1.5,891852636,594555397,2070,1,50165
124,1574591318.754603,192.168.1.4,192.168.1.5,891854706,594555397,1120,1,51285
125,1574591318.756415,192.168.1.5,192.168.1.4,594555397,891855826,86,0,51199
126,1574591318.756673,192.168.1.5,192.168.1.4,594555483,891855826,108,0,51091
127,1574591318.757034,192.168.1.5,192.168.1.4,1001166512,2222846026,24,0,51067
128,1574591318.757311,192.168.1.5,192.168.1.4,2796588063,689903376,24,0,51043
129,1574591318.757588,192.168.1.5,192.168.1.4,1625805155,3913734171,24,0,51019
130,1574591318.757761,192.168.1.5,192.168.1.4,3076084955,3140230344,24,0,50995
131,1574591318.757909,192.168.1.5,192.168.1.4,3742136487,4215112153,24,0,50971
132,1574591318.775472,192.168.1.4,192.168.1.5,891855826,594555591,305,1,51276
133,1574591318.791438,192.168.1.5,192.168.1.4,594555591,891856131,338,0,50938
134,1574591318.791686,192.168.1.5,192.168.1.4,594555929,891856131,122,0,50816
135,1574591318.791788,192.168.1.5,192.168.1.4,594556051,891856131,121,0,50695
136,1574591318.791953,192.168.1.5,192.168.1.4,594556172,891856131,122,0,50573
137,1574591318.792053,192.168.1.5,192.168.1.4,594556294,891856131,122,0,50451
138,1574591318.792184,192.168.1.5,192.168.1.4,594556416,891856131,122,0,50329
139,1574591318.79228,192.168.1.5,192.168.1.4,594556538,891856131,121,0,50208
140,1574591318.792409,192.168.1.5,192.168.1.4,594556659,891856131,53,0,50155
141,1574591318.79252,192.168.1.5,192.168.1.4,594556712,891856131,121,0,50034
142,1574591318.792625,192.168.1.5,192.168.1.4,594556833,891856131,122,0,49912
143,1574591318.792761,192.168.1.5,192.168.1.4,594556955,891856131,121,0,49791
144,1574591318.792898,192.168.1.5,192.168.1.4,594557076,891856131,120,0,49671
145,1574591318.814272,192.168.1.4,192.168.1.5,891856131,594557196,96,1,49767
146,1574591318.81966,192.168.1.4,192.168.1.5,891856227,594557196,11584,1,61351
147,1574591318.819835,192.168.1.4,192.168.1.5,891867811,594557196,1448,1,62799
148,1574591318.819955,192.168.1.4,192.168.1.5,891869259,594557196,17376,1,80175
149,1574591318.820048,192.168.1.4,192.168.1.5,891886635,594557196,4228,1,84403
150,1574591318.841345,192.168.1.4,192.168.1.5,891890863,594557196,16406,1,100809
151,1574591318.841436,192.168.1.4,192.168.1.5,891907269,594557196,16406,1,117215
152,1574591318.841543,192.168.1.4,192.168.1.5,891923675,594557196,1327,1,118542
153,1574591318.84943,192.168.1.4,192.168.1.5,891925002,594557196,16406,1,134948
154,1574591318.849528,192.168.1.4,192.168.1.5,891941408,594557196,16406,1,151354
155,1574591318.850123,192.168.1.4,192.168.1.5,891957814,594557196,892,1,152246
156,1574591318.863727,192.168.1.4,192.168.1.5,891958706,594557196,16406,1,168652
157,1574591318.863813,192.168.1.4,192.168.1.5,891975112,594557196,16406,1,185058
158,1574591318.863841,192.168.1.4,192.168.1.5,891991518,594557196,172,1,185230
159,1574591318.864279,192.168.1.4,192.168.1.5,891991690,594557196,2070,1,187300
160,1574591318.864872,192.168.1.4,192.168.1.5,891993760,594557196,750,1,188050
161,1574591318.8923,192.168.1.4,192.168.1.5,891994510,594557196,16406,1,204456
162,1574591318.892432,192.168.1.4,192.168.1.5,892010916,594557196,16406,1,220862
163,1574591318.892521,192.168.1.4,192.168.1.5,892027322,594557196,16406,1,237268
164,1574591318.892575,192.168.1.4,192.168.1.5,892043728,594557196,16353,1,253621
165,1574591318.892753,192.168.1.4,192.168.1.5,892060081,594557196,1090,1,254711
166,1574591318.934366,192.168.1.4,192.168.1.5,892061171,594557196,2798,1,257509
167,1574591318.94243,192.168.1.4,192.168.1.5,892063969,594557196,1410,1,258919
168,1574591318.960994,192.168.1.4,192.168.1.5,892065379,594557196,2070,1,260989
169,1574591318.96105,192.168.1.4,192.168.1.5,892067449,594557196,750,1,261739
170,1574591318.977582,192.168.1.4,192.168.1.5,4215112153,3742136511,91,1,261830
171,1574591318.977802,192.168.1.4,192.168.1.5,4215112244,3742136511,24,1,261854
172,1574591318.979271,192.168.1.4,192.168.1.5,892068199,594557196,1410,1,263264
173,1574591318.979816,192.168.1.4,192.168.1.5,892069609,594557196,1410,1,264674
174,1574591318.981609,192.168.1.4,192.168.1.5,892071019,594557196,2070,1,266744
175,1574591318.981797,192.168.1.4,192.168.1.5,892073089,594557196,2070,1,268814
176,1574591318.981823,192.168.1.4,192.168.1.5,892075159,594557196,1478,1,270292
177,1574591318.983848,192.168.1.4,192.168.1.5,892076637,594557196,1410,1,271702
178,1574591318.998451,192.168.1.4,192.168.1.5,892078047,594557196,2070,1,273772
179,1574591319.042365,192.168.1.4,192.168.1.5,892080117,594557196,3588,1,277360
180,1574591319.186388,192.168.1.5,192.168.1.4,594557196,892083705,124,0,277236
181,1574591319.193761,192.168.1.5,192.168.1.4,594557320,892083705,125,0,277111
182,1574591319.195911,192.168.1.5,192.168.1.4,594557445,892083705,124,0,276987
183,1574591319.197996,192.168.1.5,192.168.1.4,594557569,892083705,124,0,276863
184,1574591319.202764,192.168.1.5,192.168.1.4,594557693,892083705,115,0,276748
185,1574591319.210354,192.168.1.5,192.168.1.4,594557808,892083705,124,0,276624
186,1574591319.212454,192.168.1.5,192.168.1.4,594557932,892083705,125,0,276499
187,1574591319.217017,192.168.1.5,192.168.1.4,594558057,892083705,125,0,276374
188,1574591319.219109,192.168.1.5,192.168.1.4,594558182,892083705,124,0,276250
189,1574591319.226432,192.168.1.5,192.168.1.4,594558306,892083705,116,0,276134
190,1574591319.228627,192.168.1.5,192.168.1.4,594558422,892083705,116,0,276018
191,1574591319.231303,192.168.1.5,192.168.1.4,594558538,892083705,124,0,275894
192,1574591319.237045,192.168.1.4,192.168.1.5,892083705,594558662,2070,1,277964
193,1574591319.238951,192.168.1.5,192.168.1.4,594558662,892085775,124,0,277840
194,1574591319.239951,192.168.1.4,192.168.1.5,892085775,594558786,16406,1,294246
195,1574591319.240058,192.168.1.4,192.168.1.5,892102181,594558786,7790,1,302036
196,1574591319.245895,192.168.1.4,192.168.1.5,892109971,594558786,16406,1,318442
197,1574591319.246194,192.168.1.4,192.168.1.5,892126377,594558786,14480,1,332922
198,1574591319.246318,192.168.1.4,192.168.1.5,892140857,594558786,1926,1,334848
199,1574591319.246355,192.168.1.4,192.168.1.5,892142783,594558786,16406,1,351254
200,1574591319.246449,192.168.1.4,192.168.1.5,892159189,594558786,16353,1,367607
201,1574591319.247227,192.168.1.4,192.168.1.5,892175542,594558786,893,1,368500
202,1574591319.260402,192.168.1.5,192.168.1.4,594558786,892176435,124,0,368376
203,1574591319.261098,192.168.1.4,192.168.1.5,892176435,594558910,16406,1,384782
204,1574591319.26117,192.168.1.4,192.168.1.5,892192841,594558910,16406,1,401188
205,1574591319.261513,192.168.1.4,192.168.1.5,892209247,594558910,16406,1,417594
206,1574591319.263599,192.168.1.4,192.168.1.5,892225653,594558910,5503,1,423097
207,1574591319.263964,192.168.1.5,192.168.1.4,594558910,892231156,124,0,422973
208,1574591319.264222,192.168.1.4,192.168.1.5,892231156,594559034,1410,1,424383
209,1574591319.265949,192.168.1.5,192.168.1.4,594559034,892232566,124,0,424259
210,1574591319.267811,192.168.1.5,192.168.1.4,594559158,892232566,124,0,424135
211,1574591319.269648,192.168.1.5,192.168.1.4,594559282,892232566,124,0,424011
212,1574591319.274633,192.168.1.5,192.168.1.4,594559406,892232566,123,0,423888
213,1574591319.276653,192.168.1.5,192.168.1.4,594559529,892232566,124,0,423764
214,1574591319.28649,192.168.1.4,192.168.1.5,3140230344,3076084979,91,1,423855
215,1574591319.286589,192.168.1.4,192.168.1.5,3140230435,3076084979,24,1,423879
216,1574591319.287978,192.168.1.5,192.168.1.4,594559653,892232566,124,0,423755
217,1574591319.291774,192.168.1.5,192.168.1.4,594559777,892232566,124,0,423631
218,1574591319.299377,192.168.1.5,192.168.1.4,594559901,892232566,124,0,423507
219,1574591319.303367,192.168.1.5,192.168.1.4,594560025,892232566,124,0,423383
220,1574591319.309208,192.168.1.4,192.168.1.5,892232566,594560149,1410,1,424793
221,1574591319.313203,192.168.1.5,192.168.1.4,594560149,892233976,116,0,424677
222,1574591319.313595,192.168.1.4,192.168.1.5,892233976,594560265,11126,1,435803
223,1574591319.320415,192.168.1.5,192.168.1.4,594560265,892245102,115,0,435688
224,1574591319.320895,192.168.1.4,192.168.1.5,892245102,594560380,7354,1,443042
225,1574591319.322606,192.168.1.5,192.168.1.4,594560380,892252456,115,0,442927
226,1574591319.32432,192.168.1.4,192.168.1.5,892252456,594560495,2070,1,444997
227,1574591319.325011,192.168.1.4,192.168.1.5,892254526,594560495,16406,1,461403
228,1574591319.325073,192.168.1.4,192.168.1.5,892270932,594560495,16406,1,477809
229,1574591319.325178,192.168.1.4,192.168.1.5,892287338,594560495,16406,1,494215
230,1574591319.325273,192.168.1.4,192.168.1.5,892303744,594560495,4344,1,498559
231,1574591319.325481,192.168.1.4,192.168.1.5,892308088,594560495,18824,1,517383
232,1574591319.325579,192.168.1.4,192.168.1.5,892326912,594560495,26050,1,543433
233,1574591319.325754,192.168.1.4,192.168.1.5,892352962,594560495,8326,1,551759
234,1574591319.36193,192.168.1.4,192.168.1.5,892361288,594560495,16406,1,568165
235,1574591319.362017,192.168.1.4,192.168.1.5,892377694,594560495,16406,1,584571
236,1574591319.362176,192.168.1.4,192.168.1.5,892394100,594560495,13032,1,597603
237,1574591319.362241,192.168.1.4,192.168.1.5,892407132,594560495,3374,1,600977
238,1574591319.362273,192.168.1.4,192.168.1.5,892410506,594560495,14480,1,615457
239,1574591319.362375,192.168.1.4,192.168.1.5,892424986,594560495,1873,1,617330
240,1574591319.362381,192.168.1.4,192.168.1.5,892426859,594560495,1586,1,618916
241,1574591319.369758,192.168.1.4,192.168.1.5,892428445,594560495,16406,1,635322
242,1574591319.369844,192.168.1.4,192.168.1.5,892444851,594560495,16406,1,651728
243,1574591319.370037,192.168.1.4,192.168.1.5,892461257,594560495,2896,1,654624
244,1574591319.370093,192.168.1.4,192.168.1.5,892464153,594560495,13510,1,668134
245,1574591319.370123,192.168.1.4,192.168.1.5,892477663,594560495,16353,1,684487
246,1574591319.370205,192.168.1.4,192.168.1.5,892494016,594560495,987,1,685474
247,1574591319.397471,192.168.1.4,192.168.1.5,892495003,594560495,16406,1,701880
248,1574591319.397562,192.168.1.4,192.168.1.5,892511409,594560495,16406,1,718286
249,1574591319.397608,192.168.1.4,192.168.1.5,892527815,594560495,16406,1,734692
250,1574591319.397745,192.168.1.4,192.168.1.5,892544221,594560495,16353,1,751045
251,1574591319.397926,192.168.1.4,192.168.1.5,892560574,594560495,1376,1,752421
252,1574591319.413662,192.168.1.5,192.168.1.4,594560495,892561950,115,0,752306
253,1574591319.414301,192.168.1.4,192.168.1.5,892561950,594560610,15290,1,767596
254,1574591319.414945,192.168.1.5,192.168.1.4,594560610,892577240,124,0,767472
255,1574591319.41664,192.168.1.5,192.168.1.4,594560734,892577240,124,0,767348
256,1574591319.440404,192.168.1.5,192.168.1.4,594560858,892577240,123,0,767225
257,1574591319.440797,192.168.1.5,192.168.1.4,594560981,892577240,116,0,767109
258,1574591319.473116,192.168.1.5,192.168.1.4,945854403,207134599,343,0,766766
259,1574591319.473635,192.168.1.4,192.168.1.5,207134599,945854746,99,1,766865
260,1574591319.473869,192.168.1.5,192.168.1.4,945854746,207134698,382,0,766483
261,1574591319.484001,192.168.1.4,192.168.1.5,207134698,945855128,2266,1,768749
262,1574591319.484878,192.168.1.5,192.168.1.4,945855128,207136964,74,0,768675
263,1574591319.48504,192.168.1.5,192.168.1.4,945855202,207136964,245,0,768430
264,1574591319.485412,192.168.1.4,192.168.1.5,207136964,945855202,79,1,768509
265,1574591319.48554,192.168.1.4,192.168.1.5,207137043,945855447,79,1,768588
266,1574591319.510506,192.168.1.4,192.168.1.5,892577240,594561097,2070,1,770658
267,1574591319.535561,192.168.1.4,192.168.1.5,892579310,594561097,16406,1,787064
268,1574591319.535631,192.168.1.4,192.168.1.5,892595716,594561097,16406,1,803470
269,1574591319.535662,192.168.1.4,192.168.1.5,892612122,594561097,5792,1,809262
270,1574591319.535719,192.168.1.4,192.168.1.5,892617914,594561097,10614,1,819876
271,1574591319.535743,192.168.1.4,192.168.1.5,892628528,594561097,2896,1,822772
272,1574591319.536171,192.168.1.4,192.168.1.5,892631424,594561097,4344,1,827116
273,1574591319.536335,192.168.1.4,192.168.1.5,892635768,594561097,10136,1,837252
274,1574591319.536439,192.168.1.4,192.168.1.5,892645904,594561097,30408,1,867660
275,1574591319.53657,192.168.1.4,192.168.1.5,892676312,594561097,9187,1,876847
276,1574591319.57136,192.168.1.4,192.168.1.5,1648515952,3846162030,91,1,876938
277,1574591319.571383,192.168.1.4,192.168.1.5,3913734171,1625805179,91,1,877029
278,1574591319.571388,192.168.1.4,192.168.1.5,3913734262,1625805179,24,1,877053
279,1574591319.574167,192.168.1.5,192.168.1.4,3846162030,1648516043,539,0,876514
280,1574591319.576528,192.168.1.4,192.168.1.5,892685499,594561097,16406,1,892920
281,1574591319.576633,192.168.1.4,192.168.1.5,892701905,594561097,16406,1,909326
282,1574591319.576674,192.168.1.4,192.168.1.5,892718311,594561097,16406,1,925732
283,1574591319.576777,192.168.1.4,192.168.1.5,892734717,594561097,16406,1,942138
284,1574591319.576792,192.168.1.4,192.168.1.5,892751123,594561097,1770,1,943908
285,1574591319.618509,192.168.1.4,192.168.1.5,892752893,594561097,15928,1,959836
286,1574591319.618743,192.168.1.4,192.168.1.5,892768821,594561097,478,1,960314
287,1574591319.618762,192.168.1.4,192.168.1.5,892769299,594561097,16406,1,976720
288,1574591319.618798,192.168.1.4,192.168.1.5,892785705,594561097,16406,1,993126
289,1574591319.618814,192.168.1.4,192.168.1.5,892802111,594561097,2954,1,996080
290,1574591319.682306,192.168.1.4,192.168.1.5,892805065,594561097,1410,1,997490
291,1574591319.69314,192.168.1.4,192.168.1.5,892806475,594561097,6962,1,1004452
292,1574591319.724863,192.168.1.4,192.168.1.5,1648516043,3846162569,1410,1,1005862
293,1574591319.789606,192.168.1.5,192.168.1.4,3539282998,2823867538,343,0,1005519
294,1574591319.790024,192.168.1.4,192.168.1.5,2823867538,3539283341,99,1,1005618
295,1574591319.790482,192.168.1.5,192.168.1.4,3539283341,2823867637,382,0,1005236
296,1574591319.799946,192.168.1.4,192.168.1.5,2823867637,3539283723,2266,1,1007502
297,1574591319.800792,192.168.1.5,192.168.1.4,3539283723,2823869903,74,0,1007428
298,1574591319.800906,192.168.1.5,192.168.1.4,3539283797,2823869903,245,0,1007183
299,1574591319.801156,192.168.1.4,192.168.1.5,2823869903,3539283797,79,1,1007262
300,1574591319.801272,192.168.1.4,192.168.1.5,2823869982,3539284042,79,1,1007341
301,1574591319.806236,192.168.1.4,192.168.1.5,1648517453,3846162569,1780,1,1009121
302,1574591319.806324,192.168.1.4,192.168.1.5,892813437,594561097,4344,1,1013465
303,1574591319.806436,192.168.1.4,192.168.1.5,892817781,594561097,12062,1,1025527
304,1574591319.806493,192.168.1.4,192.168.1.5,892829843,594561097,16406,1,1041933
305,1574591319.806569,192.168.1.4,192.168.1.5,892846249,594561097,11584,1,1053517
306,1574591319.806655,192.168.1.4,192.168.1.5,892857833,594561097,4822,1,1058339
307,1574591319.806685,192.168.1.4,192.168.1.5,892862655,594561097,14480,1,1072819
308,1574591319.806883,192.168.1.4,192.168.1.5,892877135,594561097,7240,1,1080059
309,1574591319.80699,192.168.1.4,192.168.1.5,892884375,594561097,32684,1,1112743
310,1574591319.815811,192.168.1.4,192.168.1.5,892917059,594561097,5011,1,1117754
311,1574591319.82078,192.168.1.5,192.168.1.4,3846162569,1648519233,86,0,1117668
312,1574591319.840534,192.168.1.5,192.168.1.4,3846162655,1648519233,108,0,1117560
313,1574591319.84149,192.168.1.4,192.168.1.5,892922070,594561097,4186,1,1121746
314,1574591319.842576,192.168.1.5,192.168.1.4,3846162763,1648519233,295,0,1121451
315,1574591319.846574,192.168.1.4,192.168.1.5,892926256,594561097,16406,1,1137857
316,1574591319.846637,192.168.1.4,192.168.1.5,892942662,594561097,16406,1,1154263
317,1574591319.846656,192.168.1.4,192.168.1.5,892959068,594561097,9809,1,1164072
318,1574591319.850467,192.168.1.4,192.168.1.5,892968877,594561097,2798,1,1166870
319,1574591319.851814,192.168.1.4,192.168.1.5,892971675,594561097,2798,1,1169668
320,1574591319.861198,192.168.1.4,192.168.1.5,892974473,594561097,6320,1,1175988
321,1574591319.863599,192.168.1.4,192.168.1.5,1648519233,3846163058,274,1,1176262
322,1574591319.863631,192.168.1.4,192.168.1.5,892980793,594561097,2798,1,1179060
323,1574591319.863683,192.168.1.4,192.168.1.5,892983591,594561097,4186,1,1183246
324,1574591319.864186,192.168.1.4,192.168.1.5,892987777,594561097,2691,1,1185937
325,1574591319.872839,192.168.1.4,192.168.1.5,892990468,594561097,5224,1,1191161
326,1574591319.881853,192.168.1.4,192.168.1.5,892995692,594561097,2770,1,1193931
327,1574591319.91078,192.168.1.4,192.168.1.5,1648519507,3846163058,88,1,1194019
328,1574591319.910852,192.168.1.4,192.168.1.5,892998462,594561097,5823,1,1199842
329,1574591319.930765,192.168.1.5,192.168.1.4,3846163058,1648519595,53,0,1199789
330,1574591319.941217,192.168.1.4,192.168.1.5,1648519595,3846163111,980,1,1200769
331,1574591319.956311,192.168.1.4,192.168.1.5,689903376,2796588087,91,1,1200860
332,1574591319.956335,192.168.1.4,192.168.1.5,689903467,2796588087,24,1,1200884
333,1574591319.956757,192.168.1.4,192.168.1.5,2222846026,1001166536,91,1,1200975
334,1574591319.956938,192.168.1.4,192.168.1.5,2222846117,1001166536,24,1,1200999
335,1574591319.982443,192.168.1.4,192.168.1.5,1648520575,3846163111,54,1,1201053
336,1574591320.050339,192.168.1.4,192.168.1.5,893004285,594561097,1410,1,1202463
337,1574591320.091186,192.168.1.4,192.168.1.5,893005695,594561097,16406,1,1218869
338,1574591320.091308,192.168.1.4,192.168.1.5,893022101,594561097,16406,1,1235275
339,1574591320.091424,192.168.1.4,192.168.1.5,893038507,594561097,16406,1,1251681
340,1574591320.091588,192.168.1.4,192.168.1.5,893054913,594561097,6447,1,1258128
341,1574591320.103607,192.168.1.4,192.168.1.5,893061360,594561097,7604,1,1265732
342,1574591320.117446,192.168.1.4,192.168.1.5,893068964,594561097,2798,1,1268530
343,1574591320.121227,192.168.1.4,192.168.1.5,893071762,594561097,2798,1,1271328
344,1574591320.121648,192.168.1.4,192.168.1.5,893074560,594561097,1410,1,1272738
345,1574591320.127233,192.168.1.4,192.168.1.5,893075970,594561097,5367,1,1278105
346,1574591320.131017,192.168.1.4,192.168.1.5,893081337,594561097,2798,1,1280903
347,1574591320.132619,192.168.1.4,192.168.1.5,893084135,594561097,2798,1,1283701
348,1574591320.143511,192.168.1.4,192.168.1.5,893086933,594561097,5574,1,1289275
349,1574591320.144106,192.168.1.4,192.168.1.5,893092507,594561097,2798,1,1292073
350,1574591320.14924,192.168.1.4,192.168.1.5,893095305,594561097,2798,1,1294871
351,1574591320.152771,192.168.1.4,192.168.1.5,893098103,594561097,4318,1,1299189
352,1574591320.156513,192.168.1.4,192.168.1.5,893102421,594561097,1444,1,1300633
353,1574591320.161145,192.168.1.4,192.168.1.5,893103865,594561097,2821,1,1303454
354,1574591320.163732,192.168.1.4,192.168.1.5,893106686,594561097,5225,1,1308679
355,1574591320.169642,192.168.1.4,192.168.1.5,893111911,594561097,1467,1,1310146
356,1574591320.170813,192.168.1.4,192.168.1.5,893113378,594561097,2798,1,1312944
357,1574591320.171978,192.168.1.4,192.168.1.5,893116176,594561097,1410,1,1314354
358,1574591320.1745,192.168.1.4,192.168.1.5,893117586,594561097,1410,1,1315764
359,1574591320.218258,192.168.1.4,192.168.1.5,893118996,594561097,16406,1,1332170
360,1574591320.218346,192.168.1.4,192.168.1.5,893135402,594561097,16406,1,1348576
361,1574591320.218403,192.168.1.4,192.168.1.5,893151808,594561097,12130,1,1360706
362,1574591320.262274,192.168.1.4,192.168.1.5,893163938,594561097,16018,1,1376724
363,1574591320.385898,192.168.1.5,192.168.1.4,3647317233,2691868437,343,0,1376381
364,1574591320.386264,192.168.1.4,192.168.1.5,2691868437,3647317576,99,1,1376480
365,1574591320.386633,192.168.1.5,192.168.1.4,3647317576,2691868536,382,0,1376098
366,1574591320.396193,192.168.1.4,192.168.1.5,2691868536,3647317958,2266,1,1378364
367,1574591320.397097,192.168.1.5,192.168.1.4,3647317958,2691870802,74,0,1378290
368,1574591320.397287,192.168.1.5,192.168.1.4,3647318032,2691870802,237,0,1378053
369,1574591320.397624,192.168.1.4,192.168.1.5,2691870802,3647318269,79,1,1378132
370,1574591320.397713,192.168.1.4,192.168.1.5,2691870881,3647318269,79,1,1378211
371,1574591321.043195,192.168.1.5,192.168.1.4,743337466,1913820928,343,0,1377868
372,1574591321.043641,192.168.1.4,192.168.1.5,1913820928,743337809,99,1,1377967
373,1574591321.043994,192.168.1.5,192.168.1.4,743337809,1913821027,382,0,1377585
374,1574591321.057102,192.168.1.4,192.168.1.5,1913821027,743338191,2266,1,1379851
375,1574591321.058062,192.168.1.5,192.168.1.4,743338191,1913823293,74,0,1379777
376,1574591321.058184,192.168.1.5,192.168.1.4,743338265,1913823293,247,0,1379530
377,1574591321.058451,192.168.1.4,192.168.1.5,1913823293,743338512,79,1,1379609
378,1574591321.059634,192.168.1.4,192.168.1.5,1913823372,743338512,79,1,1379688
379,1574591321.154223,192.168.1.5,192.168.1.4,1491234925,3829729275,197,0,1379491
380,1574591321.156585,192.168.1.5,192.168.1.4,1491235122,3829729275,108,0,1379383
381,1574591321.167382,192.168.1.5,192.168.1.4,594561097,893179956,124,0,1379259
382,1574591321.172794,192.168.1.4,192.168.1.5,3829729275,1491235230,57,1,1379316
383,1574591321.174046,192.168.1.5,192.168.1.4,594561221,893179956,123,0,1379193
384,1574591321.176176,192.168.1.4,192.168.1.5,3829729332,1491235230,2896,1,1382089
385,1574591321.176293,192.168.1.4,192.168.1.5,3829732228,1491235230,7647,1,1389736
386,1574591321.176898,192.168.1.4,192.168.1.5,3829739875,1491235230,1284,1,1391020
387,1574591321.183471,192.168.1.5,192.168.1.4,594561344,893179956,116,0,1390904
388,1574591321.186646,192.168.1.5,192.168.1.4,594561460,893179956,116,0,1390788
389,1574591321.187423,192.168.1.4,192.168.1.5,893179956,594561576,1656,1,1392444
390,1574591321.188597,192.168.1.4,192.168.1.5,893181612,594561576,2070,1,1394514
391,1574591321.192282,192.168.1.5,192.168.1.4,594561576,893183682,116,0,1394398
392,1574591321.193002,192.168.1.4,192.168.1.5,893183682,594561692,4084,1,1398482
393,1574591321.196477,192.168.1.5,192.168.1.4,594561692,893187766,116,0,1398366
394,1574591321.197303,192.168.1.4,192.168.1.5,893187766,594561808,8573,1,1406939
395,1574591321.201685,192.168.1.5,192.168.1.4,594561808,893196339,116,0,1406823
396,1574591321.202456,192.168.1.4,192.168.1.5,893196339,594561924,5148,1,1411971
397,1574591321.206353,192.168.1.5,192.168.1.4,594561924,893201487,124,0,1411847
398,1574591321.208097,192.168.1.4,192.168.1.5,893201487,594562048,2070,1,1413917
399,1574591321.250463,192.168.1.4,192.168.1.5,893203557,594562048,16406,1,1430323
400,1574591321.250556,192.168.1.4,192.168.1.5,893219963,594562048,5792,1,1436115
401,1574591321.250786,192.168.1.4,192.168.1.5,893225755,594562048,7073,1,1443188
402,1574591321.430089,192.168.1.5,192.168.1.4,3498562761,1294335302,343,0,1442845
403,1574591321.430804,192.168.1.4,192.168.1.5,1294335302,3498563104,99,1,1442944
404,1574591321.431071,192.168.1.5,192.168.1.4,3498563104,1294335401,382,0,1442562
405,1574591321.432352,192.168.1.5,192.168.1.4,3460593353,1811622177,343,0,1442219
406,1574591321.434294,192.168.1.5,192.168.1.4,656659889,769686083,343,0,1441876
407,1574591321.439025,192.168.1.4,192.168.1.5,1811622177,3460593696,99,1,1441975
408,1574591321.439462,192.168.1.5,192.168.1.4,3460593696,1811622276,382,0,1441593
409,1574591321.442303,192.168.1.4,192.168.1.5,769686083,656660232,99,1,1441692
410,1574591321.442693,192.168.1.5,192.168.1.4,656660232,769686182,382,0,1441310
411,1574591321.462869,192.168.1.4,192.168.1.5,1294335401,3498563486,2266,1,1443576
412,1574591321.464352,192.168.1.5,192.168.1.4,3498563486,1294337667,74,0,1443502
413,1574591321.464502,192.168.1.5,192.168.1.4,3498563560,1294337667,245,0,1443257
414,1574591321.475168,192.168.1.4,192.168.1.5,1294337667,3498563805,79,1,1443336
415,1574591321.475201,192.168.1.4,192.168.1.5,1294337746,3498563805,79,1,1443415
416,1574591321.478936,192.168.1.4,192.168.1.5,1811622276,3460594078,2266,1,1445681
417,1574591321.480405,192.168.1.5,192.168.1.4,3460594078,1811624542,74,0,1445607
418,1574591321.48056,192.168.1.4,192.168.1.5,769686182,656660614,2266,1,1447873
419,1574591321.480696,192.168.1.5,192.168.1.4,3460594152,1811624542,245,0,1447628
420,1574591321.481047,192.168.1.4,192.168.1.5,1811624542,3460594397,79,1,1447707
421,1574591321.481075,192.168.1.4,192.168.1.5,1811624621,3460594397,79,1,1447786
422,1574591321.482853,192.168.1.5,192.168.1.4,656660614,769688448,74,0,1447712
423,1574591321.483219,192.168.1.4,192.168.1.5,769688448,656660688,79,1,1447791
424,1574591321.483305,192.168.1.4,192.168.1.5,769688527,656660688,79,1,1447870
425,1574591321.489473,192.168.1.5,192.168.1.4,656660688,769688606,245,0,1447625
426,1574591321.859876,192.168.1.5,192.168.1.4,2201068335,3470275170,343,0,1447282
427,1574591321.86063,192.168.1.4,192.168.1.5,3470275170,2201068678,99,1,1447381
428,1574591321.861472,192.168.1.5,192.168.1.4,2201068678,3470275269,382,0,1446999
429,1574591321.877127,192.168.1.4,192.168.1.5,3470275269,2201069060,2266,1,1449265
430,1574591321.878605,192.168.1.5,192.168.1.4,2201069060,3470277535,74,0,1449191
431,1574591321.878757,192.168.1.5,192.168.1.4,2201069134,3470277535,245,0,1448946
432,1574591321.879044,192.168.1.4,192.168.1.5,3470277535,2201069134,79,1,1449025
433,1574591321.879115,192.168.1.4,192.168.1.5,3470277614,2201069379,79,1,1449104
434,1574591325.834221,192.168.1.4,192.168.1.5,207137122,945855447,91,1,1449195
435,1574591325.834635,192.168.1.5,192.168.1.4,945855447,207137213,539,0,1448656
436,1574591325.855174,192.168.1.4,192.168.1.5,207137213,945855986,2070,1,1450726
437,1574591325.89822,192.168.1.4,192.168.1.5,207139283,945855986,1120,1,1451846
438,1574591325.90083,192.168.1.5,192.168.1.4,945855986,207140403,86,0,1451760
439,1574591325.901127,192.168.1.5,192.168.1.4,945856072,207140403,108,0,1451652
440,1574591325.901431,192.168.1.5,192.168.1.4,3539284042,2823870061,24,0,1451628
441,1574591325.901596,192.168.1.5,192.168.1.4,3498563805,1294337825,24,0,1451604
442,1574591325.901739,192.168.1.5,192.168.1.4,3460594397,1811624700,24,0,1451580
443,1574591325.901886,192.168.1.5,192.168.1.4,656660933,769688606,24,0,1451556
444,1574591325.902108,192.168.1.5,192.168.1.4,2201069379,3470277693,24,0,1451532
445,1574591325.902942,192.168.1.5,192.168.1.4,945856180,207140403,356,0,1451176
446,1574591325.903092,192.168.1.5,192.168.1.4,945856536,207140403,101,0,1451075
447,1574591325.903585,192.168.1.5,192.168.1.4,945856637,207140403,166,0,1450909
448,1574591325.903734,192.168.1.5,192.168.1.4,945856803,207140403,167,0,1450742
449,1574591325.90449,192.168.1.5,192.168.1.4,945856970,207140403,166,0,1450576
450,1574591325.904654,192.168.1.5,192.168.1.4,945857136,207140403,121,0,1450455
451,1574591325.918654,192.168.1.4,192.168.1.5,207140403,945857257,305,1,1450760
452,1574591325.921422,192.168.1.5,192.168.1.4,945857257,207140708,53,0,1450707
453,1574591325.923046,192.168.1.4,192.168.1.5,207140708,945857310,57,1,1450764
454,1574591325.928949,192.168.1.4,192.168.1.5,207140765,945857310,13032,1,1463796
455,1574591325.929234,192.168.1.4,192.168.1.5,207153797,945857310,15928,1,1479724
456,1574591325.929341,192.168.1.4,192.168.1.5,207169725,945857310,3852,1,1483576
457,1574591325.92952,192.168.1.4,192.168.1.5,207173577,945857310,1042,1,1484618
458,1574591325.970234,192.168.1.4,192.168.1.5,207174619,945857310,11750,1,1496368
459,1574591326.517561,192.168.1.4,192.168.1.5,2823870061,3539284066,91,1,1496459
460,1574591326.517664,192.168.1.4,192.168.1.5,2823870152,3539284066,24,1,1496483
461,1574591327.24762,192.168.1.4,192.168.1.5,1913823451,743338512,91,1,1496574
462,1574591327.248265,192.168.1.5,192.168.1.4,743338512,1913823542,539,0,1496035
463,1574591327.269293,192.168.1.4,192.168.1.5,1913823542,743339051,2070,1,1498105
464,1574591327.310493,192.168.1.4,192.168.1.5,1913825612,743339051,1121,1,1499226
465,1574591327.314609,192.168.1.5,192.168.1.4,743339051,1913826733,86,0,1499140
466,1574591327.315373,192.168.1.5,192.168.1.4,743339137,1913826733,108,0,1499032
467,1574591327.315918,192.168.1.5,192.168.1.4,743339245,1913826733,271,0,1498761
468,1574591327.335252,192.168.1.4,192.168.1.5,1913826733,743339516,200,1,1498961
469,1574591327.378377,192.168.1.4,192.168.1.5,1913826933,743339516,8688,1,1507649
470,1574591327.378713,192.168.1.4,192.168.1.5,1913835621,743339516,5792,1,1513441
471,1574591327.378864,192.168.1.4,192.168.1.5,1913841413,743339516,13326,1,1526767
472,1574591327.384093,192.168.1.5,192.168.1.4,743339516,1913854739,53,0,1526714
473,1574591327.417423,192.168.1.5,192.168.1.4,743339569,1913854739,112,0,1526602
474,1574591327.438441,192.168.1.4,192.168.1.5,1913854739,743339681,2070,1,1528672
475,1574591327.445192,192.168.1.4,192.168.1.5,1913856809,743339681,16406,1,1545078
476,1574591327.445459,192.168.1.4,192.168.1.5,1913873215,743339681,16406,1,1561484
477,1574591327.445505,192.168.1.4,192.168.1.5,1913889621,743339681,1160,1,1562644
478,1574591327.454131,192.168.1.4,192.168.1.5,1913890781,743339681,16406,1,1579050
479,1574591327.454243,192.168.1.4,192.168.1.5,1913907187,743339681,4344,1,1583394
480,1574591327.454491,192.168.1.4,192.168.1.5,1913911531,743339681,12062,1,1595456
481,1574591327.454531,192.168.1.4,192.168.1.5,1913923593,743339681,1226,1,1596682
482,1574591327.498537,192.168.1.4,192.168.1.5,1913924819,743339681,14480,1,1611162
483,1574591327.498734,192.168.1.4,192.168.1.5,1913939299,743339681,1926,1,1613088
484,1574591327.498745,192.168.1.4,192.168.1.5,1913941225,743339681,1762,1,1614850
485,1574591327.500532,192.168.1.4,192.168.1.5,3470277693,2201069403,91,1,1614941
486,1574591327.50122,192.168.1.4,192.168.1.5,1294337825,3498563829,91,1,1615032
487,1574591327.501497,192.168.1.4,192.168.1.5,2691870960,3647318269,91,1,1615123
488,1574591327.502016,192.168.1.4,192.168.1.5,3470277784,2201069404,24,1,1615147
489,1574591327.50327,192.168.1.4,192.168.1.5,1294337916,3498563830,24,1,1615171
490,1574591327.511924,192.168.1.5,192.168.1.4,3647318269,2691871051,539,0,1614632
491,1574591327.549114,192.168.1.5,192.168.1.4,743339681,1913942987,111,0,1614521
492,1574591327.566703,192.168.1.4,192.168.1.5,2691871051,3647318808,2070,1,1616591
493,1574591327.567423,192.168.1.4,192.168.1.5,1913942987,743339792,195,1,1616786
494,1574591327.568401,192.168.1.4,192.168.1.5,1913943182,743339792,2070,1,1618856
495,1574591327.568575,192.168.1.4,192.168.1.5,1913945252,743339792,2070,1,1620926
496,1574591327.57626,192.168.1.4,192.168.1.5,1913947322,743339792,16406,1,1637332
497,1574591327.576635,192.168.1.4,192.168.1.5,1913963728,743339792,14480,1,1651812
498,1574591327.576862,192.168.1.4,192.168.1.5,1913978208,743339792,1926,1,1653738
499,1574591327.576896,192.168.1.4,192.168.1.5,1913980134,743339792,1682,1,1655420
500,1574591327.57712,192.168.1.4,192.168.1.5,1913981816,743339792,2070,1,1657490
501,1574591327.577154,192.168.1.4,192.168.1.5,1913983886,743339792,2070,1,1659560
502,1574591327.588739,192.168.1.4,192.168.1.5,1913985956,743339792,16406,1,1675966
503,1574591327.588975,192.168.1.4,192.168.1.5,1914002362,743339792,16406,1,1692372
504,1574591327.589002,192.168.1.4,192.168.1.5,1914018768,743339792,246,1,1692618
505,1574591327.589371,192.168.1.4,192.168.1.5,1914019014,743339792,2070,1,1694688
506,1574591327.589417,192.168.1.4,192.168.1.5,1914021084,743339792,2070,1,1696758
507,1574591327.610325,192.168.1.4,192.168.1.5,2691873121,3647318808,1756,1,1698514
508,1574591327.6145,192.168.1.5,192.168.1.4,3647318808,2691874877,86,0,1698428
509,1574591327.61942,192.168.1.5,192.168.1.4,3647318894,2691874877,108,0,1698320
510,1574591327.619726,192.168.1.5,192.168.1.4,3647319002,2691874877,279,0,1698041
511,1574591327.630339,192.168.1.4,192.168.1.5,1914023154,743339792,7747,1,1705788
512,1574591327.649841,192.168.1.4,192.168.1.5,2691874877,3647319281,586,1,1706374
513,1574591327.652255,192.168.1.5,192.168.1.4,3647319281,2691875463,53,0,1706321
514,1574591327.654263,192.168.1.4,192.168.1.5,2691875463,3647319334,2070,1,1708391
515,1574591327.661501,192.168.1.5,192.168.1.4,1491235230,3829741159,292,0,1708099
516,1574591327.663374,192.168.1.5,192.168.1.4,1491235522,3829741159,266,0,1707833
517,1574591327.684798,192.168.1.4,192.168.1.5,3829741159,1491235788,70,1,1707903
518,1574591327.685204,192.168.1.4,192.168.1.5,3829741229,1491235788,385,1,1708288
519,1574591327.698383,192.168.1.4,192.168.1.5,2691877533,3647319334,841,1,1709129
520,1574591327.700085,192.168.1.5,192.168.1.4,3647319334,2691878374,61,0,1709068
521,1574591327.774462,192.168.1.5,192.168.1.4,945857310,207186369,98,0,1708970
522,1574591327.781211,192.168.1.4,192.168.1.5,1811624700,3460594421,91,1,1709061
523,1574591327.781236,192.168.1.4,192.168.1.5,1811624791,3460594421,24,1,1709085
524,1574591327.792363,192.168.1.4,192.168.1.5,207186369,945857408,57,1,1709142
525,1574591327.793143,192.168.1.4,192.168.1.5,207186426,945857408,257,1,1709399
526,1574591327.794191,192.168.1.4,192.168.1.5,207186683,945857408,2070,1,1711469
527,1574591327.794232,192.168.1.4,192.168.1.5,207188753,945857408,2070,1,1713539
528,1574591327.812496,192.168.1.5,192.168.1.4,621604456,4150559622,343,0,1713196
529,1574591327.812863,192.168.1.4,192.168.1.5,4150559622,621604799,99,1,1713295
530,1574591327.813234,192.168.1.5,192.168.1.4,621604799,4150559721,382,0,1712913
531,1574591327.82261,192.168.1.4,192.168.1.5,4150559721,621605181,2266,1,1715179
532,1574591327.823495,192.168.1.5,192.168.1.4,621605181,4150561987,74,0,1715105
533,1574591327.823633,192.168.1.5,192.168.1.4,621605255,4150561987,170,0,1714935
534,1574591327.823853,192.168.1.4,192.168.1.5,4150561987,621605425,79,1,1715014
535,1574591327.824567,192.168.1.4,192.168.1.5,4150562066,621605425,79,1,1715093
536,1574591327.840749,192.168.1.4,192.168.1.5,207190823,945857408,1430,1,1716523
537,1574591328.137623,192.168.1.4,192.168.1.5,769688606,656660957,91,1,1716614
538,1574591328.137663,192.168.1.4,192.168.1.5,769688697,656660957,24,1,1716638
