index,time,src_ip,dst_ip,tcp_seq,tcp_ack,tcp_len,direction,cumul_sum
1,1574591334.18233,192.168.1.5,192.168.1.4,1734718568,2110911723,343,0,-343
2,1574591334.183104,192.168.1.4,192.168.1.5,2110911723,1734718911,99,1,-244
3,1574591334.183764,192.168.1.5,192.168.1.4,1734718911,2110911822,382,0,-626
4,1574591334.197694,192.168.1.4,192.168.1.5,2110911822,1734719293,2266,1,1640
5,1574591334.198612,192.168.1.5,192.168.1.4,1734719293,2110914088,74,0,1566
6,1574591334.198764,192.168.1.5,192.168.1.4,1734719367,2110914088,245,0,1321
7,1574591334.198999,192.168.1.4,192.168.1.5,2110914088,1734719612,79,1,1400
8,1574591334.199074,192.168.1.4,192.168.1.5,2110914167,1734719612,79,1,1479
9,1574591334.340477,192.168.1.5,192.168.1.4,2753620088,3565052364,343,0,1136
10,1574591334.340938,192.168.1.4,192.168.1.5,3565052364,2753620431,99,1,1235
11,1574591334.34127,192.168.1.5,192.168.1.4,2753620431,3565052463,382,0,853
12,1574591334.342884,192.168.1.5,192.168.1.4,1170756484,2119905427,343,0,510
13,1574591334.346607,192.168.1.4,192.168.1.5,2119905427,1170756827,99,1,609
14,1574591334.34689,192.168.1.5,192.168.1.4,1170756827,2119905526,382,0,227
15,1574591334.36076,192.168.1.4,192.168.1.5,2119905526,1170757209,2266,1,2493
16,1574591334.361352,192.168.1.4,192.168.1.5,3565052463,2753620813,2266,1,4759
17,1574591334.362429,192.168.1.5,192.168.1.4,2753620813,3565054729,74,0,4685
18,1574591334.362594,192.168.1.5,192.168.1.4,2753620887,3565054729,239,0,4446
19,1574591334.362952,192.168.1.4,192.168.1.5,3565054729,2753621126,79,1,4525
20,1574591334.363963,192.168.1.5,192.168.1.4,1170757209,2119907792,74,0,4451
21,1574591334.364089,192.168.1.4,192.168.1.5,3565054808,2753621126,79,1,4530
22,1574591334.364315,192.168.1.5,192.168.1.4,1170757283,2119907792,239,0,4291
23,1574591334.364364,192.168.1.4,192.168.1.5,2119907792,1170757283,79,1,4370
24,1574591334.364527,192.168.1.4,192.168.1.5,2119907871,1170757522,79,1,4449
25,1574591335.102375,192.168.1.4,192.168.1.5,2110914246,1734719612,91,1,4540
26,1574591335.103451,192.168.1.5,192.168.1.4,1734719612,2110914337,539,0,4001
27,1574591335.146062,192.168.1.4,192.168.1.5,2110914337,1734720151,1440,1,5441
28,1574591335.186484,192.168.1.4,192.168.1.5,2110915777,1734720151,1648,1,7089
29,1574591335.195053,192.168.1.5,192.168.1.4,1734720151,2110917425,86,0,7003
30,1574591335.195743,192.168.1.5,192.168.1.4,1734720237,2110917425,108,0,6895
31,1574591335.196287,192.168.1.5,192.168.1.4,1734720345,2110917425,321,0,6574
32,1574591335.196444,192.168.1.5,192.168.1.4,1734720666,2110917425,54,0,6520
33,1574591335.202423,192.168.1.4,192.168.1.5,2119907950,1170757522,91,1,6611
34,1574591335.202927,192.168.1.5,192.168.1.4,1170757522,2119908041,539,0,6072
35,1574591335.225442,192.168.1.4,192.168.1.5,2119908041,1170758061,2070,1,8142
36,1574591335.233635,192.168.1.4,192.168.1.5,2110917425,1734720720,617,1,8759
37,1574591335.237634,192.168.1.5,192.168.1.4,1734720720,2110918042,53,0,8706
38,1574591335.239568,192.168.1.4,192.168.1.5,2110918042,1734720773,1141,1,9847
39,1574591335.242167,192.168.1.5,192.168.1.4,1734720773,2110919183,61,0,9786
40,1574591335.244568,192.168.1.4,192.168.1.5,3565054887,2753621126,91,1,9877
41,1574591335.244902,192.168.1.5,192.168.1.4,2753621126,3565054978,539,0,9338
42,1574591335.26561,192.168.1.4,192.168.1.5,3565054978,2753621665,2070,1,11408
43,1574591335.266048,192.168.1.4,192.168.1.5,2119910111,1170758061,1119,1,12527
44,1574591335.275071,192.168.1.5,192.168.1.4,1170758061,2119911230,86,0,12441
45,1574591335.275594,192.168.1.5,192.168.1.4,1170758147,2119911230,108,0,12333
46,1574591335.276994,192.168.1.5,192.168.1.4,1170758255,2119911230,378,0,11955
47,1574591335.29763,192.168.1.4,192.168.1.5,2119911230,1170758633,318,1,12273
48,1574591335.298081,192.168.1.5,192.168.1.4,1170758633,2119911548,53,0,12220
49,1574591335.306534,192.168.1.4,192.168.1.5,3565057048,2753621665,1120,1,13340
50,1574591335.308754,192.168.1.5,192.168.1.4,2753621665,3565058168,86,0,13254
51,1574591335.328456,192.168.1.4,192.168.1.5,3565058168,2753621751,274,1,13528
52,1574591335.344349,192.168.1.4,192.168.1.5,2119911548,1170758686,868,1,14396
53,1574591335.350272,192.168.1.5,192.168.1.4,1170758686,2119912416,102,0,14294
54,1574591335.36925,192.168.1.4,192.168.1.5,2119912416,1170758788,57,1,14351
55,1574591335.46361,192.168.1.4,192.168.1.5,2119912473,1170758788,8688,1,23039
56,1574591335.463867,192.168.1.4,192.168.1.5,2119921161,1170758788,4884,1,27923
57,1574591335.488134,192.168.1.4,192.168.1.5,2119926045,1170758788,2070,1,29993
58,1574591335.530301,192.168.1.4,192.168.1.5,2119928115,1170758788,7624,1,37617
59,1574591335.538753,192.168.1.5,192.168.1.4,1688733540,1133662189,343,0,37274
60,1574591335.539114,192.168.1.4,192.168.1.5,1133662189,1688733883,99,1,37373
61,1574591335.539557,192.168.1.5,192.168.1.4,1688733883,1133662288,382,0,36991
62,1574591335.54629,192.168.1.5,192.168.1.4,3782089636,1418699719,343,0,36648
63,1574591335.548252,192.168.1.5,192.168.1.4,3680656112,3568234603,343,0,36305
64,1574591335.55084,192.168.1.4,192.168.1.5,1418699719,3782089979,99,1,36404
65,1574591335.551231,192.168.1.5,192.168.1.4,3782089979,1418699818,382,0,36022
66,1574591335.552721,192.168.1.5,192.168.1.4,1035478438,3990315992,343,0,35679
67,1574591335.554176,192.168.1.4,192.168.1.5,3568234603,3680656455,99,1,35778
68,1574591335.554507,192.168.1.5,192.168.1.4,3680656455,3568234702,382,0,35396
69,1574591335.555722,192.168.1.5,192.168.1.4,3512073216,2727132371,343,0,35053
70,1574591335.55676,192.168.1.4,192.168.1.5,3990315992,1035478781,99,1,35152
71,1574591335.557114,192.168.1.5,192.168.1.4,1035478781,3990316091,382,0,34770
72,1574591335.563347,192.168.1.4,192.168.1.5,2727132371,3512073559,99,1,34869
73,1574591335.56374,192.168.1.5,192.168.1.4,3512073559,2727132470,382,0,34487
74,1574591335.565566,192.168.1.5,192.168.1.4,1363013114,1231627654,343,0,34144
75,1574591335.571621,192.168.1.5,192.168.1.4,3811612183,3948164079,343,0,33801
76,1574591335.595207,192.168.1.4,192.168.1.5,3948164079,3811612526,99,1,33900
77,1574591335.595602,192.168.1.5,192.168.1.4,3811612526,3948164178,382,0,33518
78,1574591335.5959,192.168.1.4,192.168.1.5,1231627654,1363013457,99,1,33617
79,1574591335.596198,192.168.1.5,192.168.1.4,1363013457,1231627753,382,0,33235
80,1574591335.612989,192.168.1.4,192.168.1.5,1231627753,1363013839,2266,1,35501
81,1574591335.614774,192.168.1.5,192.168.1.4,1363013839,1231630019,74,0,35427
82,1574591335.614926,192.168.1.4,192.168.1.5,1133662288,1688734265,2266,1,37693
83,1574591335.616321,192.168.1.5,192.168.1.4,1688734265,1133664554,74,0,37619
84,1574591335.616609,192.168.1.5,192.168.1.4,1688734339,1133664554,245,0,37374
85,1574591335.616755,192.168.1.5,192.168.1.4,1363013913,1231630019,245,0,37129
86,1574591335.622663,192.168.1.4,192.168.1.5,3990316091,1035479163,2266,1,39395
87,1574591335.624159,192.168.1.5,192.168.1.4,1035479163,3990318357,74,0,39321
88,1574591335.624389,192.168.1.5,192.168.1.4,1035479237,3990318357,245,0,39076
89,1574591335.630317,192.168.1.4,192.168.1.5,2727132470,3512073941,2266,1,41342
90,1574591335.630502,192.168.1.4,192.168.1.5,1133664554,1688734584,79,1,41421
91,1574591335.630677,192.168.1.4,192.168.1.5,1133664633,1688734584,79,1,41500
92,1574591335.632283,192.168.1.5,192.168.1.4,3512073941,2727134736,74,0,41426
93,1574591335.632367,192.168.1.4,192.168.1.5,1231630019,1363014158,79,1,41505
94,1574591335.632524,192.168.1.5,192.168.1.4,3512074015,2727134736,245,0,41260
95,1574591335.63259,192.168.1.4,192.168.1.5,1231630098,1363014158,79,1,41339
96,1574591335.634142,192.168.1.4,192.168.1.5,3948164178,3811612908,2266,1,43605
97,1574591335.63578,192.168.1.5,192.168.1.4,3811612908,3948166444,74,0,43531
98,1574591335.63592,192.168.1.5,192.168.1.4,3811612982,3948166444,231,0,43300
99,1574591335.636698,192.168.1.4,192.168.1.5,1418699818,3782090361,2266,1,45566
100,1574591335.637487,192.168.1.4,192.168.1.5,2727134736,3512074260,79,1,45645
101,1574591335.637637,192.168.1.4,192.168.1.5,2727134815,3512074260,79,1,45724
102,1574591335.638615,192.168.1.5,192.168.1.4,3782090361,1418702084,74,0,45650
103,1574591335.638733,192.168.1.4,192.168.1.5,3990318357,1035479482,79,1,45729
104,1574591335.638911,192.168.1.4,192.168.1.5,3990318436,1035479482,79,1,45808
105,1574591335.639168,192.168.1.5,192.168.1.4,3782090435,1418702084,245,0,45563
106,1574591335.640126,192.168.1.4,192.168.1.5,3568234702,3680656837,2266,1,47829
107,1574591335.640518,192.168.1.4,192.168.1.5,3948166444,3811613213,79,1,47908
108,1574591335.64065,192.168.1.4,192.168.1.5,3948166523,3811613213,79,1,47987
109,1574591335.641841,192.168.1.5,192.168.1.4,3680656837,3568236968,74,0,47913
110,1574591335.642028,192.168.1.5,192.168.1.4,3680656911,3568236968,245,0,47668
111,1574591335.643009,192.168.1.4,192.168.1.5,3568236968,3680657156,79,1,47747
112,1574591335.643113,192.168.1.4,192.168.1.5,3568237047,3680657156,79,1,47826
113,1574591335.643944,192.168.1.4,192.168.1.5,1418702084,3782090680,79,1,47905
114,1574591335.644017,192.168.1.4,192.168.1.5,1418702163,3782090680,79,1,47984
115,1574591337.299997,192.168.1.4,192.168.1.5,3948166602,3811613213,91,1,48075
116,1574591337.300388,192.168.1.4,192.168.1.5,1418702242,3782090680,91,1,48166
117,1574591337.3004,192.168.1.4,192.168.1.5,3568237126,3680657156,91,1,48257
118,1574591337.300655,192.168.1.5,192.168.1.4,3811613213,3948166693,539,0,47718
119,1574591337.300678,192.168.1.4,192.168.1.5,2727134894,3512074260,91,1,47809
120,1574591337.300687,192.168.1.4,192.168.1.5,1133664712,1688734584,91,1,47900
121,1574591337.301466,192.168.1.5,192.168.1.4,1688734584,1133664803,539,0,47361
122,1574591337.301586,192.168.1.5,192.168.1.4,3512074260,2727134985,539,0,46822
123,1574591337.301655,192.168.1.5,192.168.1.4,3782090680,1418702333,539,0,46283
124,1574591337.30172,192.168.1.5,192.168.1.4,3680657156,3568237217,539,0,45744
125,1574591337.323389,192.168.1.4,192.168.1.5,1418702333,3782091219,2070,1,47814
126,1574591337.323884,192.168.1.4,192.168.1.5,2727134985,3512074799,1410,1,49224
127,1574591337.324849,192.168.1.4,192.168.1.5,3948166693,3811613752,1410,1,50634
128,1574591337.326848,192.168.1.4,192.168.1.5,1133664803,1688735123,2070,1,52704
129,1574591337.327253,192.168.1.4,192.168.1.5,3568237217,3680657695,2070,1,54774
130,1574591337.366416,192.168.1.4,192.168.1.5,2727136395,3512074799,1781,1,56555
131,1574591337.366445,192.168.1.4,192.168.1.5,3948168103,3811613752,1780,1,58335
132,1574591337.366461,192.168.1.4,192.168.1.5,1418704403,3782091219,1121,1,59456
133,1574591337.369,192.168.1.5,192.168.1.4,3512074799,2727138176,86,0,59370
134,1574591337.370011,192.168.1.4,192.168.1.5,1133666873,1688735123,1120,1,60490
135,1574591337.370032,192.168.1.4,192.168.1.5,3568239287,3680657695,1119,1,61609
136,1574591337.370268,192.168.1.5,192.168.1.4,3782091219,1418705524,86,0,61523
137,1574591337.371387,192.168.1.5,192.168.1.4,3811613752,3948169883,86,0,61437
138,1574591337.372583,192.168.1.5,192.168.1.4,1688735123,1133667993,86,0,61351
139,1574591337.373641,192.168.1.5,192.168.1.4,3680657695,3568240406,86,0,61265
140,1574591337.373995,192.168.1.5,192.168.1.4,3782091305,1418705524,24,0,61241
141,1574591337.37442,192.168.1.4,192.168.1.5,1418705524,3782091329,24,1,61265
142,1574591337.376243,192.168.1.5,192.168.1.4,2782240481,2070078217,343,0,60922
143,1574591337.376639,192.168.1.4,192.168.1.5,2070078217,2782240824,99,1,61021
144,1574591337.377363,192.168.1.5,192.168.1.4,2782240824,2070078316,382,0,60639
145,1574591337.379868,192.168.1.5,192.168.1.4,1688735209,1133667993,24,0,60615
146,1574591337.380233,192.168.1.4,192.168.1.5,1133667993,1688735233,24,1,60639
147,1574591337.381314,192.168.1.5,192.168.1.4,3600648969,9307331,343,0,60296
148,1574591337.381923,192.168.1.5,192.168.1.4,3680657781,3568240406,24,0,60272
149,1574591337.382233,192.168.1.4,192.168.1.5,3568240406,3680657805,24,1,60296
150,1574591337.383413,192.168.1.5,192.168.1.4,2246484673,3615164897,343,0,59953
151,1574591337.383916,192.168.1.5,192.168.1.4,3512074885,2727138176,108,0,59845
152,1574591337.383985,192.168.1.5,192.168.1.4,1035479482,3990318515,24,0,59821
153,1574591337.384375,192.168.1.5,192.168.1.4,1363014158,1231630177,24,0,59797
154,1574591337.386754,192.168.1.4,192.168.1.5,9307331,3600649312,99,1,59896
155,1574591337.387024,192.168.1.4,192.168.1.5,2727138176,3512074993,274,1,60170
156,1574591337.387185,192.168.1.5,192.168.1.4,3600649312,9307430,382,0,59788
157,1574591337.390551,192.168.1.4,192.168.1.5,3948169883,3811613838,274,1,60062
158,1574591337.390756,192.168.1.4,192.168.1.5,3615164897,2246485016,99,1,60161
159,1574591337.390998,192.168.1.5,192.168.1.4,2246485016,3615164996,382,0,59779
160,1574591337.39174,192.168.1.5,192.168.1.4,3811613838,3948170157,108,0,59671
161,1574591337.397222,192.168.1.4,192.168.1.5,2070078316,2782241206,2266,1,61937
162,1574591337.398151,192.168.1.5,192.168.1.4,2782241206,2070080582,74,0,61863
163,1574591337.398294,192.168.1.5,192.168.1.4,2782241280,2070080582,245,0,61618
164,1574591337.398345,192.168.1.5,192.168.1.4,2782241525,2070080582,24,0,61594
165,1574591337.405959,192.168.1.4,192.168.1.5,2070080582,2782241549,79,1,61673
166,1574591337.405983,192.168.1.4,192.168.1.5,2070080661,2782241549,79,1,61752
167,1574591337.410093,192.168.1.4,192.168.1.5,3615164996,2246485398,2266,1,64018
168,1574591337.410569,192.168.1.4,192.168.1.5,3948170157,3811613946,53,1,64071
169,1574591337.411088,192.168.1.5,192.168.1.4,2246485398,3615167262,74,0,63997
170,1574591337.411204,192.168.1.5,192.168.1.4,2246485472,3615167262,245,0,63752
171,1574591337.411252,192.168.1.5,192.168.1.4,2246485717,3615167262,24,0,63728
172,1574591337.412721,192.168.1.5,192.168.1.4,3512074993,2727138450,338,0,63390
173,1574591337.412842,192.168.1.5,192.168.1.4,3512075331,2727138450,53,0,63337
174,1574591337.412937,192.168.1.5,192.168.1.4,3512075384,2727138450,122,0,63215
175,1574591337.413089,192.168.1.5,192.168.1.4,3512075506,2727138450,122,0,63093
176,1574591337.413286,192.168.1.5,192.168.1.4,3512075628,2727138450,122,0,62971
177,1574591337.413406,192.168.1.5,192.168.1.4,3512075750,2727138450,121,0,62850
178,1574591337.413502,192.168.1.5,192.168.1.4,3512075871,2727138450,121,0,62729
179,1574591337.413601,192.168.1.5,192.168.1.4,3512075992,2727138450,122,0,62607
180,1574591337.413717,192.168.1.5,192.168.1.4,3512076114,2727138450,122,0,62485
181,1574591337.413815,192.168.1.5,192.168.1.4,3512076236,2727138450,121,0,62364
182,1574591337.413848,192.168.1.4,192.168.1.5,2727138450,3512076114,53,1,62417
183,1574591337.413959,192.168.1.5,192.168.1.4,3512076357,2727138503,121,0,62296
184,1574591337.414081,192.168.1.5,192.168.1.4,3512076478,2727138503,120,0,62176
185,1574591337.414613,192.168.1.5,192.168.1.4,3811613946,3948170210,53,0,62123
186,1574591337.414763,192.168.1.5,192.168.1.4,3811613999,3948170210,295,0,61828
187,1574591337.416856,192.168.1.4,192.168.1.5,9307430,3600649694,2266,1,64094
188,1574591337.417781,192.168.1.5,192.168.1.4,3600649694,9309696,74,0,64020
189,1574591337.417891,192.168.1.4,192.168.1.5,3615167262,2246485741,79,1,64099
190,1574591337.417907,192.168.1.4,192.168.1.5,3615167341,2246485741,79,1,64178
191,1574591337.417967,192.168.1.5,192.168.1.4,3600649768,9309696,269,0,63909
192,1574591337.418248,192.168.1.4,192.168.1.5,9309696,3600650037,79,1,63988
193,1574591337.418325,192.168.1.4,192.168.1.5,9309775,3600650037,79,1,64067
194,1574591337.430246,192.168.1.4,192.168.1.5,2727138503,3512076598,473,1,64540
195,1574591337.448092,192.168.1.4,192.168.1.5,3948170210,3811614294,57,1,64597
196,1574591337.448241,192.168.1.4,192.168.1.5,2727138976,3512076598,10136,1,74733
197,1574591337.448423,192.168.1.4,192.168.1.5,2727149112,3512076598,1448,1,76181
198,1574591337.448511,192.168.1.4,192.168.1.5,2727150560,3512076598,11584,1,87765
199,1574591337.448593,192.168.1.4,192.168.1.5,2727162144,3512076598,13032,1,100797
200,1574591337.448807,192.168.1.4,192.168.1.5,2727175176,3512076598,2875,1,103672
201,1574591337.458473,192.168.1.4,192.168.1.5,2727178051,3512076598,7240,1,110912
202,1574591337.458611,192.168.1.4,192.168.1.5,2727185291,3512076598,9166,1,120078
203,1574591337.45881,192.168.1.4,192.168.1.5,2727194457,3512076598,11584,1,131662
204,1574591337.459612,192.168.1.4,192.168.1.5,2727206041,3512076598,4822,1,136484
205,1574591337.45965,192.168.1.4,192.168.1.5,2727210863,3512076598,1102,1,137586
206,1574591337.466365,192.168.1.4,192.168.1.5,2727211965,3512076598,16406,1,153992
207,1574591337.466459,192.168.1.4,192.168.1.5,2727228371,3512076598,7240,1,161232
208,1574591337.466546,192.168.1.4,192.168.1.5,2727235611,3512076598,10353,1,171585
209,1574591337.480795,192.168.1.4,192.168.1.5,2727245964,3512076598,16406,1,187991
210,1574591337.480909,192.168.1.4,192.168.1.5,2727262370,3512076598,11584,1,199575
211,1574591337.481137,192.168.1.4,192.168.1.5,2727273954,3512076598,5183,1,204758
212,1574591337.498387,192.168.1.4,192.168.1.5,2727279137,3512076598,16406,1,221164
213,1574591337.498478,192.168.1.4,192.168.1.5,2727295543,3512076598,13032,1,234196
214,1574591337.498903,192.168.1.4,192.168.1.5,2727308575,3512076598,5047,1,239243
215,1574591337.508998,192.168.1.4,192.168.1.5,2727313622,3512076598,16406,1,255649
216,1574591337.509262,192.168.1.4,192.168.1.5,2727330028,3512076598,14480,1,270129
217,1574591337.50977,192.168.1.4,192.168.1.5,2727344508,3512076598,3220,1,273349
218,1574591337.512572,192.168.1.4,192.168.1.5,3948170267,3811614294,1014,1,274363
219,1574591337.550315,192.168.1.4,192.168.1.5,2727347728,3512076598,6962,1,281325
220,1574591337.556837,192.168.1.4,192.168.1.5,2727354690,3512076598,2798,1,284123
221,1574591337.563485,192.168.1.4,192.168.1.5,3990318515,1035479506,91,1,284214
222,1574591337.563505,192.168.1.4,192.168.1.5,3990318606,1035479506,24,1,284238
223,1574591337.575061,192.168.1.4,192.168.1.5,2727357488,3512076598,2798,1,287036
224,1574591337.57535,192.168.1.4,192.168.1.5,2727360286,3512076598,1410,1,288446
225,1574591337.576321,192.168.1.4,192.168.1.5,2727361696,3512076598,1410,1,289856
226,1574591337.618207,192.168.1.4,192.168.1.5,2727363106,3512076598,2860,1,292716
227,1574591337.798115,192.168.1.4,192.168.1.5,1231630177,1363014182,91,1,292807
228,1574591337.798234,192.168.1.4,192.168.1.5,1231630268,1363014182,24,1,292831
229,1574591337.826572,192.168.1.5,192.168.1.4,3512076598,2727365966,124,0,292707
230,1574591337.833067,192.168.1.5,192.168.1.4,3512076722,2727365966,125,0,292582
231,1574591337.840197,192.168.1.5,192.168.1.4,3512076847,2727365966,124,0,292458
232,1574591337.84214,192.168.1.5,192.168.1.4,3512076971,2727365966,124,0,292334
233,1574591337.844204,192.168.1.5,192.168.1.4,3512077095,2727365966,115,0,292219
234,1574591337.846357,192.168.1.4,192.168.1.5,2727365966,3512077210,3036,1,295255
235,1574591337.847322,192.168.1.4,192.168.1.5,2727369002,3512077210,13032,1,308287
236,1574591337.84748,192.168.1.4,192.168.1.5,2727382034,3512077210,2896,1,311183
237,1574591337.847582,192.168.1.4,192.168.1.5,2727384930,3512077210,3548,1,314731
238,1574591337.848637,192.168.1.4,192.168.1.5,2727388478,3512077210,2070,1,316801
239,1574591337.858834,192.168.1.5,192.168.1.4,3512077210,2727390548,124,0,316677
240,1574591337.859398,192.168.1.4,192.168.1.5,2727390548,3512077334,16406,1,333083
241,1574591337.859612,192.168.1.4,192.168.1.5,2727406954,3512077334,5901,1,338984
242,1574591337.867668,192.168.1.4,192.168.1.5,2727412855,3512077334,16406,1,355390
243,1574591337.867838,192.168.1.4,192.168.1.5,2727429261,3512077334,11584,1,366974
244,1574591337.867963,192.168.1.4,192.168.1.5,2727440845,3512077334,4822,1,371796
245,1574591337.867973,192.168.1.4,192.168.1.5,2727445667,3512077334,1446,1,373242
246,1574591337.88088,192.168.1.4,192.168.1.5,2727447113,3512077334,16406,1,389648
247,1574591337.88119,192.168.1.4,192.168.1.5,2727463519,3512077334,13032,1,402680
248,1574591337.881236,192.168.1.4,192.168.1.5,2727476551,3512077334,3374,1,406054
249,1574591337.881592,192.168.1.4,192.168.1.5,2727479925,3512077334,1514,1,407568
250,1574591337.894813,192.168.1.4,192.168.1.5,2727481439,3512077334,16406,1,423974
251,1574591337.894961,192.168.1.4,192.168.1.5,2727497845,3512077334,14480,1,438454
252,1574591337.895231,192.168.1.4,192.168.1.5,2727512325,3512077334,2356,1,440810
253,1574591337.929506,192.168.1.4,192.168.1.5,2727514681,3512077334,16406,1,457216
254,1574591337.929645,192.168.1.4,192.168.1.5,2727531087,3512077334,15928,1,473144
255,1574591337.929778,192.168.1.4,192.168.1.5,2727547015,3512077334,478,1,473622
256,1574591337.929787,192.168.1.4,192.168.1.5,2727547493,3512077334,1636,1,475258
257,1574591337.954421,192.168.1.4,192.168.1.5,2727549129,3512077334,2896,1,478154
258,1574591337.954691,192.168.1.4,192.168.1.5,2727552025,3512077334,13510,1,491664
259,1574591337.954738,192.168.1.4,192.168.1.5,2727565535,3512077334,16406,1,508070
260,1574591337.954751,192.168.1.4,192.168.1.5,2727581941,3512077334,1158,1,509228
261,1574591337.963602,192.168.1.5,192.168.1.4,3512077334,2727583099,125,0,509103
262,1574591337.964203,192.168.1.4,192.168.1.5,2727583099,3512077459,13032,1,522135
263,1574591337.964344,192.168.1.4,192.168.1.5,2727596131,3512077459,3374,1,525509
264,1574591337.964352,192.168.1.4,192.168.1.5,2727599505,3512077459,1935,1,527444
265,1574591337.988574,192.168.1.4,192.168.1.5,2727601440,3512077459,16406,1,543850
266,1574591337.988971,192.168.1.4,192.168.1.5,2727617846,3512077459,16406,1,560256
267,1574591337.988995,192.168.1.4,192.168.1.5,2727634252,3512077459,1166,1,561422
268,1574591337.994734,192.168.1.5,192.168.1.4,3512077459,2727635418,125,0,561297
269,1574591337.995249,192.168.1.4,192.168.1.5,2727635418,3512077584,7457,1,568754
270,1574591338.008969,192.168.1.5,192.168.1.4,3512077584,2727642875,124,0,568630
271,1574591338.009254,192.168.1.5,192.168.1.4,3512077708,2727642875,116,0,568514
272,1574591338.00941,192.168.1.5,192.168.1.4,3512077824,2727642875,116,0,568398
273,1574591338.009646,192.168.1.5,192.168.1.4,3512077940,2727642875,124,0,568274
274,1574591338.009799,192.168.1.5,192.168.1.4,3512078064,2727642875,124,0,568150
275,1574591338.009983,192.168.1.5,192.168.1.4,3512078188,2727642875,124,0,568026
276,1574591338.010174,192.168.1.5,192.168.1.4,3512078312,2727642875,124,0,567902
277,1574591338.010349,192.168.1.5,192.168.1.4,3512078436,2727642875,124,0,567778
278,1574591338.010485,192.168.1.5,192.168.1.4,3512078560,2727642875,124,0,567654
279,1574591338.013968,192.168.1.4,192.168.1.5,2727642875,3512078684,2070,1,569724
280,1574591338.017681,192.168.1.5,192.168.1.4,3512078684,2727644945,124,0,569600
281,1574591338.017939,192.168.1.5,192.168.1.4,3512078808,2727644945,123,0,569477
282,1574591338.018109,192.168.1.5,192.168.1.4,3512078931,2727644945,124,0,569353
283,1574591338.018339,192.168.1.5,192.168.1.4,3512079055,2727644945,124,0,569229
284,1574591338.018421,192.168.1.4,192.168.1.5,2727644945,3512079055,8688,1,577917
285,1574591338.018542,192.168.1.4,192.168.1.5,2727653633,3512079055,1995,1,579912
286,1574591338.018771,192.168.1.5,192.168.1.4,3512079179,2727655628,124,0,579788
287,1574591338.020842,192.168.1.4,192.168.1.5,2727655628,3512079303,2070,1,581858
288,1574591338.036773,192.168.1.4,192.168.1.5,2727657698,3512079303,16406,1,598264
289,1574591338.036907,192.168.1.4,192.168.1.5,2727674104,3512079303,16406,1,614670
290,1574591338.037215,192.168.1.4,192.168.1.5,2727690510,3512079303,950,1,615620
291,1574591338.042814,192.168.1.4,192.168.1.5,2727691460,3512079303,16406,1,632026
292,1574591338.042922,192.168.1.4,192.168.1.5,2727707866,3512079303,16406,1,648432
293,1574591338.043034,192.168.1.4,192.168.1.5,2727724272,3512079303,2052,1,650484
294,1574591338.057148,192.168.1.4,192.168.1.5,2727726324,3512079303,16406,1,666890
295,1574591338.057249,192.168.1.4,192.168.1.5,2727742730,3512079303,16406,1,683296
296,1574591338.057268,192.168.1.4,192.168.1.5,2727759136,3512079303,254,1,683550
297,1574591338.062719,192.168.1.5,192.168.1.4,3512079303,2727759390,124,0,683426
298,1574591338.06308,192.168.1.4,192.168.1.5,2727759390,3512079427,16406,1,699832
299,1574591338.063169,192.168.1.4,192.168.1.5,2727775796,3512079427,4179,1,704011
300,1574591338.064804,192.168.1.5,192.168.1.4,3512079427,2727779975,124,0,703887
301,1574591338.064966,192.168.1.5,192.168.1.4,3512079551,2727779975,116,0,703771
302,1574591338.065108,192.168.1.5,192.168.1.4,3512079667,2727779975,115,0,703656
303,1574591338.065698,192.168.1.4,192.168.1.5,2727779975,3512079782,4186,1,707842
304,1574591338.065989,192.168.1.5,192.168.1.4,3512079782,2727784161,115,0,707727
305,1574591338.066138,192.168.1.5,192.168.1.4,3512079897,2727784161,115,0,707612
306,1574591338.066183,192.168.1.4,192.168.1.5,2727784161,3512079897,2070,1,709682
307,1574591338.066422,192.168.1.4,192.168.1.5,2727786231,3512080012,750,1,710432
308,1574591338.066556,192.168.1.5,192.168.1.4,3512080012,2727786981,124,0,710308
309,1574591338.066667,192.168.1.5,192.168.1.4,3512080136,2727786981,124,0,710184
310,1574591338.066781,192.168.1.5,192.168.1.4,3512080260,2727786981,123,0,710061
311,1574591338.068458,192.168.1.4,192.168.1.5,2727786981,3512080383,2070,1,712131
312,1574591338.069465,192.168.1.5,192.168.1.4,3512080383,2727789051,116,0,712015
313,1574591338.069957,192.168.1.4,192.168.1.5,2727789051,3512080499,6302,1,718317
314,1574591338.082496,192.168.1.4,192.168.1.5,2727795353,3512080499,16406,1,734723
315,1574591338.083063,192.168.1.4,192.168.1.5,2727811759,3512080499,16406,1,751129
316,1574591338.083123,192.168.1.4,192.168.1.5,2727828165,3512080499,311,1,751440
317,1574591338.10659,192.168.1.5,192.168.1.4,4051714923,1244869389,343,0,751097
318,1574591338.107075,192.168.1.4,192.168.1.5,1244869389,4051715266,99,1,751196
319,1574591338.107427,192.168.1.5,192.168.1.4,4051715266,1244869488,382,0,750814
320,1574591338.122733,192.168.1.4,192.168.1.5,1244869488,4051715648,2266,1,753080
321,1574591338.123767,192.168.1.5,192.168.1.4,4051715648,1244871754,74,0,753006
322,1574591338.123933,192.168.1.5,192.168.1.4,4051715722,1244871754,245,0,752761
323,1574591338.124158,192.168.1.4,192.168.1.5,1244871754,4051715967,79,1,752840
324,1574591338.124244,192.168.1.4,192.168.1.5,1244871833,4051715967,79,1,752919
325,1574591338.133193,192.168.1.4,192.168.1.5,2727828476,3512080499,2798,1,755717
326,1574591338.134361,192.168.1.4,192.168.1.5,2727831274,3512080499,12514,1,768231
327,1574591338.135856,192.168.1.4,192.168.1.5,2727843788,3512080499,1410,1,769641
328,1574591338.136295,192.168.1.4,192.168.1.5,2727845198,3512080499,2798,1,772439
329,1574591338.137362,192.168.1.4,192.168.1.5,2727847996,3512080499,6962,1,779401
330,1574591338.138892,192.168.1.4,192.168.1.5,2727854958,3512080499,2798,1,782199
331,1574591338.140107,192.168.1.4,192.168.1.5,2727857756,3512080499,5574,1,787773
332,1574591338.140775,192.168.1.4,192.168.1.5,2727863330,3512080499,4007,1,791780
333,1574591338.142552,192.168.1.4,192.168.1.5,2727867337,3512080499,14480,1,806260
334,1574591338.142639,192.168.1.4,192.168.1.5,2727881817,3512080499,1926,1,808186
335,1574591338.142665,192.168.1.4,192.168.1.5,2727883743,3512080499,15928,1,824114
336,1574591338.14272,192.168.1.4,192.168.1.5,2727899671,3512080499,478,1,824592
337,1574591338.142736,192.168.1.4,192.168.1.5,2727900149,3512080499,2896,1,827488
338,1574591338.142901,192.168.1.4,192.168.1.5,2727903045,3512080499,7240,1,834728
339,1574591338.142988,192.168.1.4,192.168.1.5,2727910285,3512080499,22676,1,857404
340,1574591338.143112,192.168.1.4,192.168.1.5,2727932961,3512080499,13032,1,870436
341,1574591338.143226,192.168.1.4,192.168.1.5,2727945993,3512080499,2896,1,873332
342,1574591338.143375,192.168.1.4,192.168.1.5,2727948889,3512080499,2896,1,876228
343,1574591338.143471,192.168.1.4,192.168.1.5,2727951785,3512080499,9325,1,885553
344,1574591338.168281,192.168.1.4,192.168.1.5,2727961110,3512080499,16406,1,901959
345,1574591338.168388,192.168.1.4,192.168.1.5,2727977516,3512080499,16406,1,918365
346,1574591338.168518,192.168.1.4,192.168.1.5,2727993922,3512080499,15928,1,934293
347,1574591338.16858,192.168.1.4,192.168.1.5,2728009850,3512080499,478,1,934771
348,1574591338.168604,192.168.1.4,192.168.1.5,2728010328,3512080499,7240,1,942011
349,1574591338.168792,192.168.1.4,192.168.1.5,2728017568,3512080499,11584,1,953595
350,1574591338.169142,192.168.1.4,192.168.1.5,2728029152,3512080499,4244,1,957839
351,1574591338.16917,192.168.1.4,192.168.1.5,2728033396,3512080499,2798,1,960637
352,1574591338.172639,192.168.1.4,192.168.1.5,2728036194,3512080499,8350,1,968987
353,1574591338.173329,192.168.1.4,192.168.1.5,2728044544,3512080499,2798,1,971785
354,1574591338.174013,192.168.1.4,192.168.1.5,2728047342,3512080499,2798,1,974583
355,1574591338.176052,192.168.1.4,192.168.1.5,2728050140,3512080499,2798,1,977381
356,1574591338.178064,192.168.1.4,192.168.1.5,2728052938,3512080499,4186,1,981567
357,1574591338.180732,192.168.1.4,192.168.1.5,2728057124,3512080499,5574,1,987141
358,1574591338.181951,192.168.1.4,192.168.1.5,2728062698,3512080499,4186,1,991327
359,1574591338.182674,192.168.1.4,192.168.1.5,2728066884,3512080499,2798,1,994125
360,1574591338.184547,192.168.1.4,192.168.1.5,2728069682,3512080499,2070,1,996195
361,1574591338.212281,192.168.1.4,192.168.1.5,2728071752,3512080499,16406,1,1012601
362,1574591338.21235,192.168.1.4,192.168.1.5,2728088158,3512080499,16406,1,1029007
363,1574591338.212578,192.168.1.4,192.168.1.5,2728104564,3512080499,8688,1,1037695
364,1574591338.21271,192.168.1.4,192.168.1.5,2728113252,3512080499,25962,1,1063657
365,1574591338.21307,192.168.1.4,192.168.1.5,2728139214,3512080499,2798,1,1066455
366,1574591338.213863,192.168.1.4,192.168.1.5,2728142012,3512080499,2798,1,1069253
367,1574591338.214568,192.168.1.4,192.168.1.5,2728144810,3512080499,1410,1,1070663
368,1574591338.21796,192.168.1.4,192.168.1.5,2728146220,3512080499,6962,1,1077625
369,1574591338.218822,192.168.1.4,192.168.1.5,2728153182,3512080499,4186,1,1081811
370,1574591338.219727,192.168.1.4,192.168.1.5,2728157368,3512080499,1410,1,1083221
371,1574591338.226798,192.168.1.4,192.168.1.5,2728158778,3512080499,13902,1,1097123
372,1574591338.227998,192.168.1.4,192.168.1.5,2728172680,3512080499,4836,1,1101959
373,1574591338.229465,192.168.1.4,192.168.1.5,2728177516,3512080499,2798,1,1104757
374,1574591338.229704,192.168.1.4,192.168.1.5,2728180314,3512080499,1703,1,1106460
375,1574591338.232507,192.168.1.4,192.168.1.5,2728182017,3512080499,5631,1,1112091
376,1574591338.233277,192.168.1.4,192.168.1.5,2728187648,3512080499,3106,1,1115197
377,1574591338.235125,192.168.1.4,192.168.1.5,2728190754,3512080499,4209,1,1119406
378,1574591338.23636,192.168.1.4,192.168.1.5,2728194963,3512080499,2798,1,1122204
379,1574591338.237992,192.168.1.4,192.168.1.5,2728197761,3512080499,4954,1,1127158
380,1574591338.238694,192.168.1.4,192.168.1.5,2728202715,3512080499,79,1,1127237
381,1574591338.242789,192.168.1.4,192.168.1.5,2728202794,3512080499,5574,1,1132811
382,1574591338.24295,192.168.1.4,192.168.1.5,2728208368,3512080499,2798,1,1135609
383,1574591338.243067,192.168.1.4,192.168.1.5,2728211166,3512080499,1410,1,1137019
384,1574591338.245126,192.168.1.4,192.168.1.5,2728212576,3512080499,5574,1,1142593
385,1574591338.245642,192.168.1.4,192.168.1.5,2728218150,3512080499,2798,1,1145391
386,1574591338.246436,192.168.1.4,192.168.1.5,2728220948,3512080499,2798,1,1148189
387,1574591338.24924,192.168.1.4,192.168.1.5,2728223746,3512080499,5574,1,1153763
388,1574591338.252965,192.168.1.4,192.168.1.5,2728229320,3512080499,5574,1,1159337
389,1574591338.253494,192.168.1.4,192.168.1.5,2728234894,3512080499,2798,1,1162135
390,1574591338.25441,192.168.1.4,192.168.1.5,2728237692,3512080499,2798,1,1164933
391,1574591338.256315,192.168.1.4,192.168.1.5,2728240490,3512080499,5574,1,1170507
392,1574591338.256735,192.168.1.4,192.168.1.5,2728246064,3512080499,1410,1,1171917
393,1574591338.257282,192.168.1.4,192.168.1.5,2728247474,3512080499,1410,1,1173327
394,1574591338.284552,192.168.1.4,192.168.1.5,2728248884,3512080499,16406,1,1189733
395,1574591338.284797,192.168.1.4,192.168.1.5,2728265290,3512080499,16406,1,1206139
396,1574591338.284903,192.168.1.4,192.168.1.5,2728281696,3512080499,26064,1,1232203
397,1574591338.284977,192.168.1.4,192.168.1.5,2728307760,3512080499,6695,1,1238898
398,1574591338.285076,192.168.1.4,192.168.1.5,2728314455,3512080499,847,1,1239745
399,1574591338.286244,192.168.1.4,192.168.1.5,2728315302,3512080499,1410,1,1241155
400,1574591338.290311,192.168.1.4,192.168.1.5,2728316712,3512080499,2070,1,1243225
401,1574591338.290398,192.168.1.4,192.168.1.5,2728318782,3512080499,2070,1,1245295
402,1574591338.317991,192.168.1.4,192.168.1.5,2728320852,3512080499,16406,1,1261701
403,1574591338.318059,192.168.1.4,192.168.1.5,2728337258,3512080499,16406,1,1278107
404,1574591338.318098,192.168.1.4,192.168.1.5,2728353664,3512080499,11584,1,1289691
405,1574591338.318336,192.168.1.4,192.168.1.5,2728365248,3512080499,7240,1,1296931
406,1574591338.318406,192.168.1.4,192.168.1.5,2728372488,3512080499,18564,1,1315495
407,1574591338.345563,192.168.1.4,192.168.1.5,2728391052,3512080499,16406,1,1331901
408,1574591338.345658,192.168.1.4,192.168.1.5,2728407458,3512080499,16406,1,1348307
409,1574591338.345701,192.168.1.4,192.168.1.5,2728423864,3512080499,8688,1,1356995
410,1574591338.345767,192.168.1.4,192.168.1.5,2728432552,3512080499,5792,1,1362787
411,1574591338.345774,192.168.1.4,192.168.1.5,2728438344,3512080499,1926,1,1364713
412,1574591338.345884,192.168.1.4,192.168.1.5,2728440270,3512080499,11584,1,1376297
413,1574591338.345959,192.168.1.4,192.168.1.5,2728451854,3512080499,2896,1,1379193
414,1574591338.345965,192.168.1.4,192.168.1.5,2728454750,3512080499,1873,1,1381066
415,1574591338.346041,192.168.1.4,192.168.1.5,2728456623,3512080499,2059,1,1383125
416,1574591338.346271,192.168.1.4,192.168.1.5,2728458682,3512080499,750,1,1383875
417,1574591338.346563,192.168.1.4,192.168.1.5,2728459432,3512080499,2070,1,1385945
418,1574591338.346642,192.168.1.4,192.168.1.5,2728461502,3512080499,56,1,1386001
419,1574591338.347468,192.168.1.4,192.168.1.5,2728461558,3512080499,1444,1,1387445
420,1574591338.409309,192.168.1.5,192.168.1.4,894085143,3394882987,343,0,1387102
421,1574591338.410202,192.168.1.4,192.168.1.5,3394882987,894085486,99,1,1387201
422,1574591338.410516,192.168.1.5,192.168.1.4,894085486,3394883086,382,0,1386819
423,1574591338.420217,192.168.1.4,192.168.1.5,3394883086,894085868,2266,1,1389085
424,1574591338.421104,192.168.1.5,192.168.1.4,894085868,3394885352,74,0,1389011
425,1574591338.421269,192.168.1.5,192.168.1.4,894085942,3394885352,245,0,1388766
426,1574591338.421482,192.168.1.4,192.168.1.5,3394885352,894086187,79,1,1388845
427,1574591338.421545,192.168.1.4,192.168.1.5,3394885431,894086187,79,1,1388924
428,1574591339.374191,192.168.1.5,192.168.1.4,3186487766,2119316101,343,0,1388581
429,1574591339.37459,192.168.1.4,192.168.1.5,2119316101,3186488109,99,1,1388680
430,1574591339.374897,192.168.1.5,192.168.1.4,3186488109,2119316200,382,0,1388298
431,1574591339.384696,192.168.1.4,192.168.1.5,2119316200,3186488491,2266,1,1390564
432,1574591339.385612,192.168.1.5,192.168.1.4,3186488491,2119318466,74,0,1390490
433,1574591339.385791,192.168.1.5,192.168.1.4,3186488565,2119318466,247,0,1390243
434,1574591339.386047,192.168.1.4,192.168.1.5,2119318466,3186488812,79,1,1390322
435,1574591339.386135,192.168.1.4,192.168.1.5,2119318545,3186488812,79,1,1390401
436,1574591339.473736,192.168.1.5,192.168.1.4,1170758788,2119935739,197,0,1390204
437,1574591339.475729,192.168.1.5,192.168.1.4,1170758985,2119935739,108,0,1390096
438,1574591339.490175,192.168.1.5,192.168.1.4,3512080499,2728463002,124,0,1389972
439,1574591339.492292,192.168.1.5,192.168.1.4,3512080623,2728463002,123,0,1389849
440,1574591339.494444,192.168.1.4,192.168.1.5,2119935739,1170759093,57,1,1389906
441,1574591339.494554,192.168.1.5,192.168.1.4,3512080746,2728463002,116,0,1389790
442,1574591339.496666,192.168.1.5,192.168.1.4,3512080862,2728463002,116,0,1389674
443,1574591339.496742,192.168.1.4,192.168.1.5,2119935796,1170759093,5574,1,1395248
444,1574591339.498141,192.168.1.4,192.168.1.5,2119941370,1170759093,2070,1,1397318
445,1574591339.506479,192.168.1.5,192.168.1.4,3512080978,2728463002,116,0,1397202
446,1574591339.508502,192.168.1.5,192.168.1.4,3512081094,2728463002,116,0,1397086
447,1574591339.510448,192.168.1.5,192.168.1.4,3512081210,2728463002,116,0,1396970
448,1574591339.511498,192.168.1.4,192.168.1.5,2728463002,3512081326,4445,1,1401415
449,1574591339.513806,192.168.1.4,192.168.1.5,2728467447,3512081326,2070,1,1403485
450,1574591339.514379,192.168.1.5,192.168.1.4,3512081326,2728469517,124,0,1403361
451,1574591339.514844,192.168.1.4,192.168.1.5,2728469517,3512081450,13306,1,1416667
452,1574591339.520299,192.168.1.5,192.168.1.4,3512081450,2728482823,116,0,1416551
453,1574591339.520756,192.168.1.4,192.168.1.5,2728482823,3512081566,11238,1,1427789
454,1574591339.542152,192.168.1.4,192.168.1.5,2119943440,1170759093,4205,1,1431994
455,1574591339.562295,192.168.1.4,192.168.1.5,2728494061,3512081566,16406,1,1448400
456,1574591339.562523,192.168.1.4,192.168.1.5,2728510467,3512081566,7136,1,1455536
457,1574591339.75969,192.168.1.5,192.168.1.4,194513554,3063232122,343,0,1455193
458,1574591339.760134,192.168.1.4,192.168.1.5,3063232122,194513897,99,1,1455292
459,1574591339.760587,192.168.1.5,192.168.1.4,194513897,3063232221,382,0,1454910
460,1574591339.761858,192.168.1.5,192.168.1.4,962616186,1956465055,343,0,1454567
461,1574591339.763772,192.168.1.5,192.168.1.4,92006445,4214756132,343,0,1454224
462,1574591339.766701,192.168.1.4,192.168.1.5,1956465055,962616529,99,1,1454323
463,1574591339.767347,192.168.1.4,192.168.1.5,4214756132,92006788,99,1,1454422
464,1574591339.767481,192.168.1.5,192.168.1.4,962616529,1956465154,382,0,1454040
465,1574591339.767837,192.168.1.5,192.168.1.4,92006788,4214756231,382,0,1453658
466,1574591339.783523,192.168.1.4,192.168.1.5,3063232221,194514279,2266,1,1455924
467,1574591339.784755,192.168.1.5,192.168.1.4,194514279,3063234487,74,0,1455850
468,1574591339.784913,192.168.1.5,192.168.1.4,194514353,3063234487,245,0,1455605
469,1574591339.800471,192.168.1.4,192.168.1.5,1956465154,962616911,2266,1,1457871
470,1574591339.801846,192.168.1.5,192.168.1.4,962616911,1956467420,74,0,1457797
471,1574591339.802341,192.168.1.5,192.168.1.4,962616985,1956467420,245,0,1457552
472,1574591339.806869,192.168.1.5,192.168.1.4,194514353,3063234487,245,0,1457307
473,1574591339.806939,192.168.1.4,192.168.1.5,4214756231,92007170,2266,1,1459573
474,1574591339.807223,192.168.1.4,192.168.1.5,3063234487,194514598,79,1,1459652
475,1574591339.807406,192.168.1.4,192.168.1.5,3063234566,194514598,79,1,1459731
476,1574591339.808658,192.168.1.4,192.168.1.5,1956467420,962617230,79,1,1459810
477,1574591339.809051,192.168.1.5,192.168.1.4,92007170,4214758497,74,0,1459736
478,1574591339.80915,192.168.1.4,192.168.1.5,1956467499,962617230,79,1,1459815
479,1574591339.809558,192.168.1.5,192.168.1.4,92007244,4214758497,245,0,1459570
480,1574591339.809919,192.168.1.4,192.168.1.5,4214758497,92007489,79,1,1459649
481,1574591339.810002,192.168.1.4,192.168.1.5,4214758576,92007489,79,1,1459728
482,1574591340.217584,192.168.1.5,192.168.1.4,2252093976,688355331,343,0,1459385
483,1574591340.218031,192.168.1.4,192.168.1.5,688355331,2252094319,99,1,1459484
484,1574591340.218924,192.168.1.5,192.168.1.4,2252094319,688355430,382,0,1459102
485,1574591340.235694,192.168.1.4,192.168.1.5,688355430,2252094701,2266,1,1461368
486,1574591340.237812,192.168.1.5,192.168.1.4,2252094701,688357696,74,0,1461294
487,1574591340.238254,192.168.1.5,192.168.1.4,2252094775,688357696,245,0,1461049
488,1574591340.238504,192.168.1.4,192.168.1.5,688357696,2252094775,79,1,1461128
489,1574591340.238669,192.168.1.4,192.168.1.5,688357775,2252095020,79,1,1461207
490,1574591340.693461,192.168.1.4,192.168.1.5,3615167420,2246485741,91,1,1461298
491,1574591340.693487,192.168.1.4,192.168.1.5,3615167511,2246485741,24,1,1461322
492,1574591340.694088,192.168.1.4,192.168.1.5,2070080740,2782241549,91,1,1461413
493,1574591340.69424,192.168.1.4,192.168.1.5,2070080831,2782241549,24,1,1461437
494,1574591340.694248,192.168.1.4,192.168.1.5,9309854,3600650037,91,1,1461528
495,1574591340.694254,192.168.1.4,192.168.1.5,9309945,3600650037,24,1,1461552
496,1574591341.186779,192.168.1.5,192.168.1.4,832601247,1058253688,343,0,1461209
497,1574591341.187397,192.168.1.4,192.168.1.5,1058253688,832601590,99,1,1461308
498,1574591341.187717,192.168.1.5,192.168.1.4,832601590,1058253787,382,0,1460926
499,1574591341.200436,192.168.1.4,192.168.1.5,1058253787,832601972,2266,1,1463192
500,1574591341.201318,192.168.1.5,192.168.1.4,832601972,1058256053,74,0,1463118
501,1574591341.20148,192.168.1.5,192.168.1.4,832602046,1058256053,237,0,1462881
502,1574591341.201615,192.168.1.4,192.168.1.5,1058256053,832602046,79,1,1462960
503,1574591341.201688,192.168.1.4,192.168.1.5,1058256132,832602283,79,1,1463039
504,1574591341.955857,192.168.1.4,192.168.1.5,1244871912,4051715967,91,1,1463130
505,1574591341.956207,192.168.1.5,192.168.1.4,4051715967,1244872003,539,0,1462591
506,1574591341.977696,192.168.1.4,192.168.1.5,1244872003,4051716506,2070,1,1464661
507,1574591342.018535,192.168.1.4,192.168.1.5,1244874073,4051716506,1120,1,1465781
508,1574591342.021401,192.168.1.5,192.168.1.4,4051716506,1244875193,86,0,1465695
509,1574591342.022069,192.168.1.5,192.168.1.4,4051716592,1244875193,108,0,1465587
510,1574591342.022462,192.168.1.5,192.168.1.4,894086187,3394885510,24,0,1465563
511,1574591342.022989,192.168.1.5,192.168.1.4,194514598,3063234645,24,0,1465539
512,1574591342.023396,192.168.1.5,192.168.1.4,962617230,1956467578,24,0,1465515
513,1574591342.023916,192.168.1.5,192.168.1.4,92007489,4214758655,24,0,1465491
514,1574591342.024446,192.168.1.5,192.168.1.4,2252095020,688357854,24,0,1465467
515,1574591342.030792,192.168.1.5,192.168.1.4,4051716700,1244875193,355,0,1465112
516,1574591342.031411,192.168.1.5,192.168.1.4,4051717055,1244875193,166,0,1464946
517,1574591342.031597,192.168.1.5,192.168.1.4,4051717221,1244875193,167,0,1464779
518,1574591342.031771,192.168.1.5,192.168.1.4,4051717388,1244875193,167,0,1464612
519,1574591342.032053,192.168.1.5,192.168.1.4,4051717555,1244875193,101,0,1464511
520,1574591342.032266,192.168.1.5,192.168.1.4,4051717656,1244875193,121,0,1464390
521,1574591342.05604,192.168.1.4,192.168.1.5,1244875193,4051717777,2070,1,1466460
522,1574591342.058803,192.168.1.4,192.168.1.5,1244877263,4051717777,7240,1,1473700
523,1574591342.059111,192.168.1.4,192.168.1.5,1244884503,4051717777,7240,1,1480940
524,1574591342.059151,192.168.1.4,192.168.1.5,1244891743,4051717777,8688,1,1489628
525,1574591342.05928,192.168.1.4,192.168.1.5,1244900431,4051717777,1448,1,1491076
526,1574591342.059423,192.168.1.4,192.168.1.5,1244901879,4051717777,9959,1,1501035
527,1574591342.080658,192.168.1.5,192.168.1.4,4051717777,1244911838,53,0,1500982
528,1574591342.081213,192.168.1.4,192.168.1.5,1244911838,4051717830,9321,1,1510303
529,1574591343.739683,192.168.1.4,192.168.1.5,3063234645,194514622,91,1,1510394
530,1574591343.739959,192.168.1.4,192.168.1.5,3063234736,194514622,24,1,1510418
531,1574591343.742667,192.168.1.4,192.168.1.5,3394885510,894086211,91,1,1510509
532,1574591343.742982,192.168.1.4,192.168.1.5,3394885601,894086211,24,1,1510533
533,1574591344.195437,192.168.1.4,192.168.1.5,4214758655,92007513,91,1,1510624
534,1574591344.195568,192.168.1.4,192.168.1.5,4214758746,92007513,24,1,1510648
535,1574591344.656788,192.168.1.4,192.168.1.5,2119318624,3186488812,91,1,1510739
536,1574591344.657131,192.168.1.4,192.168.1.5,1956467578,962617254,91,1,1510830
537,1574591344.657149,192.168.1.4,192.168.1.5,1956467669,962617254,24,1,1510854
538,1574591344.65943,192.168.1.5,192.168.1.4,3186488812,2119318715,539,0,1510315
539,1574591344.682853,192.168.1.4,192.168.1.5,2119318715,3186489351,2070,1,1512385
540,1574591344.726483,192.168.1.4,192.168.1.5,2119320785,3186489351,1121,1,1513506
541,1574591344.733494,192.168.1.5,192.168.1.4,3186489351,2119321906,86,0,1513420
542,1574591344.735218,192.168.1.5,192.168.1.4,3186489437,2119321906,108,0,1513312
543,1574591344.737335,192.168.1.5,192.168.1.4,3186489545,2119321906,271,0,1513041
544,1574591344.757049,192.168.1.4,192.168.1.5,2119321906,3186489816,305,1,1513346
545,1574591344.757439,192.168.1.5,192.168.1.4,3186489816,2119322211,53,0,1513293
546,1574591344.758899,192.168.1.4,192.168.1.5,2119322211,3186489869,809,1,1514102
547,1574591344.802708,192.168.1.4,192.168.1.5,2119323020,3186489869,13032,1,1527134
548,1574591344.80306,192.168.1.4,192.168.1.5,2119336052,3186489869,2896,1,1530030
549,1574591344.803155,192.168.1.4,192.168.1.5,2119338948,3186489869,8688,1,1538718
550,1574591344.804774,192.168.1.4,192.168.1.5,2119347636,3186489869,2320,1,1541038
551,1574591344.838593,192.168.1.5,192.168.1.4,3186489869,2119349956,112,0,1540926
552,1574591344.862117,192.168.1.4,192.168.1.5,2119349956,3186489981,57,1,1540983
553,1574591344.968625,192.168.1.4,192.168.1.5,2119350013,3186489981,2070,1,1543053
554,1574591344.969202,192.168.1.4,192.168.1.5,2119352083,3186489981,2070,1,1545123
555,1574591344.969251,192.168.1.4,192.168.1.5,2119354153,3186489981,2070,1,1547193
556,1574591344.969313,192.168.1.4,192.168.1.5,2119356223,3186489981,1368,1,1548561
557,1574591344.969507,192.168.1.4,192.168.1.5,2119357591,3186489981,2070,1,1550631
558,1574591344.974825,192.168.1.4,192.168.1.5,2119359661,3186489981,14480,1,1565111
559,1574591344.975189,192.168.1.4,192.168.1.5,2119374141,3186489981,1926,1,1567037
560,1574591344.975249,192.168.1.4,192.168.1.5,2119376067,3186489981,16406,1,1583443
561,1574591344.975535,192.168.1.4,192.168.1.5,2119392473,3186489981,1954,1,1585397
562,1574591344.976012,192.168.1.4,192.168.1.5,2119394427,3186489981,3526,1,1588923
563,1574591344.976965,192.168.1.4,192.168.1.5,2119397953,3186489981,6962,1,1595885
564,1574591344.978398,192.168.1.4,192.168.1.5,2119404915,3186489981,2798,1,1598683
565,1574591344.983374,192.168.1.4,192.168.1.5,2119407713,3186489981,11126,1,1609809
566,1574591344.985015,192.168.1.4,192.168.1.5,2119418839,3186489981,2798,1,1612607
567,1574591344.985407,192.168.1.4,192.168.1.5,2119421637,3186489981,1410,1,1614017
568,1574591344.987201,192.168.1.4,192.168.1.5,2119423047,3186489981,5574,1,1619591
569,1574591344.98786,192.168.1.4,192.168.1.5,2119428621,3186489981,2798,1,1622389
570,1574591344.988837,192.168.1.4,192.168.1.5,2119431419,3186489981,2798,1,1625187
571,1574591344.989471,192.168.1.4,192.168.1.5,2119434217,3186489981,1410,1,1626597
572,1574591344.989877,192.168.1.4,192.168.1.5,2119435627,3186489981,1410,1,1628007
573,1574591345.030378,192.168.1.4,192.168.1.5,2119437037,3186489981,1497,1,1629504
574,1574591345.079678,192.168.1.5,192.168.1.4,3186489981,2119438534,111,0,1629393
575,1574591345.098436,192.168.1.4,192.168.1.5,2119438534,3186490092,57,1,1629450
576,1574591346.113497,192.168.1.4,192.168.1.5,2119438591,3186490092,1563,1,1631013
577,1574591346.115404,192.168.1.4,192.168.1.5,2119440154,3186490092,2070,1,1633083
578,1574591346.117948,192.168.1.4,192.168.1.5,2119442224,3186490092,14480,1,1647563
579,1574591346.118665,192.168.1.4,192.168.1.5,2119456704,3186490092,1926,1,1649489
580,1574591346.119358,192.168.1.4,192.168.1.5,2119458630,3186490092,14358,1,1663847
581,1574591346.125206,192.168.1.4,192.168.1.5,2119472988,3186490092,14480,1,1678327
582,1574591346.125893,192.168.1.4,192.168.1.5,2119487468,3186490092,1926,1,1680253
583,1574591346.12599,192.168.1.4,192.168.1.5,2119489394,3186490092,15928,1,1696181
584,1574591346.126287,192.168.1.4,192.168.1.5,2119505322,3186490092,478,1,1696659
585,1574591346.126318,192.168.1.4,192.168.1.5,2119505800,3186490092,2498,1,1699157
586,1574591346.126525,192.168.1.4,192.168.1.5,2119508298,3186490092,1410,1,1700567
587,1574591346.127423,192.168.1.4,192.168.1.5,2119509708,3186490092,4186,1,1704753
588,1574591346.132279,192.168.1.4,192.168.1.5,2119513894,3186490092,8350,1,1713103
589,1574591346.133139,192.168.1.4,192.168.1.5,2119522244,3186490092,4316,1,1717419
590,1574591346.156528,192.168.1.5,192.168.1.4,1170759093,2119947645,292,0,1717127
591,1574591346.159703,192.168.1.5,192.168.1.4,1170759385,2119947645,266,0,1716861
592,1574591346.178144,192.168.1.4,192.168.1.5,2119947645,1170759651,298,1,1717159
593,1574591346.181071,192.168.1.4,192.168.1.5,2119947943,1170759651,179,1,1717338
594,1574591346.328683,192.168.1.5,192.168.1.4,1170759651,2119948122,144,0,1717194
595,1574591346.329425,192.168.1.5,192.168.1.4,1170759795,2119948122,2896,0,1714298
596,1574591346.329538,192.168.1.5,192.168.1.4,1170762691,2119948122,9,0,1714289
597,1574591346.329662,192.168.1.5,192.168.1.4,1170762700,2119948122,399,0,1713890
598,1574591346.34339,192.168.1.5,192.168.1.4,1170763099,2119948122,90,0,1713800
599,1574591346.344109,192.168.1.5,192.168.1.4,1170763189,2119948122,2274,0,1711526
600,1574591346.355983,192.168.1.4,192.168.1.5,2119948122,1170765463,57,1,1711583
601,1574591346.366008,192.168.1.4,192.168.1.5,2119948179,1170765463,57,1,1711640
602,1574591346.402396,192.168.1.4,192.168.1.5,2119948236,1170765463,288,1,1711928
603,1574591346.418353,192.168.1.4,192.168.1.5,2119948524,1170765463,165,1,1712093
