index,time,src_ip,dst_ip,tcp_seq,tcp_ack,tcp_len,direction,cumul_sum
1,1574591364.934318,192.168.1.5,192.168.1.4,1315386565,838742912,343,0,-343
2,1574591364.935043,192.168.1.4,192.168.1.5,838742912,1315386908,99,1,-244
3,1574591364.935592,192.168.1.5,192.168.1.4,1315386908,838743011,382,0,-626
4,1574591364.95458,192.168.1.4,192.168.1.5,838743011,1315387290,2266,1,1640
5,1574591364.955456,192.168.1.5,192.168.1.4,1315387290,838745277,74,0,1566
6,1574591364.955617,192.168.1.5,192.168.1.4,1315387364,838745277,245,0,1321
7,1574591364.955932,192.168.1.4,192.168.1.5,838745277,1315387609,79,1,1400
8,1574591364.95602,192.168.1.4,192.168.1.5,838745356,1315387609,79,1,1479
9,1574591365.098652,192.168.1.5,192.168.1.4,2002309455,2705489045,343,0,1136
10,1574591365.09932,192.168.1.4,192.168.1.5,2705489045,2002309798,99,1,1235
11,1574591365.099687,192.168.1.5,192.168.1.4,2002309798,2705489144,382,0,853
12,1574591365.101964,192.168.1.5,192.168.1.4,1257799638,1602220091,343,0,510
13,1574591365.114604,192.168.1.4,192.168.1.5,1602220091,1257799981,99,1,609
14,1574591365.11498,192.168.1.5,192.168.1.4,1257799981,1602220190,382,0,227
15,1574591365.124562,192.168.1.4,192.168.1.5,2705489144,2002310180,2266,1,2493
16,1574591365.125936,192.168.1.5,192.168.1.4,2002310180,2705491410,74,0,2419
17,1574591365.126149,192.168.1.5,192.168.1.4,2002310254,2705491410,239,0,2180
18,1574591365.126558,192.168.1.4,192.168.1.5,2705491410,2002310493,79,1,2259
19,1574591365.12679,192.168.1.4,192.168.1.5,2705491489,2002310493,79,1,2338
20,1574591365.132212,192.168.1.4,192.168.1.5,1602220190,1257800363,2266,1,4604
21,1574591365.133394,192.168.1.5,192.168.1.4,1257800363,1602222456,74,0,4530
22,1574591365.133578,192.168.1.5,192.168.1.4,1257800437,1602222456,239,0,4291
23,1574591365.133939,192.168.1.4,192.168.1.5,1602222456,1257800676,79,1,4370
24,1574591365.136354,192.168.1.4,192.168.1.5,1602222535,1257800676,79,1,4449
25,1574591366.785339,192.168.1.4,192.168.1.5,838745435,1315387609,91,1,4540
26,1574591366.786083,192.168.1.5,192.168.1.4,1315387609,838745526,539,0,4001
27,1574591366.839028,192.168.1.4,192.168.1.5,838745526,1315388148,2070,1,6071
28,1574591366.882346,192.168.1.4,192.168.1.5,838747596,1315388148,1018,1,7089
29,1574591366.91136,192.168.1.5,192.168.1.4,1315388148,838748614,86,0,7003
30,1574591366.912136,192.168.1.5,192.168.1.4,1315388234,838748614,108,0,6895
31,1574591366.912708,192.168.1.5,192.168.1.4,1315388342,838748614,321,0,6574
32,1574591366.912967,192.168.1.5,192.168.1.4,1315388663,838748614,54,0,6520
33,1574591366.953264,192.168.1.4,192.168.1.5,838748614,1315388717,617,1,7137
34,1574591366.953629,192.168.1.5,192.168.1.4,1315388717,838749231,53,0,7084
35,1574591366.961456,192.168.1.4,192.168.1.5,838749231,1315388770,1128,1,8212
36,1574591367.002262,192.168.1.4,192.168.1.5,838750359,1315388770,229,1,8441
37,1574591367.003137,192.168.1.5,192.168.1.4,1315388770,838750588,61,0,8380
38,1574591367.191028,192.168.1.4,192.168.1.5,1602222614,1257800676,91,1,8471
39,1574591367.191497,192.168.1.5,192.168.1.4,1257800676,1602222705,539,0,7932
40,1574591367.191594,192.168.1.4,192.168.1.5,2705491568,2002310493,91,1,8023
41,1574591367.191972,192.168.1.5,192.168.1.4,2002310493,2705491659,539,0,7484
42,1574591367.213098,192.168.1.4,192.168.1.5,2705491659,2002311032,2070,1,9554
43,1574591367.219429,192.168.1.4,192.168.1.5,1602222705,1257801215,2070,1,11624
44,1574591367.254274,192.168.1.4,192.168.1.5,2705493729,2002311032,1121,1,12745
45,1574591367.26143,192.168.1.5,192.168.1.4,2002311032,2705494850,86,0,12659
46,1574591367.261922,192.168.1.5,192.168.1.4,2002311118,2705494850,108,0,12551
47,1574591367.262226,192.168.1.4,192.168.1.5,1602224775,1257801215,1119,1,13670
48,1574591367.265165,192.168.1.5,192.168.1.4,1257801215,1602225894,86,0,13584
49,1574591367.265919,192.168.1.5,192.168.1.4,2002311226,2705494850,378,0,13206
50,1574591367.285223,192.168.1.4,192.168.1.5,1602225894,1257801301,274,1,13480
51,1574591367.285327,192.168.1.4,192.168.1.5,2705494850,2002311604,340,1,13820
52,1574591367.285669,192.168.1.5,192.168.1.4,2002311604,2705495190,53,0,13767
53,1574591367.334044,192.168.1.4,192.168.1.5,2705495190,2002311657,868,1,14635
54,1574591367.340415,192.168.1.5,192.168.1.4,2002311657,2705496058,102,0,14533
55,1574591367.363089,192.168.1.4,192.168.1.5,2705496058,2002311759,57,1,14590
56,1574591367.487513,192.168.1.4,192.168.1.5,2705496115,2002311759,1410,1,16000
57,1574591367.487843,192.168.1.4,192.168.1.5,2705497525,2002311759,2070,1,18070
58,1574591367.488102,192.168.1.4,192.168.1.5,2705499595,2002311759,2070,1,20140
59,1574591367.488183,192.168.1.4,192.168.1.5,2705501665,2002311759,1478,1,21618
60,1574591367.488773,192.168.1.4,192.168.1.5,2705503143,2002311759,2070,1,23688
61,1574591367.488944,192.168.1.4,192.168.1.5,2705505213,2002311759,4118,1,27806
62,1574591367.530286,192.168.1.4,192.168.1.5,2705509331,2002311759,10139,1,37945
63,1574591367.548142,192.168.1.5,192.168.1.4,1283532745,3112429255,343,0,37602
64,1574591367.548663,192.168.1.4,192.168.1.5,3112429255,1283533088,99,1,37701
65,1574591367.549139,192.168.1.5,192.168.1.4,1283533088,3112429354,382,0,37319
66,1574591367.552003,192.168.1.5,192.168.1.4,1743550106,627957829,343,0,36976
67,1574591367.554723,192.168.1.5,192.168.1.4,2842617671,3145388743,343,0,36633
68,1574591367.555083,192.168.1.4,192.168.1.5,627957829,1743550449,99,1,36732
69,1574591367.555583,192.168.1.5,192.168.1.4,1743550449,627957928,382,0,36350
70,1574591367.559624,192.168.1.5,192.168.1.4,129102569,1170434069,343,0,36007
71,1574591367.56009,192.168.1.4,192.168.1.5,3145388743,2842618014,99,1,36106
72,1574591367.560553,192.168.1.5,192.168.1.4,2842618014,3145388842,382,0,35724
73,1574591367.56344,192.168.1.5,192.168.1.4,2452519957,3888043111,343,0,35381
74,1574591367.563875,192.168.1.4,192.168.1.5,1170434069,129102912,99,1,35480
75,1574591367.564368,192.168.1.5,192.168.1.4,129102912,1170434168,382,0,35098
76,1574591367.568394,192.168.1.5,192.168.1.4,1713004887,3875866521,343,0,34755
77,1574591367.575145,192.168.1.4,192.168.1.5,3888043111,2452520300,99,1,34854
78,1574591367.575525,192.168.1.5,192.168.1.4,2452520300,3888043210,382,0,34472
79,1574591367.575605,192.168.1.4,192.168.1.5,3875866521,1713005230,99,1,34571
80,1574591367.576011,192.168.1.5,192.168.1.4,1713005230,3875866620,382,0,34189
81,1574591367.58465,192.168.1.5,192.168.1.4,1680667796,3897001869,343,0,33846
82,1574591367.602959,192.168.1.4,192.168.1.5,1170434168,129103294,2266,1,36112
83,1574591367.604386,192.168.1.5,192.168.1.4,129103294,1170436434,74,0,36038
84,1574591367.604523,192.168.1.5,192.168.1.4,129103368,1170436434,245,0,35793
85,1574591367.609077,192.168.1.4,192.168.1.5,3112429354,1283533470,2266,1,38059
86,1574591367.609794,192.168.1.4,192.168.1.5,3897001869,1680668139,99,1,38158
87,1574591367.610503,192.168.1.5,192.168.1.4,1283533470,3112431620,74,0,38084
88,1574591367.610684,192.168.1.5,192.168.1.4,1283533544,3112431620,245,0,37839
89,1574591367.611228,192.168.1.5,192.168.1.4,1680668139,3897001968,382,0,37457
90,1574591367.620615,192.168.1.4,192.168.1.5,3897001968,1680668521,2266,1,39723
91,1574591367.621602,192.168.1.5,192.168.1.4,1680668521,3897004234,74,0,39649
92,1574591367.622001,192.168.1.5,192.168.1.4,1680668595,3897004234,231,0,39418
93,1574591367.627378,192.168.1.5,192.168.1.4,129103368,1170436434,245,0,39173
94,1574591367.63146,192.168.1.4,192.168.1.5,627957928,1743550831,2266,1,41439
95,1574591367.632583,192.168.1.5,192.168.1.4,1743550831,627960194,74,0,41365
96,1574591367.632809,192.168.1.5,192.168.1.4,1743550905,627960194,245,0,41120
97,1574591367.63495,192.168.1.4,192.168.1.5,3112431620,1283533789,79,1,41199
98,1574591367.635001,192.168.1.4,192.168.1.5,3112431699,1283533789,79,1,41278
99,1574591367.637208,192.168.1.5,192.168.1.4,1680668595,3897004234,231,0,41047
100,1574591367.63889,192.168.1.4,192.168.1.5,627960194,1743551150,79,1,41126
101,1574591367.638916,192.168.1.4,192.168.1.5,627960273,1743551150,79,1,41205
102,1574591367.642214,192.168.1.4,192.168.1.5,3888043210,2452520682,2266,1,43471
103,1574591367.643121,192.168.1.5,192.168.1.4,2452520682,3888045476,74,0,43397
104,1574591367.643281,192.168.1.5,192.168.1.4,2452520756,3888045476,245,0,43152
105,1574591367.644398,192.168.1.4,192.168.1.5,3875866620,1713005612,2266,1,45418
106,1574591367.645509,192.168.1.5,192.168.1.4,1713005612,3875868886,74,0,45344
107,1574591367.645625,192.168.1.5,192.168.1.4,1713005686,3875868886,245,0,45099
108,1574591367.64669,192.168.1.4,192.168.1.5,3875868886,1713005931,79,1,45178
109,1574591367.64672,192.168.1.4,192.168.1.5,3875868965,1713005931,79,1,45257
110,1574591367.647771,192.168.1.4,192.168.1.5,3145388842,2842618396,2266,1,47523
111,1574591367.648015,192.168.1.4,192.168.1.5,3897004234,1680668826,79,1,47602
112,1574591367.64807,192.168.1.4,192.168.1.5,3897004313,1680668826,79,1,47681
113,1574591367.649031,192.168.1.5,192.168.1.4,2842618396,3145391108,74,0,47607
114,1574591367.649128,192.168.1.4,192.168.1.5,3888045476,2452521001,79,1,47686
115,1574591367.649246,192.168.1.4,192.168.1.5,3888045555,2452521001,79,1,47765
116,1574591367.649482,192.168.1.5,192.168.1.4,2842618470,3145391108,245,0,47520
117,1574591367.650039,192.168.1.4,192.168.1.5,3145391108,2842618715,79,1,47599
118,1574591367.65062,192.168.1.4,192.168.1.5,3145391187,2842618715,79,1,47678
119,1574591367.651354,192.168.1.4,192.168.1.5,1170436434,129103613,79,1,47757
120,1574591367.651652,192.168.1.4,192.168.1.5,1170436513,129103613,79,1,47836
121,1574591367.721555,192.168.1.5,192.168.1.4,1531810896,2333675613,343,0,47493
122,1574591367.722004,192.168.1.4,192.168.1.5,2333675613,1531811239,99,1,47592
123,1574591367.722396,192.168.1.5,192.168.1.4,1531811239,2333675712,382,0,47210
124,1574591367.737803,192.168.1.4,192.168.1.5,2333675712,1531811621,2266,1,49476
125,1574591367.738773,192.168.1.5,192.168.1.4,1531811621,2333677978,74,0,49402
126,1574591367.738908,192.168.1.5,192.168.1.4,1531811695,2333677978,237,0,49165
127,1574591367.739194,192.168.1.4,192.168.1.5,2333677978,1531811932,79,1,49244
128,1574591367.739276,192.168.1.4,192.168.1.5,2333678057,1531811932,79,1,49323
129,1574591370.613589,192.168.1.4,192.168.1.5,3897004392,1680668826,91,1,49414
130,1574591370.614072,192.168.1.5,192.168.1.4,1680668826,3897004483,539,0,48875
131,1574591370.637094,192.168.1.4,192.168.1.5,3897004483,1680669365,2070,1,50945
132,1574591370.678268,192.168.1.4,192.168.1.5,3897006553,1680669365,1119,1,52064
133,1574591370.680148,192.168.1.5,192.168.1.4,1680669365,3897007672,86,0,51978
134,1574591370.680503,192.168.1.5,192.168.1.4,1680669451,3897007672,108,0,51870
135,1574591370.682153,192.168.1.5,192.168.1.4,1680669559,3897007672,295,0,51575
136,1574591370.713983,192.168.1.4,192.168.1.5,3897007672,1680669854,318,1,51893
137,1574591370.71435,192.168.1.5,192.168.1.4,1680669854,3897007990,53,0,51840
138,1574591370.757995,192.168.1.4,192.168.1.5,3897007990,1680669907,1012,1,52852
139,1574591370.758013,192.168.1.4,192.168.1.5,3145391266,2842618715,91,1,52943
140,1574591370.758727,192.168.1.5,192.168.1.4,2842618715,3145391357,539,0,52404
141,1574591370.784378,192.168.1.4,192.168.1.5,3145391357,2842619254,2070,1,54474
142,1574591370.826306,192.168.1.4,192.168.1.5,3145393427,2842619254,1120,1,55594
143,1574591370.828155,192.168.1.5,192.168.1.4,2842619254,3145394547,86,0,55508
144,1574591370.828396,192.168.1.5,192.168.1.4,2842619340,3145394547,108,0,55400
145,1574591370.828757,192.168.1.5,192.168.1.4,1283533789,3112431778,24,0,55376
146,1574591370.828896,192.168.1.5,192.168.1.4,1743551150,627960352,24,0,55352
147,1574591370.82905,192.168.1.5,192.168.1.4,129103613,1170436592,24,0,55328
148,1574591370.829228,192.168.1.5,192.168.1.4,2452521001,3888045634,24,0,55304
149,1574591370.829344,192.168.1.5,192.168.1.4,1713005931,3875869044,24,0,55280
150,1574591370.8465,192.168.1.4,192.168.1.5,3145394547,2842619448,305,1,55585
151,1574591370.85199,192.168.1.5,192.168.1.4,2842619448,3145394852,338,0,55247
152,1574591370.85265,192.168.1.5,192.168.1.4,2842619786,3145394852,122,0,55125
153,1574591370.853019,192.168.1.5,192.168.1.4,2842619908,3145394852,121,0,55004
154,1574591370.853139,192.168.1.5,192.168.1.4,2842620029,3145394852,122,0,54882
155,1574591370.853252,192.168.1.5,192.168.1.4,2842620151,3145394852,122,0,54760
156,1574591370.853365,192.168.1.5,192.168.1.4,2842620273,3145394852,122,0,54638
157,1574591370.853769,192.168.1.5,192.168.1.4,2842620395,3145394852,53,0,54585
158,1574591370.857399,192.168.1.5,192.168.1.4,2842620448,3145394852,121,0,54464
159,1574591370.857532,192.168.1.5,192.168.1.4,2842620569,3145394852,121,0,54343
160,1574591370.857692,192.168.1.5,192.168.1.4,2842620690,3145394852,122,0,54221
161,1574591370.85881,192.168.1.5,192.168.1.4,2842620812,3145394852,121,0,54100
162,1574591370.858974,192.168.1.5,192.168.1.4,2842620933,3145394852,120,0,53980
163,1574591370.87358,192.168.1.4,192.168.1.5,3145394852,2842621053,2070,1,56050
164,1574591370.87761,192.168.1.4,192.168.1.5,3145396922,2842621053,7240,1,63290
165,1574591370.877744,192.168.1.4,192.168.1.5,3145404162,2842621053,7240,1,70530
166,1574591370.877826,192.168.1.4,192.168.1.5,3145411402,2842621053,14480,1,85010
167,1574591370.877966,192.168.1.4,192.168.1.5,3145425882,2842621053,4120,1,89130
168,1574591370.896472,192.168.1.4,192.168.1.5,3145430002,2842621053,16406,1,105536
169,1574591370.8967,192.168.1.4,192.168.1.5,3145446408,2842621053,16406,1,121942
170,1574591370.896717,192.168.1.4,192.168.1.5,3145462814,2842621053,463,1,122405
171,1574591370.904931,192.168.1.4,192.168.1.5,3145463277,2842621053,16406,1,138811
172,1574591370.905203,192.168.1.4,192.168.1.5,3145479683,2842621053,16406,1,155217
173,1574591370.905243,192.168.1.4,192.168.1.5,3145496089,2842621053,1836,1,157053
174,1574591370.920015,192.168.1.4,192.168.1.5,3145497925,2842621053,16406,1,173459
175,1574591370.920263,192.168.1.4,192.168.1.5,3145514331,2842621053,16406,1,189865
176,1574591370.920417,192.168.1.4,192.168.1.5,3145530737,2842621053,1608,1,191473
177,1574591370.920448,192.168.1.4,192.168.1.5,3145532345,2842621053,2070,1,193543
178,1574591370.947351,192.168.1.4,192.168.1.5,3145534415,2842621053,16406,1,209949
179,1574591370.947458,192.168.1.4,192.168.1.5,3145550821,2842621053,16406,1,226355
180,1574591370.947527,192.168.1.4,192.168.1.5,3145567227,2842621053,16406,1,242761
181,1574591370.947825,192.168.1.4,192.168.1.5,3145583633,2842621053,16353,1,259114
182,1574591370.947999,192.168.1.4,192.168.1.5,3145599986,2842621053,1294,1,260408
183,1574591370.990394,192.168.1.4,192.168.1.5,3145601280,2842621053,8350,1,268758
184,1574591371.013857,192.168.1.4,192.168.1.5,3888045634,2452521025,91,1,268849
185,1574591371.013965,192.168.1.4,192.168.1.5,3888045725,2452521025,24,1,268873
186,1574591371.062713,192.168.1.4,192.168.1.5,3145609630,2842621053,1410,1,270283
187,1574591371.082689,192.168.1.4,192.168.1.5,3145611040,2842621053,2070,1,272353
188,1574591371.082748,192.168.1.4,192.168.1.5,3145613110,2842621053,750,1,273103
189,1574591371.100821,192.168.1.4,192.168.1.5,3145613860,2842621053,2070,1,275173
190,1574591371.101007,192.168.1.4,192.168.1.5,3145615930,2842621053,750,1,275923
191,1574591371.104359,192.168.1.4,192.168.1.5,3145616680,2842621053,2070,1,277993
192,1574591371.104515,192.168.1.4,192.168.1.5,3145618750,2842621053,750,1,278743
193,1574591371.124368,192.168.1.4,192.168.1.5,3145619500,2842621053,2070,1,280813
194,1574591371.124415,192.168.1.4,192.168.1.5,3145621570,2842621053,812,1,281625
195,1574591371.277924,192.168.1.5,192.168.1.4,2842621053,3145622382,124,0,281501
196,1574591371.280172,192.168.1.5,192.168.1.4,2842621177,3145622382,125,0,281376
197,1574591371.282126,192.168.1.5,192.168.1.4,2842621302,3145622382,124,0,281252
198,1574591371.284815,192.168.1.5,192.168.1.4,2842621426,3145622382,124,0,281128
199,1574591371.286692,192.168.1.5,192.168.1.4,2842621550,3145622382,115,0,281013
200,1574591371.299301,192.168.1.5,192.168.1.4,2842621665,3145622382,124,0,280889
201,1574591371.2994,192.168.1.4,192.168.1.5,3145622382,2842621665,2070,1,282959
202,1574591371.299639,192.168.1.4,192.168.1.5,3145624452,2842621789,2070,1,285029
203,1574591371.307617,192.168.1.5,192.168.1.4,2842621789,3145626522,125,0,284904
204,1574591371.308017,192.168.1.4,192.168.1.5,3145626522,2842621914,11584,1,296488
205,1574591371.308151,192.168.1.4,192.168.1.5,3145638106,2842621914,4822,1,301310
206,1574591371.30819,192.168.1.4,192.168.1.5,3145642928,2842621914,16406,1,317716
207,1574591371.308251,192.168.1.4,192.168.1.5,3145659334,2842621914,15710,1,333426
208,1574591371.31367,192.168.1.4,192.168.1.5,627960352,1743551174,91,1,333517
209,1574591371.31382,192.168.1.4,192.168.1.5,3875869044,1713005955,91,1,333608
210,1574591371.313934,192.168.1.4,192.168.1.5,1170436592,129103637,91,1,333699
211,1574591371.314131,192.168.1.4,192.168.1.5,2333678136,1531811932,91,1,333790
212,1574591371.314318,192.168.1.4,192.168.1.5,1170436683,129103637,24,1,333814
213,1574591371.316222,192.168.1.4,192.168.1.5,3875869135,1713005956,24,1,333838
214,1574591371.317077,192.168.1.4,192.168.1.5,627960443,1743551175,24,1,333862
215,1574591371.317467,192.168.1.5,192.168.1.4,1531811932,2333678227,539,0,333323
216,1574591371.342826,192.168.1.4,192.168.1.5,3145675044,2842621914,16406,1,349729
217,1574591371.343227,192.168.1.4,192.168.1.5,3145691450,2842621914,16406,1,366135
218,1574591371.34331,192.168.1.4,192.168.1.5,3145707856,2842621914,16406,1,382541
219,1574591371.343444,192.168.1.4,192.168.1.5,3145724262,2842621914,16353,1,398894
220,1574591371.343555,192.168.1.4,192.168.1.5,3145740615,2842621914,633,1,399527
221,1574591371.379379,192.168.1.4,192.168.1.5,2333678227,1531812471,2070,1,401597
222,1574591371.386285,192.168.1.4,192.168.1.5,3145741248,2842621914,16406,1,418003
223,1574591371.386357,192.168.1.4,192.168.1.5,3145757654,2842621914,16406,1,434409
224,1574591371.386424,192.168.1.4,192.168.1.5,3145774060,2842621914,10136,1,444545
225,1574591371.386537,192.168.1.4,192.168.1.5,3145784196,2842621914,5463,1,450008
226,1574591371.389064,192.168.1.4,192.168.1.5,3145789659,2842621914,2070,1,452078
227,1574591371.38912,192.168.1.4,192.168.1.5,3145791729,2842621914,2070,1,454148
228,1574591371.40363,192.168.1.4,192.168.1.5,3145793799,2842621914,16406,1,470554
229,1574591371.403754,192.168.1.4,192.168.1.5,3145810205,2842621914,15928,1,486482
230,1574591371.403824,192.168.1.4,192.168.1.5,3145826133,2842621914,478,1,486960
231,1574591371.403873,192.168.1.4,192.168.1.5,3145826611,2842621914,13032,1,499992
232,1574591371.403964,192.168.1.4,192.168.1.5,3145839643,2842621914,3374,1,503366
233,1574591371.403983,192.168.1.4,192.168.1.5,3145843017,2842621914,4344,1,507710
234,1574591371.404128,192.168.1.4,192.168.1.5,3145847361,2842621914,10136,1,517846
235,1574591371.40426,192.168.1.4,192.168.1.5,3145857497,2842621914,1873,1,519719
236,1574591371.404331,192.168.1.4,192.168.1.5,3145859370,2842621914,470,1,520189
237,1574591371.404473,192.168.1.4,192.168.1.5,3145859840,2842621914,2070,1,522259
238,1574591371.40466,192.168.1.4,192.168.1.5,3145861910,2842621914,2070,1,524329
239,1574591371.422299,192.168.1.4,192.168.1.5,2333680297,1531812471,1756,1,526085
240,1574591371.429604,192.168.1.5,192.168.1.4,2842621914,3145863980,125,0,525960
241,1574591371.430172,192.168.1.4,192.168.1.5,3145863980,2842622039,16406,1,542366
242,1574591371.430324,192.168.1.4,192.168.1.5,3145880386,2842622039,16406,1,558772
243,1574591371.430344,192.168.1.4,192.168.1.5,3145896792,2842622039,2434,1,561206
244,1574591371.437504,192.168.1.5,192.168.1.4,2842622039,3145899226,124,0,561082
245,1574591371.437668,192.168.1.5,192.168.1.4,2842622163,3145899226,116,0,560966
246,1574591371.437804,192.168.1.5,192.168.1.4,2842622279,3145899226,116,0,560850
247,1574591371.437944,192.168.1.5,192.168.1.4,2842622395,3145899226,124,0,560726
248,1574591371.438168,192.168.1.5,192.168.1.4,2842622519,3145899226,124,0,560602
249,1574591371.448515,192.168.1.4,192.168.1.5,3145899226,2842622643,57,1,560659
250,1574591371.467539,192.168.1.4,192.168.1.5,3145899283,2842622643,14480,1,575139
251,1574591371.467683,192.168.1.4,192.168.1.5,3145913763,2842622643,1926,1,577065
252,1574591371.467695,192.168.1.4,192.168.1.5,3145915689,2842622643,16406,1,593471
253,1574591371.467815,192.168.1.4,192.168.1.5,3145932095,2842622643,15928,1,609399
254,1574591371.467946,192.168.1.4,192.168.1.5,3145948023,2842622643,478,1,609877
255,1574591371.467971,192.168.1.4,192.168.1.5,3145948501,2842622643,11584,1,621461
256,1574591371.468044,192.168.1.4,192.168.1.5,3145960085,2842622643,4769,1,626230
257,1574591371.468231,192.168.1.4,192.168.1.5,3145964854,2842622643,1779,1,628009
258,1574591371.473032,192.168.1.5,192.168.1.4,1531812471,2333682053,86,0,627923
259,1574591371.474221,192.168.1.5,192.168.1.4,2842622643,3145966633,124,0,627799
260,1574591371.474381,192.168.1.5,192.168.1.4,2842622767,3145966633,124,0,627675
261,1574591371.474479,192.168.1.5,192.168.1.4,2842622891,3145966633,124,0,627551
262,1574591371.474577,192.168.1.5,192.168.1.4,2842623015,3145966633,124,0,627427
263,1574591371.474681,192.168.1.5,192.168.1.4,2842623139,3145966633,124,0,627303
264,1574591371.474792,192.168.1.5,192.168.1.4,2842623263,3145966633,123,0,627180
265,1574591371.474868,192.168.1.4,192.168.1.5,3145966633,2842623263,15928,1,643108
266,1574591371.474964,192.168.1.4,192.168.1.5,3145982561,2842623263,478,1,643586
267,1574591371.474971,192.168.1.4,192.168.1.5,3145983039,2842623386,7650,1,651236
268,1574591371.475173,192.168.1.5,192.168.1.4,2842623386,3145990689,124,0,651112
269,1574591371.475248,192.168.1.4,192.168.1.5,3145990689,2842623386,1410,1,652522
270,1574591371.475361,192.168.1.5,192.168.1.4,2842623510,3145992099,124,0,652398
271,1574591371.475484,192.168.1.5,192.168.1.4,2842623634,3145992099,124,0,652274
272,1574591371.475614,192.168.1.5,192.168.1.4,2842623758,3145992099,124,0,652150
273,1574591371.475708,192.168.1.5,192.168.1.4,2842623882,3145992099,124,0,652026
274,1574591371.476133,192.168.1.4,192.168.1.5,3145992099,2842624006,1410,1,653436
275,1574591371.495876,192.168.1.5,192.168.1.4,2842624006,3145993509,116,0,653320
276,1574591371.49701,192.168.1.4,192.168.1.5,3145993509,2842624122,16406,1,669726
277,1574591371.497291,192.168.1.4,192.168.1.5,3146009915,2842624122,16406,1,686132
278,1574591371.497422,192.168.1.4,192.168.1.5,3146026321,2842624122,13596,1,699728
279,1574591371.497835,192.168.1.5,192.168.1.4,2842624122,3146039917,115,0,699613
280,1574591371.497988,192.168.1.5,192.168.1.4,2842624237,3146039917,115,0,699498
281,1574591371.4981,192.168.1.5,192.168.1.4,2842624352,3146039917,115,0,699383
282,1574591371.498343,192.168.1.4,192.168.1.5,3146039917,2842624467,2070,1,701453
283,1574591371.498582,192.168.1.5,192.168.1.4,2842624467,3146041987,124,0,701329
284,1574591371.498704,192.168.1.5,192.168.1.4,2842624591,3146041987,124,0,701205
285,1574591371.498818,192.168.1.5,192.168.1.4,2842624715,3146041987,123,0,701082
286,1574591371.499012,192.168.1.5,192.168.1.4,2842624838,3146041987,116,0,700966
287,1574591371.499067,192.168.1.4,192.168.1.5,3146041987,2842624838,5792,1,706758
288,1574591371.499137,192.168.1.4,192.168.1.5,3146047779,2842624838,1898,1,708656
289,1574591371.499387,192.168.1.4,192.168.1.5,3146049677,2842624954,1410,1,710066
290,1574591371.527168,192.168.1.5,192.168.1.4,1531812557,2333682053,108,0,709958
291,1574591371.528071,192.168.1.4,192.168.1.5,3146051087,2842624954,16406,1,726364
292,1574591371.528378,192.168.1.4,192.168.1.5,3146067493,2842624954,16406,1,742770
293,1574591371.528464,192.168.1.4,192.168.1.5,3146083899,2842624954,16406,1,759176
294,1574591371.52852,192.168.1.4,192.168.1.5,3146100305,2842624954,16353,1,775529
295,1574591371.528751,192.168.1.4,192.168.1.5,3146116658,2842624954,687,1,776216
296,1574591371.548709,192.168.1.4,192.168.1.5,2333682053,1531812665,586,1,776802
297,1574591371.557527,192.168.1.5,192.168.1.4,1531812665,2333682639,53,0,776749
298,1574591371.557898,192.168.1.5,192.168.1.4,1531812718,2333682639,279,0,776470
299,1574591371.570341,192.168.1.4,192.168.1.5,3146117345,2842624954,16406,1,792876
300,1574591371.570418,192.168.1.4,192.168.1.5,3146133751,2842624954,866,1,793742
301,1574591371.57569,192.168.1.5,192.168.1.4,158539056,1791316939,343,0,793399
302,1574591371.576078,192.168.1.4,192.168.1.5,1791316939,158539399,99,1,793498
303,1574591371.57652,192.168.1.5,192.168.1.4,158539399,1791317038,382,0,793116
304,1574591371.583014,192.168.1.4,192.168.1.5,2333682639,1531812997,53,1,793169
305,1574591371.583508,192.168.1.4,192.168.1.5,3146134617,2842624954,1410,1,794579
306,1574591371.58355,192.168.1.4,192.168.1.5,3146136027,2842624954,5574,1,800153
307,1574591371.586069,192.168.1.4,192.168.1.5,3146141601,2842624954,1410,1,801563
308,1574591371.586322,192.168.1.4,192.168.1.5,3146143011,2842624954,1410,1,802973
309,1574591371.595743,192.168.1.4,192.168.1.5,3146144421,2842624954,16406,1,819379
310,1574591371.595817,192.168.1.4,192.168.1.5,3146160827,2842624954,16406,1,835785
311,1574591371.595868,192.168.1.4,192.168.1.5,3146177233,2842624954,16406,1,852191
312,1574591371.596057,192.168.1.4,192.168.1.5,3146193639,2842624954,7240,1,859431
313,1574591371.596144,192.168.1.4,192.168.1.5,3146200879,2842624954,14480,1,873911
314,1574591371.596257,192.168.1.4,192.168.1.5,3146215359,2842624954,5792,1,879703
315,1574591371.596327,192.168.1.4,192.168.1.5,3146221151,2842624954,4350,1,884053
316,1574591371.596407,192.168.1.4,192.168.1.5,1791317038,158539781,2266,1,886319
317,1574591371.597908,192.168.1.5,192.168.1.4,158539781,1791319304,74,0,886245
318,1574591371.598076,192.168.1.5,192.168.1.4,158539855,1791319304,245,0,886000
319,1574591371.598963,192.168.1.4,192.168.1.5,3112431778,1283533813,91,1,886091
320,1574591371.598989,192.168.1.4,192.168.1.5,3112431869,1283533813,24,1,886115
321,1574591371.599935,192.168.1.4,192.168.1.5,1791319304,158540100,79,1,886194
322,1574591371.60006,192.168.1.4,192.168.1.5,1791319383,158540100,79,1,886273
323,1574591371.609617,192.168.1.4,192.168.1.5,3146225501,2842624954,16406,1,902679
324,1574591371.609839,192.168.1.4,192.168.1.5,3146241907,2842624954,16406,1,919085
325,1574591371.609904,192.168.1.4,192.168.1.5,3146258313,2842624954,2896,1,921981
326,1574591371.610058,192.168.1.4,192.168.1.5,3146261209,2842624954,13510,1,935491
327,1574591371.610384,192.168.1.4,192.168.1.5,3146274719,2842624954,16406,1,951897
328,1574591371.610659,192.168.1.4,192.168.1.5,3146291125,2842624954,10826,1,962723
329,1574591371.610711,192.168.1.4,192.168.1.5,3146301951,2842624954,2798,1,965521
330,1574591371.611261,192.168.1.4,192.168.1.5,3146304749,2842624954,2798,1,968319
331,1574591371.626354,192.168.1.4,192.168.1.5,2333682692,1531812997,2880,1,971199
332,1574591371.648915,192.168.1.4,192.168.1.5,3146307547,2842624954,10136,1,981335
333,1574591371.649068,192.168.1.4,192.168.1.5,3146317683,2842624954,6270,1,987605
334,1574591371.649198,192.168.1.4,192.168.1.5,3146323953,2842624954,16406,1,1004011
335,1574591371.649222,192.168.1.4,192.168.1.5,3146340359,2842624954,16406,1,1020417
336,1574591371.649276,192.168.1.4,192.168.1.5,3146356765,2842624954,11584,1,1032001
337,1574591371.649372,192.168.1.4,192.168.1.5,3146368349,2842624954,4822,1,1036823
338,1574591371.649383,192.168.1.4,192.168.1.5,3146373171,2842624954,6662,1,1043485
339,1574591371.651136,192.168.1.4,192.168.1.5,3146379833,2842624954,11126,1,1054611
340,1574591371.654389,192.168.1.4,192.168.1.5,3146390959,2842624954,13902,1,1068513
341,1574591371.657371,192.168.1.4,192.168.1.5,3146404861,2842624954,4186,1,1072699
342,1574591371.658483,192.168.1.4,192.168.1.5,3146409047,2842624954,1410,1,1074109
343,1574591371.659039,192.168.1.4,192.168.1.5,3146410457,2842624954,2798,1,1076907
344,1574591371.659817,192.168.1.4,192.168.1.5,3146413255,2842624954,1410,1,1078317
345,1574591371.660305,192.168.1.4,192.168.1.5,3146414665,2842624954,1410,1,1079727
346,1574591371.692001,192.168.1.4,192.168.1.5,3146416075,2842624954,16406,1,1096133
347,1574591371.692072,192.168.1.4,192.168.1.5,3146432481,2842624954,16406,1,1112539
348,1574591371.692199,192.168.1.4,192.168.1.5,3146448887,2842624954,13032,1,1125571
349,1574591371.692283,192.168.1.4,192.168.1.5,3146461919,2842624954,3374,1,1128945
350,1574591371.692326,192.168.1.4,192.168.1.5,3146465293,2842624954,11584,1,1140529
351,1574591371.692372,192.168.1.4,192.168.1.5,3146476877,2842624954,4769,1,1145298
352,1574591371.692517,192.168.1.4,192.168.1.5,3146481646,2842624954,629,1,1145927
353,1574591371.69262,192.168.1.4,192.168.1.5,3146482275,2842624954,2070,1,1147997
354,1574591371.692763,192.168.1.4,192.168.1.5,3146484345,2842624954,2070,1,1150067
355,1574591371.718379,192.168.1.4,192.168.1.5,3146486415,2842624954,16406,1,1166473
356,1574591371.718465,192.168.1.4,192.168.1.5,3146502821,2842624954,16406,1,1182879
357,1574591371.718611,192.168.1.4,192.168.1.5,3146519227,2842624954,16406,1,1199285
358,1574591371.718732,192.168.1.4,192.168.1.5,3146535633,2842624954,11584,1,1210869
359,1574591371.718852,192.168.1.4,192.168.1.5,3146547217,2842624954,4769,1,1215638
360,1574591371.718924,192.168.1.4,192.168.1.5,3146551986,2842624954,1710,1,1217348
361,1574591371.719025,192.168.1.4,192.168.1.5,3146553696,2842624954,750,1,1218098
362,1574591371.721567,192.168.1.4,192.168.1.5,3146554446,2842624954,2070,1,1220168
363,1574591371.72513,192.168.1.4,192.168.1.5,3146556516,2842624954,2070,1,1222238
364,1574591371.725716,192.168.1.5,192.168.1.4,1531812997,2333685572,61,0,1222177
365,1574591371.75251,192.168.1.4,192.168.1.5,3146558586,2842624954,16406,1,1238583
366,1574591371.752612,192.168.1.4,192.168.1.5,3146574992,2842624954,16406,1,1254989
367,1574591371.752683,192.168.1.4,192.168.1.5,3146591398,2842624954,16406,1,1271395
368,1574591371.752759,192.168.1.4,192.168.1.5,3146607804,2842624954,14480,1,1285875
369,1574591371.753005,192.168.1.4,192.168.1.5,3146622284,2842624954,6098,1,1291973
370,1574591371.777782,192.168.1.4,192.168.1.5,3146628382,2842624954,14480,1,1306453
371,1574591371.777898,192.168.1.4,192.168.1.5,3146642862,2842624954,1926,1,1308379
372,1574591371.777913,192.168.1.4,192.168.1.5,3146644788,2842624954,16406,1,1324785
373,1574591371.778188,192.168.1.4,192.168.1.5,3146661194,2842624954,13032,1,1337817
374,1574591371.778263,192.168.1.4,192.168.1.5,3146674226,2842624954,3374,1,1341191
375,1574591371.778282,192.168.1.4,192.168.1.5,3146677600,2842624954,16353,1,1357544
376,1574591371.778497,192.168.1.4,192.168.1.5,3146693953,2842624954,393,1,1357937
377,1574591371.778649,192.168.1.4,192.168.1.5,3146694346,2842624954,2070,1,1360007
378,1574591371.778723,192.168.1.4,192.168.1.5,3146696416,2842624954,2070,1,1362077
379,1574591371.822422,192.168.1.4,192.168.1.5,3146698486,2842624954,16406,1,1378483
380,1574591371.82249,192.168.1.4,192.168.1.5,3146714892,2842624954,3866,1,1382349
381,1574591371.889824,192.168.1.5,192.168.1.4,3806313049,3562520781,343,0,1382006
382,1574591371.890295,192.168.1.4,192.168.1.5,3562520781,3806313392,99,1,1382105
383,1574591371.890586,192.168.1.5,192.168.1.4,3806313392,3562520880,382,0,1381723
384,1574591371.900622,192.168.1.4,192.168.1.5,3562520880,3806313774,2266,1,1383989
385,1574591371.901527,192.168.1.5,192.168.1.4,3806313774,3562523146,74,0,1383915
386,1574591371.901685,192.168.1.5,192.168.1.4,3806313848,3562523146,245,0,1383670
387,1574591371.901898,192.168.1.4,192.168.1.5,3562523146,3806314093,79,1,1383749
388,1574591371.901965,192.168.1.4,192.168.1.5,3562523225,3806314093,79,1,1383828
389,1574591373.109268,192.168.1.5,192.168.1.4,4245768469,2270925095,343,0,1383485
390,1574591373.109654,192.168.1.4,192.168.1.5,2270925095,4245768812,99,1,1383584
391,1574591373.110002,192.168.1.5,192.168.1.4,4245768812,2270925194,382,0,1383202
392,1574591373.119611,192.168.1.4,192.168.1.5,2270925194,4245769194,2266,1,1385468
393,1574591373.120475,192.168.1.5,192.168.1.4,4245769194,2270927460,74,0,1385394
394,1574591373.120587,192.168.1.5,192.168.1.4,4245769268,2270927460,247,0,1385147
395,1574591373.120814,192.168.1.4,192.168.1.5,2270927460,4245769268,79,1,1385226
396,1574591373.120903,192.168.1.4,192.168.1.5,2270927539,4245769515,79,1,1385305
397,1574591373.205679,192.168.1.5,192.168.1.4,2002311759,2705519470,197,0,1385108
398,1574591373.208721,192.168.1.5,192.168.1.4,2002311956,2705519470,108,0,1385000
399,1574591373.2222,192.168.1.5,192.168.1.4,2842624954,3146718758,124,0,1384876
400,1574591373.224282,192.168.1.5,192.168.1.4,2842625078,3146718758,123,0,1384753
401,1574591373.226201,192.168.1.4,192.168.1.5,2705519470,2002312064,57,1,1384810
402,1574591373.226864,192.168.1.5,192.168.1.4,2842625201,3146718758,116,0,1384694
403,1574591373.227824,192.168.1.4,192.168.1.5,2705519527,2002312064,6344,1,1391038
404,1574591373.230047,192.168.1.4,192.168.1.5,2705525871,2002312064,2833,1,1393871
405,1574591373.230901,192.168.1.4,192.168.1.5,2705528704,2002312064,2672,1,1396543
406,1574591373.234388,192.168.1.5,192.168.1.4,2842625317,3146718758,116,0,1396427
407,1574591373.241662,192.168.1.5,192.168.1.4,2842625433,3146718758,116,0,1396311
408,1574591373.243761,192.168.1.5,192.168.1.4,2842625549,3146718758,116,0,1396195
409,1574591373.245117,192.168.1.4,192.168.1.5,3146718758,2842625665,6344,1,1402539
410,1574591373.245143,192.168.1.4,192.168.1.5,3146725102,2842625665,1492,1,1404031
411,1574591373.247013,192.168.1.4,192.168.1.5,3146726594,2842625665,8538,1,1412569
412,1574591373.247728,192.168.1.4,192.168.1.5,3146735132,2842625665,1410,1,1413979
413,1574591373.249516,192.168.1.4,192.168.1.5,3146736542,2842625665,8968,1,1422947
414,1574591373.250075,192.168.1.4,192.168.1.5,3146745510,2842625665,56,1,1423003
415,1574591373.25763,192.168.1.5,192.168.1.4,2842625665,3146745566,116,0,1422887
416,1574591373.259833,192.168.1.5,192.168.1.4,2842625781,3146745566,124,0,1422763
417,1574591373.262224,192.168.1.5,192.168.1.4,2842625905,3146745566,116,0,1422647
418,1574591373.266187,192.168.1.4,192.168.1.5,3146745566,2842626021,2070,1,1424717
419,1574591373.313869,192.168.1.4,192.168.1.5,3146747636,2842626021,16406,1,1441123
420,1574591373.313941,192.168.1.4,192.168.1.5,3146764042,2842626021,7240,1,1448363
421,1574591373.31416,192.168.1.4,192.168.1.5,3146771282,2842626021,1732,1,1450095
422,1574591373.490768,192.168.1.5,192.168.1.4,2385888829,2097040158,343,0,1449752
423,1574591373.491662,192.168.1.4,192.168.1.5,2097040158,2385889172,99,1,1449851
424,1574591373.491892,192.168.1.5,192.168.1.4,2385889172,2097040257,382,0,1449469
425,1574591373.491982,192.168.1.5,192.168.1.4,526206712,81015794,343,0,1449126
426,1574591373.492992,192.168.1.5,192.168.1.4,541402865,2729918239,343,0,1448783
427,1574591373.498226,192.168.1.4,192.168.1.5,81015794,526207055,99,1,1448882
428,1574591373.498531,192.168.1.5,192.168.1.4,526207055,81015893,382,0,1448500
429,1574591373.502274,192.168.1.4,192.168.1.5,2729918239,541403208,99,1,1448599
430,1574591373.502607,192.168.1.5,192.168.1.4,541403208,2729918338,382,0,1448217
431,1574591373.514126,192.168.1.4,192.168.1.5,2097040257,2385889554,2266,1,1450483
432,1574591373.515001,192.168.1.5,192.168.1.4,2385889554,2097042523,74,0,1450409
433,1574591373.515136,192.168.1.5,192.168.1.4,2385889628,2097042523,245,0,1450164
434,1574591373.520021,192.168.1.4,192.168.1.5,81015893,526207437,2266,1,1452430
435,1574591373.520917,192.168.1.5,192.168.1.4,526207437,81018159,74,0,1452356
436,1574591373.521093,192.168.1.5,192.168.1.4,526207511,81018159,245,0,1452111
437,1574591373.521339,192.168.1.4,192.168.1.5,2097042523,2385889873,79,1,1452190
438,1574591373.521458,192.168.1.4,192.168.1.5,2097042602,2385889873,79,1,1452269
439,1574591373.524765,192.168.1.4,192.168.1.5,81018159,526207756,79,1,1452348
440,1574591373.526491,192.168.1.4,192.168.1.5,81018238,526207756,79,1,1452427
441,1574591373.526513,192.168.1.4,192.168.1.5,2729918338,541403590,2266,1,1454693
442,1574591373.52749,192.168.1.5,192.168.1.4,541403590,2729920604,74,0,1454619
443,1574591373.527606,192.168.1.5,192.168.1.4,541403664,2729920604,245,0,1454374
444,1574591373.527855,192.168.1.4,192.168.1.5,2729920604,541403909,79,1,1454453
445,1574591373.52792,192.168.1.4,192.168.1.5,2729920683,541403909,79,1,1454532
446,1574591373.897028,192.168.1.5,192.168.1.4,244345737,1393063010,343,0,1454189
447,1574591373.897618,192.168.1.4,192.168.1.5,1393063010,244346080,99,1,1454288
448,1574591373.898161,192.168.1.5,192.168.1.4,244346080,1393063109,382,0,1453906
449,1574591373.913037,192.168.1.4,192.168.1.5,1393063109,244346462,2266,1,1456172
450,1574591373.915246,192.168.1.5,192.168.1.4,244346462,1393065375,74,0,1456098
451,1574591373.915487,192.168.1.5,192.168.1.4,244346536,1393065375,245,0,1455853
452,1574591373.915748,192.168.1.4,192.168.1.5,1393065375,244346781,79,1,1455932
453,1574591373.915808,192.168.1.4,192.168.1.5,1393065454,244346781,79,1,1456011
454,1574591374.151087,192.168.1.4,192.168.1.5,1791319462,158540100,91,1,1456102
455,1574591374.151795,192.168.1.5,192.168.1.4,158540100,1791319553,539,0,1455563
456,1574591374.177471,192.168.1.4,192.168.1.5,1791319553,158540639,2070,1,1457633
457,1574591374.218556,192.168.1.4,192.168.1.5,1791321623,158540639,1120,1,1458753
458,1574591374.221121,192.168.1.5,192.168.1.4,158540639,1791322743,86,0,1458667
459,1574591374.221745,192.168.1.5,192.168.1.4,158540725,1791322743,108,0,1458559
460,1574591374.222128,192.168.1.5,192.168.1.4,3806314093,3562523304,24,0,1458535
461,1574591374.222594,192.168.1.5,192.168.1.4,2385889873,2097042681,24,0,1458511
462,1574591374.222848,192.168.1.5,192.168.1.4,526207756,81018317,24,0,1458487
463,1574591374.223079,192.168.1.5,192.168.1.4,541403909,2729920762,24,0,1458463
464,1574591374.223375,192.168.1.5,192.168.1.4,244346781,1393065533,24,0,1458439
465,1574591374.226883,192.168.1.5,192.168.1.4,158540833,1791322743,355,0,1458084
466,1574591374.227808,192.168.1.5,192.168.1.4,158541188,1791322743,166,0,1457918
467,1574591374.228547,192.168.1.5,192.168.1.4,158541354,1791322743,167,0,1457751
468,1574591374.229172,192.168.1.5,192.168.1.4,158541521,1791322743,167,0,1457584
469,1574591374.229456,192.168.1.5,192.168.1.4,158541688,1791322743,101,0,1457483
470,1574591374.22993,192.168.1.5,192.168.1.4,158541789,1791322743,121,0,1457362
471,1574591374.241379,192.168.1.4,192.168.1.5,1791322743,158541910,274,1,1457636
472,1574591374.24172,192.168.1.5,192.168.1.4,158541910,1791323017,53,0,1457583
473,1574591374.244634,192.168.1.4,192.168.1.5,1791323017,158541963,53,1,1457636
474,1574591374.254416,192.168.1.4,192.168.1.5,1791323070,158541963,13032,1,1470668
475,1574591374.254841,192.168.1.4,192.168.1.5,1791336102,158541963,20793,1,1491461
476,1574591374.298203,192.168.1.4,192.168.1.5,1791356895,158541963,11814,1,1503275
477,1574591374.382301,192.168.1.4,192.168.1.5,3562523304,3806314117,91,1,1503366
478,1574591374.382437,192.168.1.4,192.168.1.5,3562523395,3806314117,24,1,1503390
479,1574591374.861014,192.168.1.4,192.168.1.5,2270927618,4245769515,91,1,1503481
480,1574591374.861512,192.168.1.5,192.168.1.4,4245769515,2270927709,539,0,1502942
481,1574591374.885879,192.168.1.4,192.168.1.5,2270927709,4245770054,2070,1,1505012
482,1574591374.926515,192.168.1.4,192.168.1.5,2270929779,4245770054,1120,1,1506132
483,1574591374.930947,192.168.1.5,192.168.1.4,4245770054,2270930899,86,0,1506046
484,1574591374.931393,192.168.1.5,192.168.1.4,4245770140,2270930899,108,0,1505938
485,1574591374.933023,192.168.1.5,192.168.1.4,4245770248,2270930899,271,0,1505667
486,1574591374.951028,192.168.1.4,192.168.1.5,2270930899,4245770519,305,1,1505972
487,1574591374.95462,192.168.1.5,192.168.1.4,4245770519,2270931204,53,0,1505919
488,1574591374.955085,192.168.1.4,192.168.1.5,2270931204,4245770572,809,1,1506728
489,1574591374.99847,192.168.1.4,192.168.1.5,2270932013,4245770572,5792,1,1512520
490,1574591374.998773,192.168.1.4,192.168.1.5,2270937805,4245770572,7240,1,1519760
491,1574591374.998999,192.168.1.4,192.168.1.5,2270945045,4245770572,1448,1,1521208
492,1574591374.999204,192.168.1.4,192.168.1.5,2270946493,4245770572,1926,1,1523134
493,1574591374.999732,192.168.1.4,192.168.1.5,2270948419,4245770572,7240,1,1530374
494,1574591375.002514,192.168.1.4,192.168.1.5,2270955659,4245770572,3290,1,1533664
495,1574591375.032019,192.168.1.5,192.168.1.4,4245770572,2270958949,112,0,1533552
496,1574591375.050359,192.168.1.4,192.168.1.5,2270958949,4245770684,57,1,1533609
497,1574591375.055441,192.168.1.4,192.168.1.5,2270959006,4245770684,16406,1,1550015
498,1574591375.055554,192.168.1.4,192.168.1.5,2270975412,4245770684,2896,1,1552911
499,1574591375.055695,192.168.1.4,192.168.1.5,2270978308,4245770684,5792,1,1558703
500,1574591375.055755,192.168.1.4,192.168.1.5,2270984100,4245770684,7718,1,1566421
501,1574591375.056181,192.168.1.4,192.168.1.5,2270991818,4245770684,1146,1,1567567
502,1574591375.066362,192.168.1.4,192.168.1.5,2270992964,4245770684,16406,1,1583973
503,1574591375.066455,192.168.1.4,192.168.1.5,2271009370,4245770684,2896,1,1586869
504,1574591375.066581,192.168.1.4,192.168.1.5,2271012266,4245770684,8688,1,1595557
505,1574591375.066614,192.168.1.4,192.168.1.5,2271020954,4245770684,4822,1,1600379
506,1574591375.066876,192.168.1.4,192.168.1.5,2271025776,4245770684,498,1,1600877
507,1574591375.110584,192.168.1.4,192.168.1.5,2271026274,4245770684,16406,1,1617283
508,1574591375.11066,192.168.1.4,192.168.1.5,2271042680,4245770684,4538,1,1621821
509,1574591375.136557,192.168.1.4,192.168.1.5,2097042681,2385889897,91,1,1621912
510,1574591375.136849,192.168.1.4,192.168.1.5,2097042772,2385889897,24,1,1621936
511,1574591375.151316,192.168.1.5,192.168.1.4,4245770684,2271047218,111,0,1621825
512,1574591375.172299,192.168.1.4,192.168.1.5,2271047218,4245770795,194,1,1622019
513,1574591375.173631,192.168.1.4,192.168.1.5,2271047412,4245770795,2070,1,1624089
514,1574591375.174389,192.168.1.4,192.168.1.5,2271049482,4245770795,2070,1,1626159
515,1574591375.179521,192.168.1.4,192.168.1.5,2271051552,4245770795,7240,1,1633399
516,1574591375.179745,192.168.1.4,192.168.1.5,2271058792,4245770795,9166,1,1642565
517,1574591375.1798,192.168.1.4,192.168.1.5,2271067958,4245770795,7240,1,1649805
518,1574591375.179904,192.168.1.4,192.168.1.5,2271075198,4245770795,7240,1,1657045
519,1574591375.179918,192.168.1.4,192.168.1.5,2271082438,4245770795,1926,1,1658971
520,1574591375.180057,192.168.1.4,192.168.1.5,2271084364,4245770795,498,1,1659469
521,1574591375.180271,192.168.1.4,192.168.1.5,2271084862,4245770795,2070,1,1661539
522,1574591375.180399,192.168.1.4,192.168.1.5,2271086932,4245770795,2070,1,1663609
523,1574591375.195576,192.168.1.4,192.168.1.5,2271089002,4245770795,16406,1,1680015
524,1574591375.195824,192.168.1.4,192.168.1.5,2271105408,4245770795,15928,1,1695943
525,1574591375.19586,192.168.1.4,192.168.1.5,2271121336,4245770795,3046,1,1698989
526,1574591375.195956,192.168.1.4,192.168.1.5,2271124382,4245770795,2070,1,1701059
527,1574591375.238332,192.168.1.4,192.168.1.5,2271126452,4245770795,8679,1,1709738
528,1574591375.26547,192.168.1.5,192.168.1.4,2002312064,2705531376,294,0,1709444
529,1574591375.268088,192.168.1.5,192.168.1.4,2002312358,2705531376,267,0,1709177
530,1574591375.343484,192.168.1.4,192.168.1.5,2705531376,2002312625,455,1,1709632
531,1574591375.409457,192.168.1.4,192.168.1.5,81018317,526207780,91,1,1709723
532,1574591375.409551,192.168.1.4,192.168.1.5,81018408,526207780,24,1,1709747
533,1574591375.410572,192.168.1.4,192.168.1.5,2729920762,541403933,91,1,1709838
534,1574591375.410767,192.168.1.4,192.168.1.5,2729920853,541403933,24,1,1709862
535,1574591375.44521,192.168.1.5,192.168.1.4,73184512,1431973347,343,0,1709519
536,1574591375.445591,192.168.1.4,192.168.1.5,1431973347,73184855,99,1,1709618
537,1574591375.445917,192.168.1.5,192.168.1.4,73184855,1431973446,382,0,1709236
538,1574591375.457515,192.168.1.4,192.168.1.5,1431973446,73185237,2266,1,1711502
539,1574591375.458404,192.168.1.5,192.168.1.4,73185237,1431975712,74,0,1711428
540,1574591375.458527,192.168.1.5,192.168.1.4,73185311,1431975712,170,0,1711258
541,1574591375.458764,192.168.1.4,192.168.1.5,1431975712,73185481,79,1,1711337
542,1574591375.459485,192.168.1.4,192.168.1.5,1431975791,73185481,79,1,1711416
543,1574591375.701737,192.168.1.4,192.168.1.5,1393065533,244346805,91,1,1711507
544,1574591375.701768,192.168.1.4,192.168.1.5,1393065624,244346805,24,1,1711531
545,1574591375.888539,192.168.1.5,192.168.1.4,158541963,1791368709,98,0,1711433
546,1574591375.91029,192.168.1.4,192.168.1.5,1791368709,158542061,4118,1,1715551
547,1574591375.954368,192.168.1.4,192.168.1.5,1791372827,158542061,1700,1,1717251
548,1574591376.782149,192.168.1.4,192.168.1.5,1431975870,73185481,670,1,1717921
549,1574591376.782294,192.168.1.4,192.168.1.5,1431976540,73185481,24,1,1717945
550,1574591376.78316,192.168.1.5,192.168.1.4,73185481,1431976564,24,0,1717921
551,1574591376.788279,192.168.1.5,192.168.1.4,2953117174,3819361093,343,0,1717578
552,1574591376.788887,192.168.1.4,192.168.1.5,3819361093,2953117517,99,1,1717677
553,1574591376.789403,192.168.1.5,192.168.1.4,2953117517,3819361192,382,0,1717295
554,1574591376.801816,192.168.1.4,192.168.1.5,3819361192,2953117899,2266,1,1719561
555,1574591376.802992,192.168.1.5,192.168.1.4,2953117899,3819363458,74,0,1719487
556,1574591376.803179,192.168.1.5,192.168.1.4,2953117973,3819363458,170,0,1719317
557,1574591376.803498,192.168.1.4,192.168.1.5,3819363458,2953118143,79,1,1719396
558,1574591376.803612,192.168.1.4,192.168.1.5,3819363537,2953118143,79,1,1719475
559,1574591377.646922,192.168.1.4,192.168.1.5,3819363616,2953118143,670,1,1720145
560,1574591377.646973,192.168.1.4,192.168.1.5,3819364286,2953118143,24,1,1720169
561,1574591377.648358,192.168.1.5,192.168.1.4,2953118143,3819364310,24,0,1720145
562,1574591377.680563,192.168.1.5,192.168.1.4,2002312625,2705531831,144,0,1720001
563,1574591377.681414,192.168.1.5,192.168.1.4,2002312769,2705531831,2896,0,1717105
564,1574591377.681526,192.168.1.5,192.168.1.4,2002315665,2705531831,9,0,1717096
565,1574591377.68176,192.168.1.5,192.168.1.4,2002315674,2705531831,907,0,1716189
566,1574591377.689538,192.168.1.5,192.168.1.4,2002316581,2705531831,90,0,1716099
567,1574591377.690206,192.168.1.5,192.168.1.4,2002316671,2705531831,2277,0,1713822
568,1574591377.700858,192.168.1.4,192.168.1.5,2705531831,2002318948,57,1,1713879
569,1574591377.713395,192.168.1.4,192.168.1.5,2705531888,2002318948,57,1,1713936
570,1574591377.755851,192.168.1.4,192.168.1.5,2705531945,2002318948,311,1,1714247
571,1574591377.818058,192.168.1.5,192.168.1.4,1680669907,3897009002,24,0,1714223
572,1574591377.818767,192.168.1.4,192.168.1.5,3897009002,1680669931,24,1,1714247
573,1574591377.820566,192.168.1.5,192.168.1.4,1315388831,838750588,24,0,1714223
574,1574591377.820773,192.168.1.5,192.168.1.4,4245770795,2271135131,24,0,1714199
575,1574591377.820957,192.168.1.5,192.168.1.4,2002318948,2705532256,24,0,1714175
576,1574591377.821211,192.168.1.5,192.168.1.4,158542061,1791374527,24,0,1714151
577,1574591377.821259,192.168.1.4,192.168.1.5,2271135131,4245770819,24,1,1714175
578,1574591377.821903,192.168.1.4,192.168.1.5,1791374527,158542085,24,1,1714199
579,1574591377.821994,192.168.1.4,192.168.1.5,838750588,1315388855,24,1,1714223
580,1574591377.823788,192.168.1.5,192.168.1.4,2842626021,3146773014,24,0,1714199
581,1574591377.82381,192.168.1.4,192.168.1.5,2705532256,2002318972,24,1,1714223
582,1574591377.824328,192.168.1.4,192.168.1.5,3146773014,2842626045,24,1,1714247
583,1574591377.825913,192.168.1.5,192.168.1.4,1257801301,1602226168,24,0,1714223
584,1574591377.826335,192.168.1.4,192.168.1.5,1602226168,1257801325,24,1,1714247
