index,time,src_ip,dst_ip,tcp_seq,tcp_ack,tcp_len,direction,cumul_sum
1,1574591392.434327,192.168.1.5,192.168.1.4,1158999016,4794262,343,0,-343
2,1574591392.435189,192.168.1.4,192.168.1.5,4794262,1158999359,99,1,-244
3,1574591392.435986,192.168.1.5,192.168.1.4,1158999359,4794361,382,0,-626
4,1574591392.449052,192.168.1.4,192.168.1.5,4794361,1158999741,2266,1,1640
5,1574591392.450008,192.168.1.5,192.168.1.4,1158999741,4796627,74,0,1566
6,1574591392.450154,192.168.1.5,192.168.1.4,1158999815,4796627,245,0,1321
7,1574591392.450418,192.168.1.4,192.168.1.5,4796627,1159000060,79,1,1400
8,1574591392.450489,192.168.1.4,192.168.1.5,4796706,1159000060,79,1,1479
9,1574591392.589139,192.168.1.5,192.168.1.4,2260062929,689288232,343,0,1136
10,1574591392.589579,192.168.1.4,192.168.1.5,689288232,2260063272,99,1,1235
11,1574591392.589865,192.168.1.5,192.168.1.4,2260063272,689288331,382,0,853
12,1574591392.591491,192.168.1.5,192.168.1.4,304986237,1299339392,343,0,510
13,1574591392.594633,192.168.1.4,192.168.1.5,1299339392,304986580,99,1,609
14,1574591392.59496,192.168.1.5,192.168.1.4,304986580,1299339491,382,0,227
15,1574591392.605881,192.168.1.4,192.168.1.5,689288331,2260063654,2266,1,2493
16,1574591392.60675,192.168.1.5,192.168.1.4,2260063654,689290597,74,0,2419
17,1574591392.606905,192.168.1.5,192.168.1.4,2260063728,689290597,239,0,2180
18,1574591392.610246,192.168.1.4,192.168.1.5,689290597,2260063967,79,1,2259
19,1574591392.610271,192.168.1.4,192.168.1.5,689290676,2260063967,79,1,2338
20,1574591392.61158,192.168.1.4,192.168.1.5,1299339491,304986962,2266,1,4604
21,1574591392.612462,192.168.1.5,192.168.1.4,304986962,1299341757,74,0,4530
22,1574591392.612561,192.168.1.5,192.168.1.4,304987036,1299341757,239,0,4291
23,1574591392.612757,192.168.1.4,192.168.1.5,1299341757,304987275,79,1,4370
24,1574591392.61696,192.168.1.4,192.168.1.5,1299341836,304987275,79,1,4449
25,1574591393.553865,192.168.1.4,192.168.1.5,4796785,1159000060,91,1,4540
26,1574591393.554757,192.168.1.5,192.168.1.4,1159000060,4796876,539,0,4001
27,1574591393.633662,192.168.1.4,192.168.1.5,4796876,1159000599,2070,1,6071
28,1574591393.674574,192.168.1.4,192.168.1.5,4798946,1159000599,1018,1,7089
29,1574591393.692835,192.168.1.5,192.168.1.4,1159000599,4799964,86,0,7003
30,1574591393.693425,192.168.1.5,192.168.1.4,1159000685,4799964,108,0,6895
31,1574591393.69386,192.168.1.5,192.168.1.4,1159000793,4799964,321,0,6574
32,1574591393.694024,192.168.1.5,192.168.1.4,1159001114,4799964,54,0,6520
33,1574591393.743522,192.168.1.4,192.168.1.5,4799964,1159001168,1889,1,8409
34,1574591393.748566,192.168.1.5,192.168.1.4,1159001168,4801853,53,0,8356
35,1574591393.754054,192.168.1.5,192.168.1.4,1159001221,4801853,61,0,8295
36,1574591393.858603,192.168.1.4,192.168.1.5,689290755,2260063967,91,1,8386
37,1574591393.859237,192.168.1.5,192.168.1.4,2260063967,689290846,539,0,7847
38,1574591393.890877,192.168.1.4,192.168.1.5,689290846,2260064506,2070,1,9917
39,1574591393.934473,192.168.1.4,192.168.1.5,689292916,2260064506,1120,1,11037
40,1574591393.938248,192.168.1.5,192.168.1.4,2260064506,689294036,86,0,10951
41,1574591393.938685,192.168.1.5,192.168.1.4,2260064592,689294036,108,0,10843
42,1574591393.93959,192.168.1.5,192.168.1.4,2260064700,689294036,378,0,10465
43,1574591393.957975,192.168.1.4,192.168.1.5,689294036,2260065078,274,1,10739
44,1574591393.958397,192.168.1.5,192.168.1.4,2260065078,689294310,53,0,10686
45,1574591393.971393,192.168.1.4,192.168.1.5,689294310,2260065131,66,1,10752
46,1574591394.014643,192.168.1.4,192.168.1.5,689294376,2260065131,866,1,11618
47,1574591394.023859,192.168.1.5,192.168.1.4,2260065131,689295242,102,0,11516
48,1574591394.042523,192.168.1.4,192.168.1.5,689295242,2260065233,57,1,11573
49,1574591394.121348,192.168.1.4,192.168.1.5,1299341915,304987275,91,1,11664
50,1574591394.122121,192.168.1.5,192.168.1.4,304987275,1299342006,539,0,11125
51,1574591394.150041,192.168.1.4,192.168.1.5,689295299,2260065233,2070,1,13195
52,1574591394.150562,192.168.1.4,192.168.1.5,1299342006,304987814,234,1,13429
53,1574591394.150758,192.168.1.4,192.168.1.5,689297369,2260065233,2070,1,15499
54,1574591394.15093,192.168.1.4,192.168.1.5,689299439,2260065233,2070,1,17569
55,1574591394.15127,192.168.1.4,192.168.1.5,689301509,2260065233,2070,1,19639
56,1574591394.15149,192.168.1.4,192.168.1.5,689303579,2260065233,2070,1,21709
57,1574591394.155452,192.168.1.5,192.168.1.4,304987814,1299342240,86,0,21623
58,1574591394.176238,192.168.1.4,192.168.1.5,1299342240,304987900,260,1,21883
59,1574591394.194283,192.168.1.4,192.168.1.5,689305649,2260065233,12824,1,34707
60,1574591394.207307,192.168.1.5,192.168.1.4,712551613,2509616345,343,0,34364
61,1574591394.207662,192.168.1.4,192.168.1.5,2509616345,712551956,99,1,34463
62,1574591394.208085,192.168.1.5,192.168.1.4,712551956,2509616444,382,0,34081
63,1574591394.210282,192.168.1.5,192.168.1.4,949306087,3291526526,343,0,33738
64,1574591394.212617,192.168.1.5,192.168.1.4,3075999072,1803067771,343,0,33395
65,1574591394.214262,192.168.1.4,192.168.1.5,3291526526,949306430,99,1,33494
66,1574591394.214542,192.168.1.5,192.168.1.4,949306430,3291526625,382,0,33112
67,1574591394.215833,192.168.1.5,192.168.1.4,1708340736,1563983370,343,0,32769
68,1574591394.219141,192.168.1.5,192.168.1.4,358850394,3403205223,343,0,32426
69,1574591394.219328,192.168.1.4,192.168.1.5,1803067771,3075999415,99,1,32525
70,1574591394.219956,192.168.1.5,192.168.1.4,3075999415,1803067870,382,0,32143
71,1574591394.225578,192.168.1.5,192.168.1.4,2578353034,833947475,343,0,31800
72,1574591394.225859,192.168.1.4,192.168.1.5,3403205223,358850737,99,1,31899
73,1574591394.226482,192.168.1.4,192.168.1.5,1563983370,1708341079,99,1,31998
74,1574591394.226914,192.168.1.4,192.168.1.5,833947475,2578353377,99,1,32097
75,1574591394.227045,192.168.1.5,192.168.1.4,1708341079,1563983469,382,0,31715
76,1574591394.22727,192.168.1.5,192.168.1.4,358850737,3403205322,382,0,31333
77,1574591394.22749,192.168.1.5,192.168.1.4,2578353377,833947574,382,0,30951
78,1574591394.234894,192.168.1.5,192.168.1.4,3921090555,3088001133,343,0,30608
79,1574591394.245222,192.168.1.4,192.168.1.5,2509616444,712552338,2266,1,32874
80,1574591394.245831,192.168.1.4,192.168.1.5,3088001133,3921090898,99,1,32973
81,1574591394.246256,192.168.1.5,192.168.1.4,712552338,2509618710,74,0,32899
82,1574591394.246442,192.168.1.5,192.168.1.4,712552412,2509618710,245,0,32654
83,1574591394.246988,192.168.1.5,192.168.1.4,3921090898,3088001232,382,0,32272
84,1574591394.259326,192.168.1.4,192.168.1.5,1803067870,3075999797,2266,1,34538
85,1574591394.259476,192.168.1.4,192.168.1.5,2509618710,712552657,79,1,34617
86,1574591394.259586,192.168.1.4,192.168.1.5,2509618789,712552657,79,1,34696
87,1574591394.260303,192.168.1.5,192.168.1.4,3075999797,1803070136,74,0,34622
88,1574591394.260454,192.168.1.5,192.168.1.4,3075999871,1803070136,245,0,34377
89,1574591394.266543,192.168.1.4,192.168.1.5,3291526625,949306812,2266,1,36643
90,1574591394.2674,192.168.1.5,192.168.1.4,949306812,3291528891,74,0,36569
91,1574591394.267559,192.168.1.5,192.168.1.4,949306886,3291528891,245,0,36324
92,1574591394.273189,192.168.1.4,192.168.1.5,3088001232,3921091280,2266,1,38590
93,1574591394.274072,192.168.1.5,192.168.1.4,3921091280,3088003498,74,0,38516
94,1574591394.274183,192.168.1.5,192.168.1.4,3921091354,3088003498,231,0,38285
95,1574591394.277116,192.168.1.4,192.168.1.5,3403205322,358851119,2266,1,40551
96,1574591394.277986,192.168.1.5,192.168.1.4,358851119,3403207588,74,0,40477
97,1574591394.278097,192.168.1.5,192.168.1.4,358851193,3403207588,245,0,40232
98,1574591394.280077,192.168.1.4,192.168.1.5,1563983469,1708341461,2266,1,42498
99,1574591394.282751,192.168.1.5,192.168.1.4,1708341461,1563985735,74,0,42424
100,1574591394.282909,192.168.1.5,192.168.1.4,3075999871,1803070136,245,0,42179
101,1574591394.283107,192.168.1.5,192.168.1.4,1708341535,1563985735,245,0,41934
102,1574591394.283334,192.168.1.4,192.168.1.5,3291528891,949307131,79,1,42013
103,1574591394.283411,192.168.1.4,192.168.1.5,3291528970,949307131,79,1,42092
104,1574591394.284613,192.168.1.4,192.168.1.5,1803070136,3076000116,79,1,42171
105,1574591394.284636,192.168.1.4,192.168.1.5,1803070215,3076000116,79,1,42250
106,1574591394.285755,192.168.1.4,192.168.1.5,3403207588,358851438,79,1,42329
107,1574591394.285774,192.168.1.4,192.168.1.5,3403207667,358851438,79,1,42408
108,1574591394.286262,192.168.1.4,192.168.1.5,1563985735,1708341780,79,1,42487
109,1574591394.28681,192.168.1.4,192.168.1.5,1563985814,1708341780,79,1,42566
110,1574591394.28782,192.168.1.4,192.168.1.5,833947574,2578353759,2266,1,44832
111,1574591394.288085,192.168.1.4,192.168.1.5,3088003498,3921091585,79,1,44911
112,1574591394.288192,192.168.1.4,192.168.1.5,3088003577,3921091585,79,1,44990
113,1574591394.289281,192.168.1.5,192.168.1.4,2578353759,833949840,74,0,44916
114,1574591394.289426,192.168.1.5,192.168.1.4,2578353833,833949840,245,0,44671
115,1574591394.289848,192.168.1.4,192.168.1.5,833949840,2578354078,79,1,44750
116,1574591394.289943,192.168.1.4,192.168.1.5,833949919,2578354078,79,1,44829
117,1574591396.115284,192.168.1.4,192.168.1.5,3403207746,358851438,91,1,44920
118,1574591396.115308,192.168.1.4,192.168.1.5,3088003656,3921091585,91,1,45011
119,1574591396.11584,192.168.1.5,192.168.1.4,358851438,3403207837,539,0,44472
120,1574591396.115955,192.168.1.5,192.168.1.4,3921091585,3088003747,539,0,43933
121,1574591396.178782,192.168.1.4,192.168.1.5,3088003747,3921092124,2070,1,46003
122,1574591396.222216,192.168.1.4,192.168.1.5,3088005817,3921092124,750,1,46753
123,1574591396.301627,192.168.1.4,192.168.1.5,3403207837,358851977,1410,1,48163
124,1574591396.332821,192.168.1.4,192.168.1.5,3088006567,3921092124,391,1,48554
125,1574591396.335322,192.168.1.5,192.168.1.4,3921092124,3088006958,86,0,48468
126,1574591396.341487,192.168.1.5,192.168.1.4,3921092210,3088006958,108,0,48360
127,1574591396.342871,192.168.1.5,192.168.1.4,3921092318,3088006958,295,0,48065
128,1574591396.389521,192.168.1.4,192.168.1.5,3088006958,3921092613,200,1,48265
129,1574591396.447819,192.168.1.4,192.168.1.5,3403209247,358851977,1410,1,49675
130,1574591396.458974,192.168.1.4,192.168.1.5,3088007158,3921092613,1131,1,50806
131,1574591396.46133,192.168.1.5,192.168.1.4,3921092613,3088008289,53,0,50753
132,1574591396.482381,192.168.1.4,192.168.1.5,3403210657,358851977,391,1,51144
133,1574591396.484194,192.168.1.5,192.168.1.4,358851977,3403211048,86,0,51058
134,1574591396.486721,192.168.1.5,192.168.1.4,358852063,3403211048,108,0,50950
135,1574591396.487157,192.168.1.5,192.168.1.4,712552657,2509618868,24,0,50926
136,1574591396.487323,192.168.1.5,192.168.1.4,949307131,3291529049,24,0,50902
137,1574591396.487503,192.168.1.5,192.168.1.4,3076000116,1803070294,24,0,50878
138,1574591396.487664,192.168.1.5,192.168.1.4,1708341780,1563985893,24,0,50854
139,1574591396.487839,192.168.1.5,192.168.1.4,2578354078,833949998,24,0,50830
140,1574591396.510679,192.168.1.5,192.168.1.4,358852171,3403211048,338,0,50492
141,1574591396.511015,192.168.1.5,192.168.1.4,358852509,3403211048,122,0,50370
142,1574591396.511404,192.168.1.5,192.168.1.4,358852631,3403211048,122,0,50248
143,1574591396.511564,192.168.1.5,192.168.1.4,358852753,3403211048,122,0,50126
144,1574591396.512027,192.168.1.5,192.168.1.4,358852875,3403211048,122,0,50004
145,1574591396.512172,192.168.1.5,192.168.1.4,358852997,3403211048,121,0,49883
146,1574591396.512355,192.168.1.5,192.168.1.4,358853118,3403211048,121,0,49762
147,1574591396.512527,192.168.1.5,192.168.1.4,358853239,3403211048,121,0,49641
148,1574591396.512784,192.168.1.5,192.168.1.4,358853360,3403211048,122,0,49519
149,1574591396.512986,192.168.1.5,192.168.1.4,358853482,3403211048,121,0,49398
150,1574591396.513238,192.168.1.5,192.168.1.4,358853603,3403211048,120,0,49278
151,1574591396.536485,192.168.1.4,192.168.1.5,3403211048,358853723,274,1,49552
152,1574591396.536796,192.168.1.5,192.168.1.4,358853723,3403211322,53,0,49499
153,1574591396.56816,192.168.1.4,192.168.1.5,3403211322,358853776,2070,1,51569
154,1574591396.611323,192.168.1.4,192.168.1.5,3403213392,358853776,9062,1,60631
155,1574591396.654505,192.168.1.4,192.168.1.5,3403222454,358853776,5574,1,66205
156,1574591396.659968,192.168.1.4,192.168.1.5,3403228028,358853776,2070,1,68275
157,1574591396.660009,192.168.1.4,192.168.1.5,3403230098,358853776,750,1,69025
158,1574591396.662652,192.168.1.4,192.168.1.5,3403230848,358853776,2070,1,71095
159,1574591396.662692,192.168.1.4,192.168.1.5,3403232918,358853776,750,1,71845
160,1574591396.680423,192.168.1.4,192.168.1.5,3403233668,358853776,2070,1,73915
161,1574591396.680513,192.168.1.4,192.168.1.5,1563985893,1708341804,91,1,74006
162,1574591396.680522,192.168.1.4,192.168.1.5,2509618868,712552681,91,1,74097
163,1574591396.680529,192.168.1.4,192.168.1.5,3291529049,949307155,91,1,74188
164,1574591396.680535,192.168.1.4,192.168.1.5,1803070294,3076000140,91,1,74279
165,1574591396.680541,192.168.1.4,192.168.1.5,833949998,2578354102,91,1,74370
166,1574591396.680547,192.168.1.4,192.168.1.5,3291529140,949307155,24,1,74394
167,1574591396.681572,192.168.1.4,192.168.1.5,833950089,2578354102,24,1,74418
168,1574591396.68235,192.168.1.4,192.168.1.5,1803070385,3076000140,24,1,74442
169,1574591396.683261,192.168.1.4,192.168.1.5,2509618959,712552682,24,1,74466
170,1574591396.684626,192.168.1.4,192.168.1.5,1563985984,1708341805,24,1,74490
171,1574591396.686503,192.168.1.4,192.168.1.5,3403235738,358853776,750,1,75240
172,1574591396.688577,192.168.1.4,192.168.1.5,3403236488,358853776,2070,1,77310
173,1574591396.688631,192.168.1.4,192.168.1.5,3403238558,358853776,750,1,78060
174,1574591396.702249,192.168.1.4,192.168.1.5,3403239308,358853776,2070,1,80130
175,1574591396.702309,192.168.1.4,192.168.1.5,3403241378,358853776,750,1,80880
176,1574591396.712125,192.168.1.4,192.168.1.5,3403242128,358853776,2798,1,83678
177,1574591396.722349,192.168.1.4,192.168.1.5,3403244926,358853776,1410,1,85088
178,1574591396.723597,192.168.1.4,192.168.1.5,3403246336,358853776,2798,1,87886
179,1574591396.734211,192.168.1.4,192.168.1.5,3403249134,358853776,1318,1,89204
180,1574591396.738098,192.168.1.4,192.168.1.5,3403250452,358853776,1410,1,90614
181,1574591396.742315,192.168.1.4,192.168.1.5,3403251862,358853776,79,1,90693
182,1574591396.754444,192.168.1.4,192.168.1.5,3403251941,358853776,2798,1,93491
183,1574591396.761868,192.168.1.4,192.168.1.5,3403254739,358853776,2798,1,96289
184,1574591396.773576,192.168.1.4,192.168.1.5,3403257537,358853776,2798,1,99087
185,1574591396.779276,192.168.1.4,192.168.1.5,3403260335,358853776,2798,1,101885
186,1574591396.791073,192.168.1.4,192.168.1.5,3403263133,358853776,2798,1,104683
187,1574591396.797824,192.168.1.4,192.168.1.5,3403265931,358853776,2798,1,107481
188,1574591396.801772,192.168.1.4,192.168.1.5,3403268729,358853776,1410,1,108891
189,1574591396.809429,192.168.1.4,192.168.1.5,3403270139,358853776,2798,1,111689
190,1574591396.817577,192.168.1.4,192.168.1.5,3403272937,358853776,2178,1,113867
191,1574591396.819242,192.168.1.4,192.168.1.5,3403275115,358853776,1444,1,115311
192,1574591396.819261,192.168.1.4,192.168.1.5,3403276559,358853776,45,1,115356
193,1574591396.827137,192.168.1.4,192.168.1.5,3403276604,358853776,2798,1,118154
194,1574591396.83775,192.168.1.4,192.168.1.5,3403279402,358853776,50,1,118204
195,1574591396.841701,192.168.1.4,192.168.1.5,3403279452,358853776,1467,1,119671
196,1574591396.84698,192.168.1.4,192.168.1.5,3403280919,358853776,2798,1,122469
197,1574591396.856173,192.168.1.4,192.168.1.5,3403283717,358853776,2798,1,125267
198,1574591396.859645,192.168.1.4,192.168.1.5,3403286515,358853776,1410,1,126677
199,1574591396.863168,192.168.1.4,192.168.1.5,3403287925,358853776,2798,1,129475
200,1574591396.872417,192.168.1.4,192.168.1.5,3403290723,358853776,2798,1,132273
201,1574591396.875376,192.168.1.4,192.168.1.5,3403293521,358853776,1761,1,134034
202,1574591396.884603,192.168.1.4,192.168.1.5,3403295282,358853776,1467,1,135501
203,1574591396.890396,192.168.1.4,192.168.1.5,3403296749,358853776,3188,1,138689
204,1574591396.899085,192.168.1.4,192.168.1.5,3403299937,358853776,1467,1,140156
205,1574591396.901879,192.168.1.4,192.168.1.5,3403301404,358853776,2798,1,142954
206,1574591396.909936,192.168.1.4,192.168.1.5,3403304202,358853776,2798,1,145752
207,1574591396.912607,192.168.1.4,192.168.1.5,3403307000,358853776,2798,1,148550
208,1574591396.918735,192.168.1.4,192.168.1.5,3403309798,358853776,1410,1,149960
209,1574591396.918899,192.168.1.4,192.168.1.5,3403311208,358853776,1410,1,151370
210,1574591396.962242,192.168.1.4,192.168.1.5,3403312618,358853776,16406,1,167776
211,1574591396.962282,192.168.1.4,192.168.1.5,3403329024,358853776,3222,1,170998
212,1574591397.006206,192.168.1.4,192.168.1.5,3403332246,358853776,16406,1,187404
213,1574591397.006305,192.168.1.4,192.168.1.5,3403348652,358853776,5906,1,193310
214,1574591397.050767,192.168.1.4,192.168.1.5,3403354558,358853776,16406,1,209716
215,1574591397.050929,192.168.1.4,192.168.1.5,3403370964,358853776,5903,1,215619
216,1574591397.052836,192.168.1.4,192.168.1.5,3403376867,358853776,8350,1,223969
217,1574591397.055942,192.168.1.4,192.168.1.5,3403385217,358853776,2798,1,226767
218,1574591397.060063,192.168.1.4,192.168.1.5,3403388015,358853776,2798,1,229565
219,1574591397.062542,192.168.1.4,192.168.1.5,3403390813,358853776,1410,1,230975
220,1574591397.066154,192.168.1.4,192.168.1.5,3403392223,358853776,2798,1,233773
221,1574591397.072364,192.168.1.4,192.168.1.5,3403395021,358853776,2798,1,236571
222,1574591397.072869,192.168.1.4,192.168.1.5,3403397819,358853776,2798,1,239369
223,1574591397.080334,192.168.1.4,192.168.1.5,3403400617,358853776,5574,1,244943
224,1574591397.083364,192.168.1.4,192.168.1.5,3403406191,358853776,2798,1,247741
225,1574591397.088741,192.168.1.4,192.168.1.5,3403408989,358853776,2798,1,250539
226,1574591397.091736,192.168.1.4,192.168.1.5,3403411787,358853776,5574,1,256113
227,1574591397.092488,192.168.1.4,192.168.1.5,3403417361,358853776,2798,1,258911
228,1574591397.100101,192.168.1.4,192.168.1.5,3403420159,358853776,1410,1,260321
229,1574591397.100813,192.168.1.4,192.168.1.5,3403421569,358853776,2798,1,263119
230,1574591397.105398,192.168.1.4,192.168.1.5,3403424367,358853776,2798,1,265917
231,1574591397.107942,192.168.1.4,192.168.1.5,3403427165,358853776,2798,1,268715
232,1574591397.111195,192.168.1.4,192.168.1.5,3403429963,358853776,2798,1,271513
233,1574591397.116775,192.168.1.4,192.168.1.5,3403432761,358853776,5602,1,277115
234,1574591397.122057,192.168.1.4,192.168.1.5,3403438363,358853776,1444,1,278559
235,1574591397.274364,192.168.1.5,192.168.1.4,358853776,3403439807,124,0,278435
236,1574591397.275849,192.168.1.5,192.168.1.4,358853900,3403439807,125,0,278310
237,1574591397.277893,192.168.1.5,192.168.1.4,358854025,3403439807,124,0,278186
238,1574591397.27977,192.168.1.5,192.168.1.4,358854149,3403439807,124,0,278062
239,1574591397.284059,192.168.1.5,192.168.1.4,358854273,3403439807,115,0,277947
240,1574591397.288622,192.168.1.5,192.168.1.4,358854388,3403439807,124,0,277823
241,1574591397.2939,192.168.1.4,192.168.1.5,3403439807,358854512,7223,1,285046
242,1574591397.295895,192.168.1.4,192.168.1.5,3403447030,358854512,9738,1,294784
243,1574591397.297606,192.168.1.4,192.168.1.5,3403456768,358854512,1410,1,296194
244,1574591397.298551,192.168.1.5,192.168.1.4,358854512,3403458178,125,0,296069
245,1574591397.307582,192.168.1.5,192.168.1.4,358854637,3403458178,125,0,295944
246,1574591397.310508,192.168.1.5,192.168.1.4,358854762,3403458178,124,0,295820
247,1574591397.314689,192.168.1.4,192.168.1.5,3403458178,358854886,2070,1,297890
248,1574591397.3153,192.168.1.5,192.168.1.4,358854886,3403460248,116,0,297774
249,1574591397.315629,192.168.1.4,192.168.1.5,3403460248,358855002,5869,1,303643
250,1574591397.325993,192.168.1.5,192.168.1.4,358855002,3403466117,116,0,303527
251,1574591397.326363,192.168.1.4,192.168.1.5,3403466117,358855118,10022,1,313549
252,1574591397.355821,192.168.1.5,192.168.1.4,358855118,3403476139,124,0,313425
253,1574591397.356301,192.168.1.4,192.168.1.5,3403476139,358855242,11584,1,325009
254,1574591397.356721,192.168.1.4,192.168.1.5,3403487723,358855242,4822,1,329831
255,1574591397.356741,192.168.1.4,192.168.1.5,3403492545,358855242,9728,1,339559
256,1574591397.387707,192.168.1.4,192.168.1.5,3403502273,358855242,16406,1,355965
257,1574591397.387946,192.168.1.4,192.168.1.5,3403518679,358855242,16406,1,372371
258,1574591397.387984,192.168.1.4,192.168.1.5,3403535085,358855242,91,1,372462
259,1574591397.410361,192.168.1.5,192.168.1.4,358855242,3403535176,124,0,372338
260,1574591397.410652,192.168.1.5,192.168.1.4,358855366,3403535176,124,0,372214
261,1574591397.410755,192.168.1.5,192.168.1.4,358855490,3403535176,124,0,372090
262,1574591397.410856,192.168.1.5,192.168.1.4,358855614,3403535176,124,0,371966
263,1574591397.410947,192.168.1.5,192.168.1.4,358855738,3403535176,124,0,371842
264,1574591397.411071,192.168.1.4,192.168.1.5,3403535176,358855738,8688,1,380530
265,1574591397.411164,192.168.1.4,192.168.1.5,3403543864,358855738,7718,1,388248
266,1574591397.411226,192.168.1.4,192.168.1.5,3403551582,358855862,10738,1,398986
267,1574591397.411463,192.168.1.5,192.168.1.4,358855862,3403562320,124,0,398862
268,1574591397.411504,192.168.1.4,192.168.1.5,3403562320,358855862,2070,1,400932
269,1574591397.411705,192.168.1.4,192.168.1.5,3403564390,358855986,3526,1,404458
270,1574591397.416404,192.168.1.5,192.168.1.4,358855986,3403567916,123,0,404335
271,1574591397.417005,192.168.1.4,192.168.1.5,3403567916,358856109,5574,1,409909
272,1574591397.420668,192.168.1.5,192.168.1.4,358856109,3403573490,124,0,409785
273,1574591397.421453,192.168.1.4,192.168.1.5,3403573490,358856233,11126,1,420911
274,1574591397.42193,192.168.1.5,192.168.1.4,358856233,3403584616,124,0,420787
275,1574591397.422155,192.168.1.5,192.168.1.4,358856357,3403584616,124,0,420663
276,1574591397.422298,192.168.1.5,192.168.1.4,358856481,3403584616,124,0,420539
277,1574591397.422408,192.168.1.5,192.168.1.4,358856605,3403584616,124,0,420415
278,1574591397.422502,192.168.1.5,192.168.1.4,358856729,3403584616,116,0,420299
279,1574591397.422608,192.168.1.5,192.168.1.4,358856845,3403584616,115,0,420184
280,1574591397.422744,192.168.1.5,192.168.1.4,358856960,3403584616,115,0,420069
281,1574591397.424325,192.168.1.4,192.168.1.5,3403584616,358857075,2070,1,422139
282,1574591397.447476,192.168.1.5,192.168.1.4,358857075,3403586686,115,0,422024
283,1574591397.447707,192.168.1.5,192.168.1.4,358857190,3403586686,124,0,421900
284,1574591397.447847,192.168.1.5,192.168.1.4,358857314,3403586686,124,0,421776
285,1574591397.448002,192.168.1.5,192.168.1.4,358857438,3403586686,123,0,421653
286,1574591397.448143,192.168.1.5,192.168.1.4,358857561,3403586686,116,0,421537
287,1574591397.44855,192.168.1.4,192.168.1.5,3403586686,358857677,16406,1,437943
288,1574591397.449127,192.168.1.4,192.168.1.5,3403603092,358857677,7989,1,445932
289,1574591397.449143,192.168.1.4,192.168.1.5,3403611081,358857677,2070,1,448002
290,1574591397.490103,192.168.1.5,192.168.1.4,4218250068,812434632,343,0,447659
291,1574591397.490511,192.168.1.4,192.168.1.5,3403613151,358857677,16406,1,464065
292,1574591397.49068,192.168.1.4,192.168.1.5,3403629557,358857677,16406,1,480471
293,1574591397.490803,192.168.1.4,192.168.1.5,3403645963,358857677,16406,1,496877
294,1574591397.490949,192.168.1.4,192.168.1.5,3403662369,358857677,15638,1,512515
295,1574591397.491093,192.168.1.4,192.168.1.5,812434632,4218250411,99,1,512614
296,1574591397.491491,192.168.1.4,192.168.1.5,3403678007,358857677,2798,1,515412
297,1574591397.492028,192.168.1.5,192.168.1.4,4218250411,812434731,382,0,515030
298,1574591397.49453,192.168.1.4,192.168.1.5,3403680805,358857677,4186,1,519216
299,1574591397.496413,192.168.1.4,192.168.1.5,3403684991,358857677,4186,1,523402
300,1574591397.49915,192.168.1.4,192.168.1.5,3403689177,358857677,2798,1,526200
301,1574591397.499695,192.168.1.4,192.168.1.5,3403691975,358857677,1410,1,527610
302,1574591397.499922,192.168.1.4,192.168.1.5,3403693385,358857677,1410,1,529020
303,1574591397.510018,192.168.1.4,192.168.1.5,812434731,4218250793,2266,1,531286
304,1574591397.510877,192.168.1.5,192.168.1.4,4218250793,812436997,74,0,531212
305,1574591397.511048,192.168.1.5,192.168.1.4,4218250867,812436997,245,0,530967
306,1574591397.511335,192.168.1.4,192.168.1.5,812436997,4218251112,79,1,531046
307,1574591397.511436,192.168.1.4,192.168.1.5,812437076,4218251112,79,1,531125
308,1574591397.542186,192.168.1.4,192.168.1.5,3403694795,358857677,11584,1,542709
309,1574591397.542394,192.168.1.4,192.168.1.5,3403706379,358857677,4822,1,547531
310,1574591397.542433,192.168.1.4,192.168.1.5,3403711201,358857677,16406,1,563937
311,1574591397.542489,192.168.1.4,192.168.1.5,3403727607,358857677,16406,1,580343
312,1574591397.542521,192.168.1.4,192.168.1.5,3403744013,358857677,5555,1,585898
313,1574591397.582142,192.168.1.4,192.168.1.5,3403749568,358857677,16406,1,602304
314,1574591397.582241,192.168.1.4,192.168.1.5,3403765974,358857677,16406,1,618710
315,1574591397.582311,192.168.1.4,192.168.1.5,3403782380,358857677,16406,1,635116
316,1574591397.582494,192.168.1.4,192.168.1.5,3403798786,358857677,16406,1,651522
317,1574591397.582528,192.168.1.4,192.168.1.5,3403815192,358857677,2726,1,654248
318,1574591397.584476,192.168.1.4,192.168.1.5,3403817918,358857677,2798,1,657046
319,1574591397.5851,192.168.1.4,192.168.1.5,3403820716,358857677,2798,1,659844
320,1574591397.585873,192.168.1.4,192.168.1.5,3403823514,358857677,1410,1,661254
321,1574591397.586066,192.168.1.4,192.168.1.5,3403824924,358857677,1410,1,662664
322,1574591397.622647,192.168.1.4,192.168.1.5,3403826334,358857677,16406,1,679070
323,1574591397.622746,192.168.1.4,192.168.1.5,3403842740,358857677,16406,1,695476
324,1574591397.622784,192.168.1.4,192.168.1.5,3403859146,358857677,16406,1,711882
325,1574591397.62312,192.168.1.4,192.168.1.5,3403875552,358857677,16353,1,728235
326,1574591397.623264,192.168.1.4,192.168.1.5,3403891905,358857677,1232,1,729467
327,1574591397.62507,192.168.1.4,192.168.1.5,3403893137,358857677,2070,1,731537
328,1574591397.625116,192.168.1.4,192.168.1.5,3403895207,358857677,2070,1,733607
329,1574591397.658411,192.168.1.4,192.168.1.5,3403897277,358857677,16406,1,750013
330,1574591397.658488,192.168.1.4,192.168.1.5,3403913683,358857677,16406,1,766419
331,1574591397.658535,192.168.1.4,192.168.1.5,3403930089,358857677,16406,1,782825
332,1574591397.658833,192.168.1.4,192.168.1.5,3403946495,358857677,13032,1,795857
333,1574591397.658935,192.168.1.4,192.168.1.5,3403959527,358857677,4352,1,800209
334,1574591397.660061,192.168.1.4,192.168.1.5,3403963879,358857677,1467,1,801676
335,1574591397.660784,192.168.1.4,192.168.1.5,3403965346,358857677,2070,1,803746
336,1574591397.661053,192.168.1.4,192.168.1.5,3403967416,358857677,2070,1,805816
337,1574591397.661079,192.168.1.4,192.168.1.5,3403969486,358857677,1478,1,807294
338,1574591397.66315,192.168.1.4,192.168.1.5,3403970964,358857677,2070,1,809364
339,1574591397.663202,192.168.1.4,192.168.1.5,3403973034,358857677,2070,1,811434
340,1574591397.663384,192.168.1.4,192.168.1.5,3403975104,358857677,2070,1,813504
341,1574591397.663454,192.168.1.4,192.168.1.5,3403977174,358857677,2070,1,815574
342,1574591397.663513,192.168.1.4,192.168.1.5,3403979244,358857677,266,1,815840
343,1574591397.667657,192.168.1.4,192.168.1.5,3403979510,358857677,2070,1,817910
344,1574591397.667856,192.168.1.4,192.168.1.5,3403981580,358857677,2070,1,819980
345,1574591397.700124,192.168.1.4,192.168.1.5,3403983650,358857677,16406,1,836386
346,1574591397.700209,192.168.1.4,192.168.1.5,3404000056,358857677,16406,1,852792
347,1574591397.700271,192.168.1.4,192.168.1.5,3404016462,358857677,16406,1,869198
348,1574591397.700557,192.168.1.4,192.168.1.5,3404032868,358857677,18176,1,887374
349,1574591397.700797,192.168.1.4,192.168.1.5,3404051044,358857677,4140,1,891514
350,1574591397.724247,192.168.1.4,192.168.1.5,3404055184,358857677,16406,1,907920
351,1574591397.724361,192.168.1.4,192.168.1.5,3404071590,358857677,16406,1,924326
352,1574591397.724419,192.168.1.4,192.168.1.5,3404087996,358857677,16406,1,940732
353,1574591397.724445,192.168.1.4,192.168.1.5,3404104402,358857677,16353,1,957085
354,1574591397.724729,192.168.1.4,192.168.1.5,3404120755,358857677,3459,1,960544
355,1574591397.725021,192.168.1.4,192.168.1.5,3404124214,358857677,2070,1,962614
356,1574591397.725469,192.168.1.4,192.168.1.5,3404126284,358857677,750,1,963364
357,1574591397.725794,192.168.1.4,192.168.1.5,3404127034,358857677,2070,1,965434
358,1574591397.726032,192.168.1.4,192.168.1.5,3404129104,358857677,750,1,966184
359,1574591397.7286,192.168.1.4,192.168.1.5,3404129854,358857677,2070,1,968254
360,1574591397.728655,192.168.1.4,192.168.1.5,3404131924,358857677,2070,1,970324
361,1574591397.766867,192.168.1.4,192.168.1.5,3404133994,358857677,16406,1,986730
362,1574591397.766955,192.168.1.4,192.168.1.5,3404150400,358857677,16406,1,1003136
363,1574591397.767102,192.168.1.4,192.168.1.5,3404166806,358857677,14480,1,1017616
364,1574591397.767243,192.168.1.4,192.168.1.5,3404181286,358857677,7240,1,1024856
365,1574591397.76735,192.168.1.4,192.168.1.5,3404188526,358857677,11039,1,1035895
366,1574591397.767595,192.168.1.4,192.168.1.5,3404199565,358857677,1095,1,1036990
367,1574591397.767698,192.168.1.4,192.168.1.5,3404200660,358857677,2070,1,1039060
368,1574591397.767912,192.168.1.4,192.168.1.5,3404202730,358857677,2070,1,1041130
369,1574591397.810201,192.168.1.4,192.168.1.5,3404204800,358857677,14480,1,1055610
370,1574591397.810399,192.168.1.4,192.168.1.5,3404219280,358857677,1926,1,1057536
371,1574591397.810433,192.168.1.4,192.168.1.5,3404221206,358857677,16406,1,1073942
372,1574591397.810473,192.168.1.4,192.168.1.5,3404237612,358857677,11874,1,1085816
373,1574591397.838189,192.168.1.5,192.168.1.4,2775327815,3289919443,343,0,1085473
374,1574591397.839357,192.168.1.4,192.168.1.5,3289919443,2775328158,99,1,1085572
375,1574591397.839726,192.168.1.5,192.168.1.4,2775328158,3289919542,382,0,1085190
376,1574591397.851371,192.168.1.4,192.168.1.5,3289919542,2775328540,2266,1,1087456
377,1574591397.852202,192.168.1.5,192.168.1.4,2775328540,3289921808,74,0,1087382
378,1574591397.852329,192.168.1.5,192.168.1.4,2775328614,3289921808,245,0,1087137
379,1574591397.852492,192.168.1.4,192.168.1.5,3289921808,2775328859,79,1,1087216
380,1574591397.85255,192.168.1.4,192.168.1.5,3289921887,2775328859,79,1,1087295
381,1574591397.854149,192.168.1.4,192.168.1.5,3404249486,358857677,14480,1,1101775
382,1574591397.854343,192.168.1.4,192.168.1.5,3404263966,358857677,1926,1,1103701
383,1574591397.854376,192.168.1.4,192.168.1.5,3404265892,358857677,16406,1,1120107
384,1574591397.854417,192.168.1.4,192.168.1.5,3404282298,358857677,16406,1,1136513
385,1574591397.85443,192.168.1.4,192.168.1.5,3404298704,358857677,666,1,1137179
386,1574591397.898244,192.168.1.4,192.168.1.5,3404299370,358857677,16406,1,1153585
387,1574591397.898342,192.168.1.4,192.168.1.5,3404315776,358857677,16406,1,1169991
388,1574591397.898395,192.168.1.4,192.168.1.5,3404332182,358857677,16406,1,1186397
389,1574591397.898532,192.168.1.4,192.168.1.5,3404348588,358857677,10957,1,1197354
390,1574591397.942312,192.168.1.4,192.168.1.5,3404359545,358857677,16406,1,1213760
391,1574591397.942424,192.168.1.4,192.168.1.5,3404375951,358857677,16406,1,1230166
392,1574591397.942475,192.168.1.4,192.168.1.5,3404392357,358857677,16406,1,1246572
393,1574591397.942559,192.168.1.4,192.168.1.5,3404408763,358857677,12682,1,1259254
394,1574591397.980693,192.168.1.4,192.168.1.5,3404421445,358857677,16406,1,1275660
395,1574591397.98108,192.168.1.4,192.168.1.5,3404437851,358857677,16406,1,1292066
396,1574591397.981249,192.168.1.4,192.168.1.5,3404454257,358857677,16406,1,1308472
397,1574591397.981304,192.168.1.4,192.168.1.5,3404470663,358857677,16353,1,1324825
398,1574591397.982519,192.168.1.4,192.168.1.5,3404487016,358857677,5988,1,1330813
399,1574591398.023368,192.168.1.4,192.168.1.5,3404493004,358857677,16406,1,1347219
400,1574591398.023522,192.168.1.4,192.168.1.5,3404509410,358857677,16406,1,1363625
401,1574591398.023544,192.168.1.4,192.168.1.5,3404525816,358857677,10543,1,1374168
402,1574591398.351097,192.168.1.4,192.168.1.5,812437155,4218251112,91,1,1374259
403,1574591398.356997,192.168.1.5,192.168.1.4,4218251112,812437246,539,0,1373720
404,1574591398.380815,192.168.1.4,192.168.1.5,812437246,4218251651,1410,1,1375130
405,1574591398.422425,192.168.1.4,192.168.1.5,812438656,4218251651,1780,1,1376910
406,1574591398.423581,192.168.1.5,192.168.1.4,4218251651,812440436,86,0,1376824
407,1574591398.426285,192.168.1.5,192.168.1.4,4218251737,812440436,108,0,1376716
408,1574591398.426905,192.168.1.5,192.168.1.4,2775328859,3289921966,24,0,1376692
409,1574591398.428089,192.168.1.5,192.168.1.4,4218251845,812440436,356,0,1376336
410,1574591398.428262,192.168.1.5,192.168.1.4,4218252201,812440436,101,0,1376235
411,1574591398.444183,192.168.1.4,192.168.1.5,812440436,4218252302,274,1,1376509
412,1574591398.446949,192.168.1.5,192.168.1.4,4218252302,812440710,53,0,1376456
413,1574591398.448705,192.168.1.4,192.168.1.5,812440710,4218252355,634,1,1377090
414,1574591398.454215,192.168.1.4,192.168.1.5,812441344,4218252355,11584,1,1388674
415,1574591398.454398,192.168.1.4,192.168.1.5,812452928,4218252355,1448,1,1390122
416,1574591398.454476,192.168.1.4,192.168.1.5,812454376,4218252355,11584,1,1401706
417,1574591398.454585,192.168.1.4,192.168.1.5,812465960,4218252355,5792,1,1407498
418,1574591398.454651,192.168.1.4,192.168.1.5,812471752,4218252355,3449,1,1410947
419,1574591398.498189,192.168.1.4,192.168.1.5,812475201,4218252355,305,1,1411252
420,1574591398.673681,192.168.1.4,192.168.1.5,3289921966,2775328883,91,1,1411343
421,1574591398.673945,192.168.1.4,192.168.1.5,3289922057,2775328883,24,1,1411367
422,1574591399.233274,192.168.1.5,192.168.1.4,1098420375,213189962,343,0,1411024
423,1574591399.233652,192.168.1.4,192.168.1.5,213189962,1098420718,99,1,1411123
424,1574591399.234032,192.168.1.5,192.168.1.4,1098420718,213190061,382,0,1410741
425,1574591399.243569,192.168.1.4,192.168.1.5,213190061,1098421100,2266,1,1413007
426,1574591399.244427,192.168.1.5,192.168.1.4,1098421100,213192327,74,0,1412933
427,1574591399.24455,192.168.1.5,192.168.1.4,1098421174,213192327,247,0,1412686
428,1574591399.244804,192.168.1.4,192.168.1.5,213192327,1098421421,79,1,1412765
429,1574591399.246778,192.168.1.4,192.168.1.5,213192406,1098421421,79,1,1412844
430,1574591399.307615,192.168.1.5,192.168.1.4,4218252355,812475506,166,0,1412678
431,1574591399.310816,192.168.1.5,192.168.1.4,4218252521,812475506,166,0,1412512
432,1574591399.314944,192.168.1.5,192.168.1.4,4218252687,812475506,167,0,1412345
433,1574591399.332594,192.168.1.5,192.168.1.4,4218252854,812475506,58,0,1412287
434,1574591399.334225,192.168.1.5,192.168.1.4,4218252912,812475506,58,0,1412229
435,1574591399.337147,192.168.1.4,192.168.1.5,812475506,4218252970,4118,1,1416347
436,1574591399.341211,192.168.1.5,192.168.1.4,2260065233,689318473,197,0,1416150
437,1574591399.343116,192.168.1.5,192.168.1.4,2260065430,689318473,108,0,1416042
438,1574591399.362057,192.168.1.4,192.168.1.5,689318473,2260065538,1445,1,1417487
439,1574591399.362887,192.168.1.4,192.168.1.5,689319918,2260065538,4118,1,1421605
440,1574591399.373684,192.168.1.5,192.168.1.4,358857677,3404536359,124,0,1421481
441,1574591399.376267,192.168.1.5,192.168.1.4,358857801,3404536359,123,0,1421358
442,1574591399.378266,192.168.1.4,192.168.1.5,812479624,4218252970,6616,1,1427974
443,1574591399.386273,192.168.1.5,192.168.1.4,358857924,3404536359,116,0,1427858
444,1574591399.38874,192.168.1.5,192.168.1.4,358858040,3404536359,116,0,1427742
445,1574591399.392784,192.168.1.5,192.168.1.4,358858156,3404536359,116,0,1427626
446,1574591399.39836,192.168.1.5,192.168.1.4,358858272,3404536359,116,0,1427510
447,1574591399.39862,192.168.1.4,192.168.1.5,3404536359,358858272,1656,1,1429166
448,1574591399.399509,192.168.1.4,192.168.1.5,3404538015,358858388,2070,1,1431236
449,1574591399.402945,192.168.1.5,192.168.1.4,358858388,3404540085,116,0,1431120
450,1574591399.403719,192.168.1.4,192.168.1.5,3404540085,358858504,14480,1,1445600
451,1574591399.403922,192.168.1.4,192.168.1.5,3404554565,358858504,3081,1,1448681
452,1574591399.4062,192.168.1.4,192.168.1.5,689324036,2260065538,6321,1,1455002
453,1574591399.417104,192.168.1.5,192.168.1.4,358858504,3404557646,124,0,1454878
454,1574591399.417746,192.168.1.4,192.168.1.5,3404557646,358858628,16406,1,1471284
455,1574591399.41829,192.168.1.4,192.168.1.5,3404574052,358858628,79,1,1471363
456,1574591399.458288,192.168.1.4,192.168.1.5,3404574131,358858628,15078,1,1486441
457,1574591399.775256,192.168.1.5,192.168.1.4,4218252970,812486240,121,0,1486320
458,1574591399.814674,192.168.1.4,192.168.1.5,812486240,4218253091,339,1,1486659
459,1574591401.020335,192.168.1.4,192.168.1.5,213192485,1098421421,91,1,1486750
460,1574591401.020796,192.168.1.5,192.168.1.4,1098421421,213192576,539,0,1486211
461,1574591401.073583,192.168.1.4,192.168.1.5,213192576,1098421960,2070,1,1488281
462,1574591401.114275,192.168.1.4,192.168.1.5,213194646,1098421960,1120,1,1489401
463,1574591401.116656,192.168.1.5,192.168.1.4,1098421960,213195766,86,0,1489315
464,1574591401.117135,192.168.1.5,192.168.1.4,1098422046,213195766,108,0,1489207
465,1574591401.117606,192.168.1.5,192.168.1.4,1098422154,213195766,271,0,1488936
466,1574591401.215076,192.168.1.4,192.168.1.5,213195766,1098422425,2070,1,1491006
467,1574591401.216151,192.168.1.5,192.168.1.4,1098422425,213197836,53,0,1490953
468,1574591401.216535,192.168.1.4,192.168.1.5,213197836,1098422478,7240,1,1498193
469,1574591401.216694,192.168.1.4,192.168.1.5,213205076,1098422478,7240,1,1505433
470,1574591401.21678,192.168.1.4,192.168.1.5,213212316,1098422478,8160,1,1513593
471,1574591401.258169,192.168.1.4,192.168.1.5,213220476,1098422478,3318,1,1516911
472,1574591401.284706,192.168.1.5,192.168.1.4,1098422478,213223794,112,0,1516799
473,1574591401.315013,192.168.1.4,192.168.1.5,213223794,1098422590,2070,1,1518869
474,1574591401.327679,192.168.1.4,192.168.1.5,213225864,1098422590,16406,1,1535275
475,1574591401.327772,192.168.1.4,192.168.1.5,213242270,1098422590,2896,1,1538171
476,1574591401.327957,192.168.1.4,192.168.1.5,213245166,1098422590,13510,1,1551681
477,1574591401.327986,192.168.1.4,192.168.1.5,213258676,1098422590,158,1,1551839
478,1574591401.361656,192.168.1.4,192.168.1.5,213258834,1098422590,16406,1,1568245
479,1574591401.361897,192.168.1.4,192.168.1.5,213275240,1098422590,16406,1,1584651
480,1574591401.362271,192.168.1.4,192.168.1.5,213291646,1098422590,866,1,1585517
481,1574591401.406297,192.168.1.4,192.168.1.5,213292512,1098422590,16406,1,1601923
482,1574591401.406345,192.168.1.4,192.168.1.5,213308918,1098422590,3122,1,1605045
483,1574591401.460391,192.168.1.5,192.168.1.4,1098422590,213312040,111,0,1604934
484,1574591401.501645,192.168.1.4,192.168.1.5,213312040,1098422701,2070,1,1607004
485,1574591401.502079,192.168.1.4,192.168.1.5,213314110,1098422701,2070,1,1609074
486,1574591401.507437,192.168.1.4,192.168.1.5,213316180,1098422701,11584,1,1620658
487,1574591401.507608,192.168.1.4,192.168.1.5,213327764,1098422701,4822,1,1625480
488,1574591401.507748,192.168.1.4,192.168.1.5,213332586,1098422701,16406,1,1641886
489,1574591401.507847,192.168.1.4,192.168.1.5,213348992,1098422701,1990,1,1643876
490,1574591401.507939,192.168.1.4,192.168.1.5,213350982,1098422701,2070,1,1645946
491,1574591401.508038,192.168.1.4,192.168.1.5,213353052,1098422701,2070,1,1648016
492,1574591401.515765,192.168.1.4,192.168.1.5,213355122,1098422701,14480,1,1662496
493,1574591401.516018,192.168.1.4,192.168.1.5,213369602,1098422701,1926,1,1664422
494,1574591401.516065,192.168.1.4,192.168.1.5,213371528,1098422701,16406,1,1680828
495,1574591401.516207,192.168.1.4,192.168.1.5,213387934,1098422701,110,1,1680938
496,1574591401.516323,192.168.1.4,192.168.1.5,213388044,1098422701,750,1,1681688
497,1574591401.516495,192.168.1.4,192.168.1.5,213388794,1098422701,2070,1,1683758
498,1574591401.516618,192.168.1.4,192.168.1.5,213390864,1098422701,2070,1,1685828
