index,time,src_ip,dst_ip,tcp_seq,tcp_ack,tcp_len,direction,cumul_sum
1,1574591804.05687,192.168.1.4,192.168.1.5,815636579,1141669976,91,1,91
2,1574591804.056904,192.168.1.4,192.168.1.5,815636670,1141669976,24,1,115
3,1574591804.600901,192.168.1.4,192.168.1.5,863546376,3487528636,91,1,206
4,1574591804.601218,192.168.1.4,192.168.1.5,863546467,3487528636,24,1,230
5,1574591804.844703,192.168.1.4,192.168.1.5,242375702,3491882439,91,1,321
6,1574591804.845065,192.168.1.4,192.168.1.5,242375793,3491882439,24,1,345
7,1574591805.07894,192.168.1.4,192.168.1.5,578831370,4085897503,91,1,436
8,1574591805.079079,192.168.1.4,192.168.1.5,578831461,4085897503,24,1,460
9,1574591805.201482,192.168.1.4,192.168.1.5,3786528803,3192524507,91,1,551
10,1574591805.201537,192.168.1.4,192.168.1.5,3786528894,3192524507,24,1,575
11,1574591806.788032,192.168.1.5,192.168.1.4,1193771674,1858248905,343,0,232
12,1574591806.788981,192.168.1.4,192.168.1.5,1858248905,1193772017,99,1,331
13,1574591806.789581,192.168.1.5,192.168.1.4,1193772017,1858249004,382,0,-51
14,1574591806.804106,192.168.1.4,192.168.1.5,1858249004,1193772399,2266,1,2215
15,1574591806.805047,192.168.1.5,192.168.1.4,1193772399,1858251270,74,0,2141
16,1574591806.805228,192.168.1.5,192.168.1.4,1193772473,1858251270,245,0,1896
17,1574591806.805485,192.168.1.4,192.168.1.5,1858251270,1193772718,79,1,1975
18,1574591806.805566,192.168.1.4,192.168.1.5,1858251349,1193772718,79,1,2054
19,1574591806.950767,192.168.1.5,192.168.1.4,3625021751,323925242,343,0,1711
20,1574591806.951227,192.168.1.4,192.168.1.5,323925242,3625022094,99,1,1810
21,1574591806.951509,192.168.1.5,192.168.1.4,3625022094,323925341,382,0,1428
22,1574591806.953435,192.168.1.5,192.168.1.4,2150876963,763460906,343,0,1085
23,1574591806.958804,192.168.1.4,192.168.1.5,763460906,2150877306,99,1,1184
24,1574591806.959203,192.168.1.5,192.168.1.4,2150877306,763461005,382,0,802
25,1574591806.968866,192.168.1.4,192.168.1.5,763461005,2150877688,2266,1,3068
26,1574591806.969716,192.168.1.5,192.168.1.4,2150877688,763463271,74,0,2994
27,1574591806.969825,192.168.1.5,192.168.1.4,2150877762,763463271,231,0,2763
28,1574591806.97324,192.168.1.4,192.168.1.5,323925341,3625022476,2266,1,5029
29,1574591806.973594,192.168.1.4,192.168.1.5,763463271,2150877993,79,1,5108
30,1574591806.973674,192.168.1.4,192.168.1.5,763463350,2150877993,79,1,5187
31,1574591806.974398,192.168.1.5,192.168.1.4,3625022476,323927607,74,0,5113
32,1574591806.974543,192.168.1.5,192.168.1.4,3625022550,323927607,231,0,4882
33,1574591806.974801,192.168.1.4,192.168.1.5,323927607,3625022781,79,1,4961
34,1574591806.975285,192.168.1.4,192.168.1.5,323927686,3625022781,79,1,5040
35,1574591808.930736,192.168.1.4,192.168.1.5,1858251428,1193772718,91,1,5131
36,1574591808.93171,192.168.1.5,192.168.1.4,1193772718,1858251519,539,0,4592
37,1574591808.987609,192.168.1.4,192.168.1.5,1858251519,1193773257,2070,1,6662
38,1574591809.030514,192.168.1.4,192.168.1.5,1858253589,1193773257,1018,1,7680
39,1574591809.046451,192.168.1.5,192.168.1.4,1193773257,1858254607,86,0,7594
40,1574591809.047102,192.168.1.5,192.168.1.4,1193773343,1858254607,108,0,7486
41,1574591809.047791,192.168.1.5,192.168.1.4,1193773451,1858254607,321,0,7165
42,1574591809.047993,192.168.1.5,192.168.1.4,1193773772,1858254607,54,0,7111
43,1574591809.052836,192.168.1.4,192.168.1.5,763463429,2150877993,91,1,7202
44,1574591809.053041,192.168.1.4,192.168.1.5,323927765,3625022781,91,1,7293
45,1574591809.053402,192.168.1.5,192.168.1.4,2150877993,763463520,539,0,6754
46,1574591809.053636,192.168.1.5,192.168.1.4,3625022781,323927856,539,0,6215
47,1574591809.099678,192.168.1.4,192.168.1.5,763463520,2150878532,2070,1,8285
48,1574591809.100119,192.168.1.4,192.168.1.5,323927856,3625023320,2070,1,10355
49,1574591809.100781,192.168.1.4,192.168.1.5,1858254607,1193773826,1849,1,12204
50,1574591809.10794,192.168.1.5,192.168.1.4,1193773826,1858256456,53,0,12151
51,1574591809.108287,192.168.1.5,192.168.1.4,1193773879,1858256456,61,0,12090
52,1574591809.142588,192.168.1.4,192.168.1.5,323929926,3625023320,2712,1,14802
53,1574591809.142671,192.168.1.4,192.168.1.5,763465590,2150878532,2712,1,17514
54,1574591809.148392,192.168.1.5,192.168.1.4,3625023320,323932638,148,0,17366
55,1574591809.150506,192.168.1.5,192.168.1.4,2150878532,763468302,148,0,17218
56,1574591809.202612,192.168.1.4,192.168.1.5,763468302,2150878680,73,1,17291
57,1574591809.202642,192.168.1.4,192.168.1.5,323932638,3625023468,73,1,17364
58,1574591809.203339,192.168.1.5,192.168.1.4,3625023468,323932711,526,0,16838
59,1574591809.241995,192.168.1.4,192.168.1.5,323932711,3625023994,2070,1,18908
60,1574591809.279016,192.168.1.4,192.168.1.5,323934781,3625023994,14480,1,33388
61,1574591809.27942,192.168.1.4,192.168.1.5,323949261,3625023994,17376,1,50764
62,1574591809.279538,192.168.1.4,192.168.1.5,323966637,3625023994,2991,1,53755
63,1574591809.310425,192.168.1.5,192.168.1.4,2150878680,763468375,490,0,53265
64,1574591809.314178,192.168.1.5,192.168.1.4,2313836402,3449973201,343,0,52922
65,1574591809.314766,192.168.1.4,192.168.1.5,3449973201,2313836745,99,1,53021
66,1574591809.315018,192.168.1.5,192.168.1.4,2313836745,3449973300,382,0,52639
67,1574591809.319058,192.168.1.5,192.168.1.4,4135832539,673407548,343,0,52296
68,1574591809.321791,192.168.1.5,192.168.1.4,1532442078,105488512,343,0,51953
69,1574591809.322428,192.168.1.4,192.168.1.5,323969628,3625023994,10136,1,62089
70,1574591809.322554,192.168.1.4,192.168.1.5,323979764,3625023994,6270,1,68359
71,1574591809.32259,192.168.1.4,192.168.1.5,323986034,3625023994,7188,1,75547
72,1574591809.322812,192.168.1.4,192.168.1.5,673407548,4135832882,99,1,75646
73,1574591809.323053,192.168.1.5,192.168.1.4,4135832882,673407647,382,0,75264
74,1574591809.324442,192.168.1.5,192.168.1.4,3625023994,323993222,491,0,74773
75,1574591809.328939,192.168.1.5,192.168.1.4,3413740545,3573153320,343,0,74430
76,1574591809.329156,192.168.1.4,192.168.1.5,105488512,1532442421,99,1,74529
77,1574591809.329386,192.168.1.5,192.168.1.4,1532442421,105488611,382,0,74147
78,1574591809.331691,192.168.1.5,192.168.1.4,2407071301,657229836,343,0,73804
79,1574591809.332197,192.168.1.4,192.168.1.5,3573153320,3413740888,99,1,73903
80,1574591809.332445,192.168.1.5,192.168.1.4,3413740888,3573153419,382,0,73521
81,1574591809.333459,192.168.1.4,192.168.1.5,3449973300,2313837127,2266,1,75787
82,1574591809.33435,192.168.1.5,192.168.1.4,2313837127,3449975566,74,0,75713
83,1574591809.335754,192.168.1.5,192.168.1.4,2313837201,3449975566,231,0,75482
84,1574591809.339817,192.168.1.5,192.168.1.4,225441870,2312067027,343,0,75139
85,1574591809.340247,192.168.1.4,192.168.1.5,657229836,2407071644,99,1,75238
86,1574591809.340561,192.168.1.5,192.168.1.4,2407071644,657229935,382,0,74856
87,1574591809.342817,192.168.1.5,192.168.1.4,1067287921,3955666195,343,0,74513
88,1574591809.346619,192.168.1.4,192.168.1.5,3449975566,2313837432,79,1,74592
89,1574591809.346642,192.168.1.4,192.168.1.5,3449975645,2313837432,79,1,74671
90,1574591809.347713,192.168.1.4,192.168.1.5,2312067027,225442213,99,1,74770
91,1574591809.348029,192.168.1.5,192.168.1.4,225442213,2312067126,382,0,74388
92,1574591809.356551,192.168.1.5,192.168.1.4,2776512062,2405444762,343,0,74045
93,1574591809.357391,192.168.1.4,192.168.1.5,763468375,2150879170,4344,1,78389
94,1574591809.357588,192.168.1.4,192.168.1.5,763472719,2150879170,10136,1,88525
95,1574591809.3577,192.168.1.4,192.168.1.5,763482855,2150879170,1926,1,90451
96,1574591809.357924,192.168.1.4,192.168.1.5,763484781,2150879170,4118,1,94569
97,1574591809.358691,192.168.1.4,192.168.1.5,3955666195,1067288264,99,1,94668
98,1574591809.358959,192.168.1.5,192.168.1.4,1067288264,3955666294,382,0,94286
99,1574591809.361249,192.168.1.4,192.168.1.5,323993222,3625024485,2070,1,96356
100,1574591809.361875,192.168.1.5,192.168.1.4,3758606143,4109492535,343,0,96013
101,1574591809.365636,192.168.1.4,192.168.1.5,2405444762,2776512405,99,1,96112
102,1574591809.365879,192.168.1.5,192.168.1.4,2776512405,2405444861,382,0,95730
103,1574591809.366181,192.168.1.5,192.168.1.4,2735737005,2770640819,343,0,95387
104,1574591809.368074,192.168.1.4,192.168.1.5,4109492535,3758606486,99,1,95486
105,1574591809.368366,192.168.1.5,192.168.1.4,3758606486,4109492634,382,0,95104
106,1574591809.368678,192.168.1.5,192.168.1.4,1732228186,991847549,343,0,94761
107,1574591809.370651,192.168.1.4,192.168.1.5,2770640819,2735737348,99,1,94860
108,1574591809.370977,192.168.1.5,192.168.1.4,2735737348,2770640918,382,0,94478
109,1574591809.372038,192.168.1.5,192.168.1.4,2831659987,3373428101,343,0,94135
110,1574591809.374379,192.168.1.5,192.168.1.4,841221027,3482545453,343,0,93792
111,1574591809.380443,192.168.1.5,192.168.1.4,2363152348,1765733835,343,0,93449
112,1574591809.386328,192.168.1.4,192.168.1.5,991847549,1732228529,99,1,93548
113,1574591809.386683,192.168.1.5,192.168.1.4,1732228529,991847648,382,0,93166
114,1574591809.388103,192.168.1.5,192.168.1.4,1717414606,1940186365,343,0,92823
115,1574591809.389735,192.168.1.5,192.168.1.4,1854523476,2465113262,343,0,92480
116,1574591809.39019,192.168.1.4,192.168.1.5,3482545453,841221370,99,1,92579
117,1574591809.390472,192.168.1.5,192.168.1.4,841221370,3482545552,382,0,92197
118,1574591809.390757,192.168.1.4,192.168.1.5,3373428101,2831660330,99,1,92296
119,1574591809.39098,192.168.1.5,192.168.1.4,2831660330,3373428200,382,0,91914
120,1574591809.3926,192.168.1.5,192.168.1.4,643118789,865306123,343,0,91571
121,1574591809.394305,192.168.1.4,192.168.1.5,1765733835,2363152691,99,1,91670
122,1574591809.394636,192.168.1.5,192.168.1.4,2363152691,1765733934,382,0,91288
123,1574591809.398173,192.168.1.4,192.168.1.5,763488899,2150879170,4328,1,95616
124,1574591809.399473,192.168.1.5,192.168.1.4,2150879170,763493227,463,0,95153
125,1574591809.40223,192.168.1.4,192.168.1.5,323995292,3625024485,10136,1,105289
126,1574591809.402873,192.168.1.4,192.168.1.5,324005428,3625024485,6270,1,111559
127,1574591809.402916,192.168.1.4,192.168.1.5,324011698,3625024485,6313,1,117872
128,1574591809.402949,192.168.1.4,192.168.1.5,1940186365,1717414949,99,1,117971
129,1574591809.403302,192.168.1.5,192.168.1.4,1717414949,1940186464,382,0,117589
130,1574591809.405316,192.168.1.5,192.168.1.4,3625024485,324018011,477,0,117112
131,1574591809.408293,192.168.1.4,192.168.1.5,865306123,643119132,99,1,117211
132,1574591809.408623,192.168.1.5,192.168.1.4,643119132,865306222,382,0,116829
133,1574591809.410149,192.168.1.4,192.168.1.5,2465113262,1854523819,99,1,116928
134,1574591809.410419,192.168.1.5,192.168.1.4,1854523819,2465113361,382,0,116546
135,1574591809.411674,192.168.1.4,192.168.1.5,673407647,4135833264,2266,1,118812
136,1574591809.412562,192.168.1.5,192.168.1.4,4135833264,673409913,74,0,118738
137,1574591809.412746,192.168.1.5,192.168.1.4,4135833338,673409913,257,0,118481
138,1574591809.423546,192.168.1.4,192.168.1.5,991847648,1732228911,2266,1,120747
139,1574591809.424546,192.168.1.5,192.168.1.4,1732228911,991849914,74,0,120673
140,1574591809.424662,192.168.1.5,192.168.1.4,1732228985,991849914,249,0,120424
141,1574591809.4369,192.168.1.4,192.168.1.5,763493227,2150879633,2070,1,122494
142,1574591809.44212,192.168.1.4,192.168.1.5,324018011,3625024962,2070,1,124564
143,1574591809.444896,192.168.1.4,192.168.1.5,324020081,3625024962,14480,1,139044
144,1574591809.445101,192.168.1.5,192.168.1.4,1732228985,991849914,249,0,138795
145,1574591809.445132,192.168.1.4,192.168.1.5,324034561,3625024962,1926,1,140721
146,1574591809.44517,192.168.1.4,192.168.1.5,324036487,3625024962,16406,1,157127
147,1574591809.445208,192.168.1.4,192.168.1.5,324052893,3625024962,132,1,157259
148,1574591809.453513,192.168.1.4,192.168.1.5,1765733934,2363153073,2266,1,159525
149,1574591809.454546,192.168.1.5,192.168.1.4,2363153073,1765736200,74,0,159451
150,1574591809.454649,192.168.1.5,192.168.1.4,2363153147,1765736200,239,0,159212
151,1574591809.454919,192.168.1.4,192.168.1.5,673409913,4135833595,79,1,159291
152,1574591809.454992,192.168.1.4,192.168.1.5,673409992,4135833595,79,1,159370
153,1574591809.463308,192.168.1.4,192.168.1.5,1940186464,1717415331,2266,1,161636
154,1574591809.464342,192.168.1.5,192.168.1.4,1717415331,1940188730,74,0,161562
155,1574591809.464576,192.168.1.5,192.168.1.4,1717415405,1940188730,251,0,161311
156,1574591809.465431,192.168.1.4,192.168.1.5,3573153419,3413741270,2266,1,163577
157,1574591809.466532,192.168.1.5,192.168.1.4,3413741270,3573155685,74,0,163503
158,1574591809.466694,192.168.1.5,192.168.1.4,3413741344,3573155685,231,0,163272
159,1574591809.471772,192.168.1.4,192.168.1.5,2312067126,225442595,2266,1,165538
160,1574591809.472735,192.168.1.5,192.168.1.4,225442595,2312069392,74,0,165464
161,1574591809.472897,192.168.1.5,192.168.1.4,225442669,2312069392,235,0,165229
162,1574591809.480436,192.168.1.4,192.168.1.5,2770640918,2735737730,2266,1,167495
163,1574591809.480601,192.168.1.4,192.168.1.5,763495297,2150879633,5048,1,172543
164,1574591809.481479,192.168.1.5,192.168.1.4,2735737730,2770643184,74,0,172469
165,1574591809.481994,192.168.1.5,192.168.1.4,2735737804,2770643184,227,0,172242
166,1574591809.483625,192.168.1.5,192.168.1.4,2150879633,763500345,416,0,171826
167,1574591809.484344,192.168.1.4,192.168.1.5,105488611,1532442803,2266,1,174092
168,1574591809.485226,192.168.1.5,192.168.1.4,1532442803,105490877,74,0,174018
169,1574591809.485822,192.168.1.5,192.168.1.4,1532442877,105490877,231,0,173787
170,1574591809.486067,192.168.1.4,192.168.1.5,324053025,3625024962,1581,1,175368
171,1574591809.486309,192.168.1.4,192.168.1.5,105490877,1532443108,79,1,175447
172,1574591809.488429,192.168.1.4,192.168.1.5,105490956,1532443108,79,1,175526
173,1574591809.490901,192.168.1.4,192.168.1.5,3482545552,841221752,2266,1,177792
174,1574591809.493353,192.168.1.5,192.168.1.4,841221752,3482547818,74,0,177718
175,1574591809.493575,192.168.1.5,192.168.1.4,841221826,3482547818,239,0,177479
176,1574591809.495203,192.168.1.4,192.168.1.5,3573155685,3413741575,79,1,177558
177,1574591809.496782,192.168.1.4,192.168.1.5,3573155764,3413741575,79,1,177637
178,1574591809.501563,192.168.1.4,192.168.1.5,2465113361,1854524201,2266,1,179903
179,1574591809.502446,192.168.1.5,192.168.1.4,1854524201,2465115627,74,0,179829
180,1574591809.502555,192.168.1.5,192.168.1.4,1854524275,2465115627,231,0,179598
181,1574591809.505913,192.168.1.4,192.168.1.5,4109492634,3758606868,2266,1,181864
182,1574591809.506892,192.168.1.5,192.168.1.4,3758606868,4109494900,74,0,181790
183,1574591809.507065,192.168.1.5,192.168.1.4,3758606942,4109494900,225,0,181565
184,1574591809.507686,192.168.1.4,192.168.1.5,3955666294,1067288646,2266,1,183831
185,1574591809.508886,192.168.1.5,192.168.1.4,1067288646,3955668560,74,0,183757
186,1574591809.508987,192.168.1.4,192.168.1.5,2312069392,225442904,79,1,183836
187,1574591809.509002,192.168.1.4,192.168.1.5,2312069471,225442904,79,1,183915
188,1574591809.50917,192.168.1.5,192.168.1.4,1067288720,3955668560,247,0,183668
189,1574591809.511711,192.168.1.4,192.168.1.5,2405444861,2776512787,2266,1,185934
190,1574591809.512067,192.168.1.4,192.168.1.5,657229935,2407072026,2266,1,188200
191,1574591809.513364,192.168.1.5,192.168.1.4,2776512787,2405447127,74,0,188126
192,1574591809.515474,192.168.1.5,192.168.1.4,2407072026,657232201,74,0,188052
193,1574591809.515701,192.168.1.5,192.168.1.4,2407072100,657232201,231,0,187821
194,1574591809.515785,192.168.1.4,192.168.1.5,657232201,2407072100,79,1,187900
195,1574591809.515867,192.168.1.5,192.168.1.4,2776512861,2405447127,241,0,187659
196,1574591809.516083,192.168.1.4,192.168.1.5,3955668560,1067288967,79,1,187738
197,1574591809.516156,192.168.1.4,192.168.1.5,3955668639,1067288967,79,1,187817
198,1574591809.516787,192.168.1.4,192.168.1.5,657232280,2407072331,79,1,187896
199,1574591809.519439,192.168.1.4,192.168.1.5,2770643184,2735738031,79,1,187975
200,1574591809.519623,192.168.1.4,192.168.1.5,2770643263,2735738031,79,1,188054
201,1574591809.520366,192.168.1.4,192.168.1.5,2405447127,2776513102,79,1,188133
202,1574591809.521095,192.168.1.4,192.168.1.5,2405447206,2776513102,79,1,188212
203,1574591809.521119,192.168.1.4,192.168.1.5,4109494900,3758607167,79,1,188291
204,1574591809.521343,192.168.1.4,192.168.1.5,4109494979,3758607167,79,1,188370
205,1574591809.522401,192.168.1.4,192.168.1.5,991849914,1732229234,79,1,188449
206,1574591809.522501,192.168.1.4,192.168.1.5,991849993,1732229234,79,1,188528
207,1574591809.525696,192.168.1.4,192.168.1.5,865306222,643119514,2266,1,190794
208,1574591809.525824,192.168.1.4,192.168.1.5,3482547818,841222065,79,1,190873
209,1574591809.526028,192.168.1.4,192.168.1.5,3482547897,841222065,79,1,190952
210,1574591809.526478,192.168.1.4,192.168.1.5,1765736200,2363153386,79,1,191031
211,1574591809.527977,192.168.1.4,192.168.1.5,1765736279,2363153386,79,1,191110
212,1574591809.527999,192.168.1.4,192.168.1.5,3373428200,2831660712,2266,1,193376
213,1574591809.528421,192.168.1.4,192.168.1.5,1940188730,1717415656,79,1,193455
214,1574591809.528574,192.168.1.4,192.168.1.5,1940188809,1717415656,79,1,193534
215,1574591809.529278,192.168.1.4,192.168.1.5,2465115627,1854524506,79,1,193613
216,1574591809.529337,192.168.1.4,192.168.1.5,2465115706,1854524506,79,1,193692
217,1574591809.532621,192.168.1.5,192.168.1.4,2831660712,3373430466,74,0,193618
218,1574591809.53278,192.168.1.5,192.168.1.4,2831660786,3373430466,237,0,193381
219,1574591809.533148,192.168.1.4,192.168.1.5,3373430466,2831661023,79,1,193460
220,1574591809.533276,192.168.1.4,192.168.1.5,3373430545,2831661023,79,1,193539
221,1574591809.538186,192.168.1.4,192.168.1.5,763500345,2150880049,2070,1,195609
222,1574591809.538884,192.168.1.5,192.168.1.4,643119514,865308488,74,0,195535
223,1574591809.539046,192.168.1.5,192.168.1.4,643119588,865308488,267,0,195268
224,1574591809.539253,192.168.1.4,192.168.1.5,865308488,643119855,79,1,195347
225,1574591809.539334,192.168.1.4,192.168.1.5,865308567,643119855,79,1,195426
226,1574591809.543084,192.168.1.4,192.168.1.5,763502415,2150880049,16406,1,211832
227,1574591809.543187,192.168.1.4,192.168.1.5,763518821,2150880049,11584,1,223416
228,1574591809.543282,192.168.1.4,192.168.1.5,763530405,2150880049,7705,1,231121
229,1574591809.586272,192.168.1.4,192.168.1.5,763538110,2150880049,15950,1,247071
230,1574591809.613192,192.168.1.4,192.168.1.5,763554060,2150880049,1123,1,248194
231,1574591809.680812,192.168.1.5,192.168.1.4,2150880049,763555183,446,0,247748
232,1574591809.720711,192.168.1.4,192.168.1.5,763555183,2150880495,4344,1,252092
233,1574591809.720878,192.168.1.4,192.168.1.5,763559527,2150880495,8688,1,260780
234,1574591809.721107,192.168.1.4,192.168.1.5,763568215,2150880495,3374,1,264154
235,1574591809.721147,192.168.1.4,192.168.1.5,763571589,2150880495,5387,1,269541
236,1574591809.721296,192.168.1.4,192.168.1.5,763576976,2150880495,1470,1,271011
237,1574591809.73301,192.168.1.4,192.168.1.5,763578446,2150880495,16406,1,287417
238,1574591809.733085,192.168.1.4,192.168.1.5,763594852,2150880495,5358,1,292775
239,1574591809.761135,192.168.1.4,192.168.1.5,763600210,2150880495,16406,1,309181
240,1574591809.761233,192.168.1.4,192.168.1.5,763616616,2150880495,9702,1,318883
241,1574591809.780064,192.168.1.4,192.168.1.5,763626318,2150880495,16406,1,335289
242,1574591809.780133,192.168.1.4,192.168.1.5,763642724,2150880495,1014,1,336303
243,1574591809.780339,192.168.1.4,192.168.1.5,763643738,2150880495,5814,1,342117
244,1574591809.819118,192.168.1.4,192.168.1.5,763649552,2150880495,14480,1,356597
245,1574591809.81941,192.168.1.4,192.168.1.5,763664032,2150880495,1926,1,358523
246,1574591809.820522,192.168.1.4,192.168.1.5,763665958,2150880495,3910,1,362433
247,1574591809.82118,192.168.1.4,192.168.1.5,763669868,2150880495,16406,1,378839
248,1574591809.821307,192.168.1.4,192.168.1.5,763686274,2150880495,13032,1,391871
249,1574591809.82155,192.168.1.4,192.168.1.5,763699306,2150880495,1014,1,392885
250,1574591809.857481,192.168.1.4,192.168.1.5,763700320,2150880495,7262,1,400147
251,1574591809.953072,192.168.1.4,192.168.1.5,763707582,2150880495,1442,1,401589
252,1574591810.899586,192.168.1.5,192.168.1.4,2150880495,763709024,410,0,401179
253,1574591811.042367,192.168.1.4,192.168.1.5,763709024,2150880905,796,1,401975
254,1574591813.054549,192.168.1.5,192.168.1.4,3783470627,2316189180,343,0,401632
255,1574591813.05491,192.168.1.4,192.168.1.5,2316189180,3783470970,99,1,401731
256,1574591813.05544,192.168.1.5,192.168.1.4,3783470970,2316189279,382,0,401349
257,1574591813.070164,192.168.1.4,192.168.1.5,2316189279,3783471352,2266,1,403615
258,1574591813.071188,192.168.1.5,192.168.1.4,3783471352,2316191545,74,0,403541
259,1574591813.071349,192.168.1.5,192.168.1.4,3783471426,2316191545,237,0,403304
260,1574591813.071689,192.168.1.4,192.168.1.5,2316191545,3783471663,79,1,403383
261,1574591813.079053,192.168.1.4,192.168.1.5,2316191624,3783471663,79,1,403462
262,1574591816.603999,192.168.1.4,192.168.1.5,1765736358,2363153386,91,1,403553
263,1574591816.604528,192.168.1.4,192.168.1.5,3573155843,3413741575,91,1,403644
264,1574591816.605284,192.168.1.5,192.168.1.4,3413741575,3573155934,539,0,403105
265,1574591816.605472,192.168.1.4,192.168.1.5,2770643342,2735738031,91,1,403196
266,1574591816.605767,192.168.1.5,192.168.1.4,2363153386,1765736449,539,0,402657
267,1574591816.606426,192.168.1.5,192.168.1.4,2735738031,2770643433,539,0,402118
268,1574591816.64554,192.168.1.4,192.168.1.5,1765736449,2363153925,2070,1,404188
269,1574591816.64739,192.168.1.4,192.168.1.5,3573155934,3413742114,169,1,404357
270,1574591816.647808,192.168.1.5,192.168.1.4,3413742114,3573156103,73,0,404284
271,1574591816.649999,192.168.1.4,192.168.1.5,2770643433,2735738570,2070,1,406354
272,1574591816.686596,192.168.1.4,192.168.1.5,1765738519,2363153925,2733,1,409087
273,1574591816.688532,192.168.1.5,192.168.1.4,2363153925,1765741252,148,0,408939
274,1574591816.690119,192.168.1.4,192.168.1.5,2770645503,2735738570,2865,1,411804
275,1574591816.692603,192.168.1.5,192.168.1.4,2735738570,2770648368,148,0,411656
276,1574591816.720799,192.168.1.4,192.168.1.5,1765741252,2363154073,73,1,411729
277,1574591816.749979,192.168.1.4,192.168.1.5,2770648368,2735738718,280,1,412009
278,1574591817.269794,192.168.1.4,192.168.1.5,3449975724,2313837432,91,1,412100
279,1574591817.270611,192.168.1.5,192.168.1.4,2313837432,3449975815,539,0,411561
280,1574591817.307076,192.168.1.4,192.168.1.5,3449975815,2313837971,169,1,411730
281,1574591817.307696,192.168.1.5,192.168.1.4,2313837971,3449975984,73,0,411657
282,1574591817.76025,192.168.1.4,192.168.1.5,4109495058,3758607167,91,1,411748
283,1574591817.760804,192.168.1.5,192.168.1.4,3758607167,4109495149,539,0,411209
284,1574591817.801076,192.168.1.4,192.168.1.5,4109495149,3758607706,1470,1,412679
285,1574591817.843413,192.168.1.4,192.168.1.5,4109496619,3758607706,1757,1,414436
286,1574591817.846494,192.168.1.5,192.168.1.4,3758607706,4109498376,148,0,414288
287,1574591817.881388,192.168.1.4,192.168.1.5,4109498376,3758607854,73,1,414361
288,1574591817.88183,192.168.1.5,192.168.1.4,3758607854,4109498449,460,0,413901
289,1574591817.920064,192.168.1.4,192.168.1.5,4109498449,3758608314,1499,1,415400
290,1574591817.966033,192.168.1.4,192.168.1.5,4109499948,3758608314,3435,1,418835
291,1574591817.968354,192.168.1.5,192.168.1.4,3758608314,4109503383,491,0,418344
292,1574591818.011049,192.168.1.4,192.168.1.5,2312069550,225442904,91,1,418435
293,1574591818.011586,192.168.1.4,192.168.1.5,4109503383,3758608805,2070,1,420505
294,1574591818.011784,192.168.1.5,192.168.1.4,225442904,2312069641,539,0,419966
295,1574591818.014042,192.168.1.4,192.168.1.5,4109505453,3758608805,14480,1,434446
296,1574591818.014356,192.168.1.4,192.168.1.5,4109519933,3758608805,11584,1,446030
297,1574591818.016245,192.168.1.4,192.168.1.5,4109531517,3758608805,8183,1,454213
298,1574591818.057343,192.168.1.4,192.168.1.5,2312069641,225443443,2070,1,456283
299,1574591818.058304,192.168.1.4,192.168.1.5,4109539700,3758608805,16406,1,472689
300,1574591818.058466,192.168.1.4,192.168.1.5,4109556106,3758608805,6639,1,479328
301,1574591818.061889,192.168.1.5,192.168.1.4,2150880905,763709820,473,0,478855
302,1574591818.099186,192.168.1.4,192.168.1.5,2312071711,225443443,2865,1,481720
303,1574591818.099823,192.168.1.4,192.168.1.5,763709820,2150881378,2070,1,483790
304,1574591818.099904,192.168.1.4,192.168.1.5,763711890,2150881378,107,1,483897
305,1574591818.10347,192.168.1.5,192.168.1.4,225443443,2312074576,148,0,483749
306,1574591818.123433,192.168.1.5,192.168.1.4,3700415966,2058177218,343,0,483406
307,1574591818.123771,192.168.1.4,192.168.1.5,2058177218,3700416309,99,1,483505
308,1574591818.124221,192.168.1.5,192.168.1.4,3700416309,2058177317,382,0,483123
309,1574591818.124959,192.168.1.5,192.168.1.4,225443591,2312074576,410,0,482713
310,1574591818.13462,192.168.1.4,192.168.1.5,2058177317,3700416691,2266,1,484979
311,1574591818.135594,192.168.1.5,192.168.1.4,3700416691,2058179583,74,0,484905
312,1574591818.13572,192.168.1.5,192.168.1.4,3700416765,2058179583,223,0,484682
313,1574591818.135968,192.168.1.4,192.168.1.5,2058179583,3700416988,79,1,484761
314,1574591818.136035,192.168.1.4,192.168.1.5,2058179662,3700416988,79,1,484840
315,1574591818.142772,192.168.1.4,192.168.1.5,2312074576,225444001,280,1,485120
316,1574591818.186948,192.168.1.4,192.168.1.5,2312074856,225444001,9055,1,494175
317,1574591818.260884,192.168.1.4,192.168.1.5,657232359,2407072331,91,1,494266
318,1574591818.261262,192.168.1.5,192.168.1.4,2407072331,657232450,539,0,493727
319,1574591818.309731,192.168.1.4,192.168.1.5,657232450,2407072870,169,1,493896
320,1574591818.310145,192.168.1.5,192.168.1.4,2407072870,657232619,73,0,493823
321,1574591818.553408,192.168.1.4,192.168.1.5,3955668718,1067288967,91,1,493914
322,1574591818.553431,192.168.1.4,192.168.1.5,2465115785,1854524506,91,1,494005
323,1574591818.553437,192.168.1.4,192.168.1.5,1940188888,1717415656,91,1,494096
324,1574591818.553514,192.168.1.4,192.168.1.5,2405447285,2776513102,91,1,494187
325,1574591818.553631,192.168.1.4,192.168.1.5,3373430624,2831661023,91,1,494278
326,1574591818.553639,192.168.1.4,192.168.1.5,3482547976,841222065,91,1,494369
327,1574591818.553747,192.168.1.4,192.168.1.5,105491035,1532443108,91,1,494460
328,1574591818.553755,192.168.1.4,192.168.1.5,991850072,1732229234,91,1,494551
329,1574591818.555077,192.168.1.5,192.168.1.4,841222065,3482548067,539,0,494012
330,1574591818.555138,192.168.1.4,192.168.1.5,673410071,4135833595,91,1,494103
331,1574591818.555229,192.168.1.5,192.168.1.4,2831661023,3373430715,539,0,493564
332,1574591818.555295,192.168.1.5,192.168.1.4,1532443108,105491126,539,0,493025
333,1574591818.55535,192.168.1.5,192.168.1.4,2776513102,2405447376,539,0,492486
334,1574591818.555403,192.168.1.5,192.168.1.4,1854524506,2465115876,539,0,491947
335,1574591818.555455,192.168.1.5,192.168.1.4,1732229234,991850163,539,0,491408
336,1574591818.555507,192.168.1.5,192.168.1.4,1717415656,1940188979,539,0,490869
337,1574591818.555559,192.168.1.5,192.168.1.4,1067288967,3955668809,539,0,490330
338,1574591818.555945,192.168.1.5,192.168.1.4,4135833595,673410162,539,0,489791
339,1574591818.586196,192.168.1.4,192.168.1.5,1940188979,1717416195,2070,1,491861
340,1574591818.586219,192.168.1.4,192.168.1.5,2405447376,2776513641,2070,1,493931
341,1574591818.586906,192.168.1.4,192.168.1.5,991850163,1732229773,1470,1,495401
342,1574591818.589112,192.168.1.4,192.168.1.5,3373430715,2831661562,2070,1,497471
343,1574591818.589716,192.168.1.4,192.168.1.5,3482548067,841222604,2070,1,499541
344,1574591818.590662,192.168.1.4,192.168.1.5,3955668809,1067289506,2070,1,501611
345,1574591818.592918,192.168.1.4,192.168.1.5,105491126,1532443647,124,1,501735
346,1574591818.595605,192.168.1.4,192.168.1.5,2465115876,1854525045,2070,1,503805
347,1574591818.610731,192.168.1.4,192.168.1.5,673410162,4135834134,2070,1,505875
348,1574591818.627523,192.168.1.4,192.168.1.5,2405449446,2776513641,4306,1,510181
349,1574591818.627552,192.168.1.4,192.168.1.5,1940191049,1717416195,2381,1,512562
350,1574591818.630375,192.168.1.4,192.168.1.5,991851633,1732229773,3730,1,516292
351,1574591818.630402,192.168.1.4,192.168.1.5,3482550137,841222604,4757,1,521049
352,1574591818.630496,192.168.1.4,192.168.1.5,3373432785,2831661562,1784,1,522833
353,1574591818.634367,192.168.1.4,192.168.1.5,3955670879,1067289506,3379,1,526212
354,1574591818.634483,192.168.1.4,192.168.1.5,105491250,1532443647,67,1,526279
355,1574591818.635678,192.168.1.5,192.168.1.4,1532443647,105491317,73,0,526206
356,1574591818.63818,192.168.1.4,192.168.1.5,2465117946,1854525045,835,1,527041
357,1574591818.654334,192.168.1.4,192.168.1.5,673412232,4135834134,809,1,527850
358,1574591818.655933,192.168.1.5,192.168.1.4,1717416195,1940193430,148,0,527702
359,1574591818.659568,192.168.1.5,192.168.1.4,1732229773,991855363,148,0,527554
360,1574591818.67795,192.168.1.4,192.168.1.5,1940193430,1717416343,296,1,527850
361,1574591818.68102,192.168.1.5,192.168.1.4,2776513641,2405453752,148,0,527702
362,1574591818.686278,192.168.1.5,192.168.1.4,2831661562,3373434569,148,0,527554
363,1574591818.688036,192.168.1.4,192.168.1.5,991855363,1732229921,73,1,527627
364,1574591818.692858,192.168.1.5,192.168.1.4,1067289506,3955674258,148,0,527479
365,1574591818.702726,192.168.1.4,192.168.1.5,2405453752,2776513789,333,1,527812
366,1574591818.706366,192.168.1.5,192.168.1.4,4135834134,673413041,86,0,527726
367,1574591818.710888,192.168.1.4,192.168.1.5,3955674258,1067289654,264,1,527990
368,1574591818.712703,192.168.1.4,192.168.1.5,3955674522,1067289654,91,1,528081
369,1574591818.715079,192.168.1.5,192.168.1.4,1067289654,3955674613,115,0,527966
370,1574591818.71665,192.168.1.5,192.168.1.4,4135834220,673413041,108,0,527858
371,1574591818.717512,192.168.1.4,192.168.1.5,3373434569,2831661710,280,1,528138
372,1574591818.732586,192.168.1.5,192.168.1.4,1067289769,3955674613,60,0,528078
373,1574591818.732803,192.168.1.5,192.168.1.4,1067289829,3955674613,276,0,527802
374,1574591818.734218,192.168.1.5,192.168.1.4,841222604,3482554894,115,0,527687
375,1574591818.734467,192.168.1.5,192.168.1.4,4135834328,673413041,269,0,527418
376,1574591818.735036,192.168.1.4,192.168.1.5,3955674613,1067290105,60,1,527478
377,1574591818.737063,192.168.1.5,192.168.1.4,1854525045,2465118781,148,0,527330
378,1574591818.744514,192.168.1.4,192.168.1.5,673413041,4135834597,586,1,527916
379,1574591818.744888,192.168.1.5,192.168.1.4,4135834597,673413627,53,0,527863
380,1574591818.747269,192.168.1.4,192.168.1.5,673413627,4135834650,53,1,527916
381,1574591818.764695,192.168.1.4,192.168.1.5,3482554894,841222719,280,1,528196
382,1574591818.767996,192.168.1.4,192.168.1.5,2465118781,1854525193,280,1,528476
383,1574591818.778493,192.168.1.4,192.168.1.5,3955674673,1067290105,8439,1,536915
384,1574591818.793303,192.168.1.4,192.168.1.5,673413680,4135834650,11584,1,548499
385,1574591818.793527,192.168.1.4,192.168.1.5,673425264,4135834650,2896,1,551395
386,1574591818.793558,192.168.1.4,192.168.1.5,673428160,4135834650,2638,1,554033
387,1574591818.812207,192.168.1.5,192.168.1.4,4135834650,673430798,61,0,553972
388,1574591818.854181,192.168.1.5,192.168.1.4,4137483607,318014021,343,0,553629
389,1574591818.854616,192.168.1.4,192.168.1.5,318014021,4137483950,99,1,553728
390,1574591818.855102,192.168.1.5,192.168.1.4,4137483950,318014120,382,0,553346
391,1574591818.859803,192.168.1.5,192.168.1.4,1196009161,3040454221,343,0,553003
392,1574591818.862645,192.168.1.4,192.168.1.5,3040454221,1196009504,99,1,553102
393,1574591818.862921,192.168.1.5,192.168.1.4,1196009504,3040454320,382,0,552720
394,1574591818.865692,192.168.1.4,192.168.1.5,318014120,4137484332,2266,1,554986
395,1574591818.866667,192.168.1.5,192.168.1.4,4137484332,318016386,74,0,554912
396,1574591818.866789,192.168.1.5,192.168.1.4,4137484406,318016386,253,0,554659
397,1574591818.867986,192.168.1.5,192.168.1.4,4276447431,3163902674,343,0,554316
398,1574591818.87036,192.168.1.4,192.168.1.5,318016386,4137484659,79,1,554395
399,1574591818.870696,192.168.1.4,192.168.1.5,318016465,4137484659,79,1,554474
400,1574591818.871198,192.168.1.5,192.168.1.4,1306461309,1801186129,343,0,554131
401,1574591818.871807,192.168.1.4,192.168.1.5,3163902674,4276447774,99,1,554230
402,1574591818.872121,192.168.1.5,192.168.1.4,4276447774,3163902773,382,0,553848
403,1574591818.879486,192.168.1.4,192.168.1.5,3040454320,1196009886,2266,1,556114
404,1574591818.88014,192.168.1.4,192.168.1.5,1801186129,1306461652,99,1,556213
405,1574591818.880478,192.168.1.5,192.168.1.4,1196009886,3040456586,74,0,556139
406,1574591818.880599,192.168.1.5,192.168.1.4,1196009960,3040456586,223,0,555916
407,1574591818.881143,192.168.1.5,192.168.1.4,1306461652,1801186228,382,0,555534
408,1574591818.884326,192.168.1.5,192.168.1.4,1818071206,2801198116,343,0,555191
409,1574591818.886559,192.168.1.4,192.168.1.5,2801198116,1818071549,99,1,555290
410,1574591818.88696,192.168.1.5,192.168.1.4,1818071549,2801198215,382,0,554908
411,1574591818.887737,192.168.1.5,192.168.1.4,1663746901,1502100103,343,0,554565
412,1574591818.895173,192.168.1.4,192.168.1.5,3163902773,4276448156,2266,1,556831
413,1574591818.896046,192.168.1.5,192.168.1.4,4276448156,3163905039,74,0,556757
414,1574591818.89615,192.168.1.5,192.168.1.4,4276448230,3163905039,223,0,556534
415,1574591818.898925,192.168.1.5,192.168.1.4,1196009960,3040456586,223,0,556311
416,1574591818.900284,192.168.1.4,192.168.1.5,1502100103,1663747244,99,1,556410
417,1574591818.900836,192.168.1.4,192.168.1.5,3040456586,1196010183,79,1,556489
418,1574591818.900868,192.168.1.4,192.168.1.5,3040456665,1196010183,79,1,556568
419,1574591818.901379,192.168.1.5,192.168.1.4,1663747244,1502100202,382,0,556186
420,1574591818.910069,192.168.1.5,192.168.1.4,3758608805,4109562745,507,0,555679
421,1574591818.914313,192.168.1.5,192.168.1.4,4276448230,3163905039,223,0,555456
422,1574591818.918104,192.168.1.4,192.168.1.5,1801186228,1306462034,2266,1,557722
423,1574591818.918545,192.168.1.4,192.168.1.5,3163905039,4276448453,79,1,557801
424,1574591818.918892,192.168.1.4,192.168.1.5,3163905118,4276448453,79,1,557880
425,1574591818.920054,192.168.1.4,192.168.1.5,865308646,643119855,91,1,557971
426,1574591818.920377,192.168.1.5,192.168.1.4,1306462034,1801188494,74,0,557897
427,1574591818.920435,192.168.1.4,192.168.1.5,2316191703,3783471663,91,1,557988
428,1574591818.92058,192.168.1.5,192.168.1.4,1306462108,1801188494,223,0,557765
429,1574591818.920859,192.168.1.5,192.168.1.4,643119855,865308737,539,0,557226
430,1574591818.921229,192.168.1.5,192.168.1.4,3783471663,2316191794,539,0,556687
431,1574591818.922483,192.168.1.4,192.168.1.5,1801188494,1306462331,79,1,556766
432,1574591818.924603,192.168.1.4,192.168.1.5,1801188573,1306462331,79,1,556845
433,1574591818.925325,192.168.1.4,192.168.1.5,2801198215,1818071931,2266,1,559111
434,1574591818.926489,192.168.1.4,192.168.1.5,1502100202,1663747626,2266,1,561377
435,1574591818.92665,192.168.1.5,192.168.1.4,1818071931,2801200481,74,0,561303
436,1574591818.926769,192.168.1.5,192.168.1.4,1818072005,2801200481,223,0,561080
437,1574591818.927035,192.168.1.4,192.168.1.5,2801200481,1818072228,79,1,561159
438,1574591818.927118,192.168.1.4,192.168.1.5,2801200560,1818072228,79,1,561238
439,1574591818.928589,192.168.1.5,192.168.1.4,1663747626,1502102468,74,0,561164
440,1574591818.928752,192.168.1.5,192.168.1.4,1663747700,1502102468,225,0,560939
441,1574591818.929109,192.168.1.4,192.168.1.5,1502102468,1663747925,79,1,561018
442,1574591818.929134,192.168.1.4,192.168.1.5,1502102547,1663747925,79,1,561097
443,1574591818.949132,192.168.1.4,192.168.1.5,4109562745,3758609312,8214,1,569311
444,1574591818.974371,192.168.1.4,192.168.1.5,865308737,643120394,2070,1,571381
445,1574591818.97458,192.168.1.4,192.168.1.5,2316191794,3783472202,2070,1,573451
446,1574591818.986891,192.168.1.4,192.168.1.5,4109570959,3758609312,16406,1,589857
447,1574591818.987687,192.168.1.4,192.168.1.5,4109587365,3758609312,13032,1,602889
448,1574591818.987811,192.168.1.4,192.168.1.5,4109600397,3758609312,3374,1,606263
449,1574591818.987842,192.168.1.4,192.168.1.5,4109603771,3758609312,14115,1,620378
450,1574591818.987906,192.168.1.4,192.168.1.5,4109617886,3758609312,7262,1,627640
451,1574591819.008569,192.168.1.4,192.168.1.5,4109625148,3758609312,13054,1,640694
452,1574591819.01437,192.168.1.4,192.168.1.5,2316193864,3783472202,1756,1,642450
453,1574591819.014441,192.168.1.4,192.168.1.5,865310807,643120394,809,1,643259
454,1574591819.025168,192.168.1.5,192.168.1.4,3783472202,2316195620,86,0,643173
455,1574591819.027236,192.168.1.5,192.168.1.4,643120394,865311616,86,0,643087
456,1574591819.033931,192.168.1.5,192.168.1.4,3783472288,2316195620,108,0,642979
457,1574591819.035273,192.168.1.5,192.168.1.4,3783472396,2316195620,279,0,642700
458,1574591819.057221,192.168.1.5,192.168.1.4,2150881378,763711997,478,0,642222
459,1574591819.0597,192.168.1.5,192.168.1.4,3625024962,324054606,468,0,641754
460,1574591819.067198,192.168.1.4,192.168.1.5,865311616,643120480,586,1,642340
461,1574591819.067216,192.168.1.4,192.168.1.5,2316195620,3783472675,586,1,642926
462,1574591819.073104,192.168.1.5,192.168.1.4,3783472675,2316196206,53,0,642873
463,1574591819.073688,192.168.1.4,192.168.1.5,2316196206,3783472728,53,1,642926
464,1574591819.086682,192.168.1.5,192.168.1.4,3413742187,3573156103,589,0,642337
465,1574591819.093911,192.168.1.4,192.168.1.5,4109638202,3758609312,900,1,643237
466,1574591819.095145,192.168.1.5,192.168.1.4,3758609312,4109639102,504,0,642733
467,1574591819.095455,192.168.1.4,192.168.1.5,763711997,2150881856,1010,1,643743
468,1574591819.101365,192.168.1.4,192.168.1.5,324054606,3625025430,585,1,644328
469,1574591819.111192,192.168.1.5,192.168.1.4,2313838044,3449975984,586,0,643742
470,1574591819.114165,192.168.1.4,192.168.1.5,2316196259,3783472728,2880,1,646622
471,1574591819.115142,192.168.1.5,192.168.1.4,3783472728,2316199139,61,0,646561
472,1574591819.129228,192.168.1.4,192.168.1.5,3573156103,3413742776,745,1,647306
473,1574591819.131011,192.168.1.4,192.168.1.5,4109639102,3758609816,2070,1,649376
474,1574591819.135268,192.168.1.4,192.168.1.5,4109641172,3758609816,16406,1,665782
475,1574591819.135353,192.168.1.4,192.168.1.5,4109657578,3758609816,16406,1,682188
476,1574591819.135614,192.168.1.4,192.168.1.5,4109673984,3758609816,4850,1,687038
477,1574591819.144848,192.168.1.5,192.168.1.4,3625025430,324055191,586,0,686452
478,1574591819.147685,192.168.1.4,192.168.1.5,3449975984,2313838630,713,1,687165
479,1574591819.182412,192.168.1.4,192.168.1.5,324055191,3625026016,655,1,687820
480,1574591819.258763,192.168.1.5,192.168.1.4,3625026016,324055846,504,0,687316
481,1574591819.300468,192.168.1.4,192.168.1.5,324055846,3625026520,585,1,687901
482,1574591819.330967,192.168.1.5,192.168.1.4,454914688,565573472,343,0,687558
483,1574591819.331465,192.168.1.4,192.168.1.5,565573472,454915031,99,1,687657
484,1574591819.331821,192.168.1.5,192.168.1.4,454915031,565573571,382,0,687275
485,1574591819.346923,192.168.1.4,192.168.1.5,565573571,454915413,2266,1,689541
486,1574591819.347909,192.168.1.5,192.168.1.4,454915413,565575837,74,0,689467
487,1574591819.34805,192.168.1.5,192.168.1.4,454915487,565575837,241,0,689226
488,1574591819.348368,192.168.1.4,192.168.1.5,565575837,454915728,79,1,689305
489,1574591819.34846,192.168.1.4,192.168.1.5,565575916,454915728,79,1,689384
490,1574591819.473848,192.168.1.5,192.168.1.4,1732229921,991855436,472,0,688912
491,1574591819.488122,192.168.1.5,192.168.1.4,1067290105,3955683112,98,0,688814
492,1574591819.503972,192.168.1.5,192.168.1.4,1631441462,1286273733,343,0,688471
493,1574591819.504607,192.168.1.4,192.168.1.5,991855436,1732230393,4344,1,692815
494,1574591819.504973,192.168.1.4,192.168.1.5,991859780,1732230393,22,1,692837
495,1574591819.505009,192.168.1.4,192.168.1.5,1286273733,1631441805,99,1,692936
496,1574591819.505508,192.168.1.5,192.168.1.4,1631441805,1286273832,382,0,692554
497,1574591819.505608,192.168.1.4,192.168.1.5,991859802,1732230393,5792,1,698346
498,1574591819.505714,192.168.1.4,192.168.1.5,991865594,1732230393,2918,1,701264
499,1574591819.506465,192.168.1.4,192.168.1.5,991868512,1732230393,1470,1,702734
500,1574591819.507891,192.168.1.4,192.168.1.5,3955683112,1067290203,2918,1,705652
501,1574591819.510859,192.168.1.4,192.168.1.5,3955686030,1067290203,1470,1,707122
502,1574591819.511375,192.168.1.5,192.168.1.4,764697991,1457185710,343,0,706779
503,1574591819.511563,192.168.1.4,192.168.1.5,3955687500,1067290203,5792,1,712571
504,1574591819.512665,192.168.1.4,192.168.1.5,3955693292,1067290203,1470,1,714041
505,1574591819.513076,192.168.1.4,192.168.1.5,3955694762,1067290203,2918,1,716959
506,1574591819.513584,192.168.1.4,192.168.1.5,3955697680,1067290203,2918,1,719877
507,1574591819.514438,192.168.1.4,192.168.1.5,3955700598,1067290203,2918,1,722795
508,1574591819.516406,192.168.1.4,192.168.1.5,3955703516,1067290203,2918,1,725713
509,1574591819.516748,192.168.1.4,192.168.1.5,1457185710,764698334,99,1,725812
510,1574591819.517156,192.168.1.5,192.168.1.4,764698334,1457185809,382,0,725430
511,1574591819.517363,192.168.1.4,192.168.1.5,3955706434,1067290203,605,1,726035
512,1574591819.533984,192.168.1.4,192.168.1.5,991869982,1732230393,4118,1,730153
513,1574591819.53954,192.168.1.4,192.168.1.5,1286273832,1631442187,2266,1,732419
514,1574591819.541014,192.168.1.5,192.168.1.4,1631442187,1286276098,74,0,732345
515,1574591819.541353,192.168.1.4,192.168.1.5,1286276098,1631442261,79,1,732424
516,1574591819.541436,192.168.1.4,192.168.1.5,1286276177,1631442261,79,1,732503
517,1574591819.542072,192.168.1.5,192.168.1.4,1631442261,1286276256,231,0,732272
518,1574591819.5443,192.168.1.4,192.168.1.5,1457185809,764698716,2266,1,734538
519,1574591819.545616,192.168.1.5,192.168.1.4,764698716,1457188075,74,0,734464
520,1574591819.545775,192.168.1.5,192.168.1.4,764698790,1457188075,231,0,734233
521,1574591819.54612,192.168.1.4,192.168.1.5,1457188075,764699021,79,1,734312
522,1574591819.546203,192.168.1.4,192.168.1.5,1457188154,764699021,79,1,734391
523,1574591819.559469,192.168.1.5,192.168.1.4,3625026520,324056431,446,0,733945
524,1574591819.566273,192.168.1.5,192.168.1.4,2313838630,3449976697,446,0,733499
525,1574591819.574581,192.168.1.4,192.168.1.5,991874100,1732230393,16406,1,749905
526,1574591819.574677,192.168.1.4,192.168.1.5,991890506,1732230393,2896,1,752801
527,1574591819.57478,192.168.1.4,192.168.1.5,991893402,1732230393,2831,1,755632
528,1574591819.595965,192.168.1.4,192.168.1.5,324056431,3625026966,1008,1,756640
529,1574591819.602224,192.168.1.4,192.168.1.5,3449976697,2313839076,1006,1,757646
530,1574591819.787372,192.168.1.5,192.168.1.4,2735738718,2770648648,630,0,757016
531,1574591819.829265,192.168.1.4,192.168.1.5,2770648648,2735739348,1142,1,758158
532,1574591819.938993,192.168.1.5,192.168.1.4,3108886781,2613974054,343,0,757815
533,1574591819.939452,192.168.1.4,192.168.1.5,2613974054,3108887124,99,1,757914
534,1574591819.940014,192.168.1.5,192.168.1.4,3108887124,2613974153,382,0,757532
535,1574591819.952689,192.168.1.5,192.168.1.4,2059976414,889981569,343,0,757189
536,1574591819.955557,192.168.1.4,192.168.1.5,2613974153,3108887506,2266,1,759455
537,1574591819.956373,192.168.1.4,192.168.1.5,889981569,2059976757,99,1,759554
538,1574591819.957282,192.168.1.5,192.168.1.4,3108887506,2613976419,74,0,759480
539,1574591819.957519,192.168.1.5,192.168.1.4,3108887580,2613976419,245,0,759235
540,1574591819.957759,192.168.1.4,192.168.1.5,2613976419,3108887825,79,1,759314
541,1574591819.957862,192.168.1.4,192.168.1.5,2613976498,3108887825,79,1,759393
542,1574591819.958033,192.168.1.5,192.168.1.4,2059976757,889981668,382,0,759011
543,1574591819.959528,192.168.1.5,192.168.1.4,643120480,865312202,108,0,758903
544,1574591819.960508,192.168.1.5,192.168.1.4,643120588,865312202,53,0,758850
545,1574591819.961399,192.168.1.5,192.168.1.4,643120641,865312202,282,0,758568
546,1574591819.975521,192.168.1.4,192.168.1.5,889981668,2059977139,2266,1,760834
547,1574591819.976413,192.168.1.5,192.168.1.4,2059977139,889983934,74,0,760760
548,1574591819.97656,192.168.1.5,192.168.1.4,2059977213,889983934,247,0,760513
549,1574591819.976976,192.168.1.4,192.168.1.5,889983934,2059977460,79,1,760592
550,1574591819.977,192.168.1.4,192.168.1.5,889984013,2059977460,79,1,760671
551,1574591820.036735,192.168.1.5,192.168.1.4,2776513789,2405454085,115,0,760556
552,1574591820.039584,192.168.1.5,192.168.1.4,2776513904,2405454085,60,0,760496
553,1574591820.040332,192.168.1.5,192.168.1.4,2776513964,2405454085,392,0,760104
554,1574591820.048636,192.168.1.5,192.168.1.4,2776514356,2405454085,188,0,759916
555,1574591820.052303,192.168.1.4,192.168.1.5,865312202,643120923,2896,1,762812
556,1574591820.052569,192.168.1.4,192.168.1.5,865315098,643120923,8688,1,771500
557,1574591820.05279,192.168.1.4,192.168.1.5,865323786,643120923,2896,1,774396
558,1574591820.052817,192.168.1.4,192.168.1.5,865326682,643120923,1926,1,776322
559,1574591820.052839,192.168.1.4,192.168.1.5,865328608,643120923,6745,1,783067
560,1574591820.052863,192.168.1.4,192.168.1.5,865335353,643120923,1440,1,784507
561,1574591820.060706,192.168.1.5,192.168.1.4,2776514544,2405454085,167,0,784340
562,1574591820.060768,192.168.1.4,192.168.1.5,2405454085,2776514544,60,1,784400
563,1574591820.060998,192.168.1.4,192.168.1.5,865336793,643120923,1440,1,785840
564,1574591820.068878,192.168.1.5,192.168.1.4,2776514711,2405454145,176,0,785664
565,1574591820.074976,192.168.1.4,192.168.1.5,2405454145,2776514887,2070,1,787734
566,1574591820.075966,192.168.1.5,192.168.1.4,2776514887,2405456215,180,0,787554
567,1574591820.076279,192.168.1.4,192.168.1.5,2405456215,2776515067,5792,1,793346
568,1574591820.076406,192.168.1.4,192.168.1.5,2405462007,2776515067,8688,1,802034
569,1574591820.076509,192.168.1.4,192.168.1.5,2405470695,2776515067,2896,1,804930
570,1574591820.076611,192.168.1.4,192.168.1.5,2405473591,2776515067,5792,1,810722
571,1574591820.076665,192.168.1.4,192.168.1.5,2405479383,2776515067,4028,1,814750
572,1574591820.09428,192.168.1.4,192.168.1.5,865338233,643120923,2070,1,816820
573,1574591820.094501,192.168.1.4,192.168.1.5,865340303,643120923,2070,1,818890
574,1574591820.094611,192.168.1.4,192.168.1.5,865342373,643120923,2070,1,820960
575,1574591820.101298,192.168.1.4,192.168.1.5,2405483411,2776515067,16406,1,837366
576,1574591820.101384,192.168.1.4,192.168.1.5,2405499817,2776515067,14480,1,851846
577,1574591820.101834,192.168.1.4,192.168.1.5,2405514297,2776515067,1966,1,853812
578,1574591820.111706,192.168.1.4,192.168.1.5,2405516263,2776515067,8688,1,862500
579,1574591820.111945,192.168.1.4,192.168.1.5,2405524951,2776515067,7718,1,870218
580,1574591820.112008,192.168.1.4,192.168.1.5,2405532669,2776515067,15928,1,886146
581,1574591820.112037,192.168.1.4,192.168.1.5,2405548597,2776515067,2340,1,888486
582,1574591820.119884,192.168.1.5,192.168.1.4,3758609816,4109678834,24,0,888462
583,1574591820.120273,192.168.1.4,192.168.1.5,4109678834,3758609840,24,1,888486
584,1574591820.121519,192.168.1.5,192.168.1.4,2338967189,3383174210,343,0,888143
585,1574591820.121892,192.168.1.4,192.168.1.5,3383174210,2338967532,99,1,888242
586,1574591820.122455,192.168.1.5,192.168.1.4,2338967532,3383174309,382,0,887860
587,1574591820.126908,192.168.1.4,192.168.1.5,2405550937,2776515067,16406,1,904266
588,1574591820.126996,192.168.1.4,192.168.1.5,2405567343,2776515067,16406,1,920672
589,1574591820.127026,192.168.1.4,192.168.1.5,2405583749,2776515067,454,1,921126
590,1574591820.133333,192.168.1.5,192.168.1.4,2735739348,2770649790,701,0,920425
591,1574591820.134648,192.168.1.4,192.168.1.5,3383174309,2338967914,2266,1,922691
592,1574591820.135505,192.168.1.5,192.168.1.4,2338967914,3383176575,74,0,922617
593,1574591820.135629,192.168.1.5,192.168.1.4,2338967988,3383176575,235,0,922382
594,1574591820.135861,192.168.1.4,192.168.1.5,3383176575,2338968223,79,1,922461
595,1574591820.135931,192.168.1.4,192.168.1.5,3383176654,2338968223,79,1,922540
596,1574591820.138293,192.168.1.4,192.168.1.5,865344443,643120923,16406,1,938946
597,1574591820.138415,192.168.1.4,192.168.1.5,865360849,643120923,8688,1,947634
598,1574591820.138836,192.168.1.4,192.168.1.5,865369537,643120923,4602,1,952236
599,1574591820.142892,192.168.1.5,192.168.1.4,643120923,865374139,61,0,952175
600,1574591820.154819,192.168.1.4,192.168.1.5,2405584203,2776515067,8688,1,960863
601,1574591820.155014,192.168.1.4,192.168.1.5,2405592891,2776515067,7718,1,968581
602,1574591820.155091,192.168.1.4,192.168.1.5,2405600609,2776515067,16406,1,984987
603,1574591820.15513,192.168.1.4,192.168.1.5,2405617015,2776515067,558,1,985545
604,1574591820.159722,192.168.1.5,192.168.1.4,2313839076,3449977703,589,0,984956
605,1574591820.179044,192.168.1.4,192.168.1.5,2770649790,2735740049,745,1,985701
606,1574591820.196106,192.168.1.4,192.168.1.5,3449977703,2313839665,665,1,986366
607,1574591820.198412,192.168.1.4,192.168.1.5,2405617573,2776515067,16406,1,1002772
608,1574591820.198449,192.168.1.4,192.168.1.5,2405633979,2776515067,3255,1,1006027
609,1574591820.221727,192.168.1.5,192.168.1.4,2313839665,3449978368,591,0,1005436
610,1574591820.243599,192.168.1.5,192.168.1.4,3625026966,324057439,577,0,1004859
611,1574591820.261456,192.168.1.4,192.168.1.5,3449978368,2313840256,1629,1,1006488
612,1574591820.263242,192.168.1.5,192.168.1.4,2313840256,3449979997,581,0,1005907
613,1574591820.282393,192.168.1.4,192.168.1.5,324057439,3625027543,1741,1,1007648
614,1574591820.289192,192.168.1.5,192.168.1.4,3625027543,324059180,582,0,1007066
615,1574591820.321008,192.168.1.4,192.168.1.5,3449979997,2313840837,2053,1,1009119
616,1574591820.326361,192.168.1.4,192.168.1.5,324059180,3625028125,2070,1,1011189
617,1574591820.328309,192.168.1.5,192.168.1.4,2313840837,3449982050,575,0,1010614
618,1574591820.364253,192.168.1.4,192.168.1.5,3449982050,2313841412,912,1,1011526
619,1574591820.366421,192.168.1.5,192.168.1.4,2313841412,3449982962,579,0,1010947
620,1574591820.370137,192.168.1.4,192.168.1.5,324061250,3625028125,122,1,1011069
621,1574591820.375099,192.168.1.4,192.168.1.5,2058179741,3700416988,91,1,1011160
622,1574591820.376741,192.168.1.5,192.168.1.4,3625028125,324061372,580,0,1010580
623,1574591820.37916,192.168.1.5,192.168.1.4,3700416988,2058179832,539,0,1010041
624,1574591820.414448,192.168.1.4,192.168.1.5,324061372,3625028705,940,1,1010981
625,1574591820.416001,192.168.1.4,192.168.1.5,3449982962,2313841991,1771,1,1012752
626,1574591820.420636,192.168.1.4,192.168.1.5,2058179832,3700417527,1470,1,1014222
627,1574591820.421801,192.168.1.5,192.168.1.4,3625028705,324062312,582,0,1013640
628,1574591820.426118,192.168.1.5,192.168.1.4,2313841991,3449984733,587,0,1013053
629,1574591820.462278,192.168.1.4,192.168.1.5,2058181302,3700417527,4311,1,1017364
630,1574591820.46917,192.168.1.5,192.168.1.4,3700417527,2058185613,102,0,1017262
631,1574591820.476303,192.168.1.5,192.168.1.4,3700417629,2058185613,108,0,1017154
632,1574591820.476511,192.168.1.5,192.168.1.4,1196010183,3040456744,24,0,1017130
633,1574591820.476689,192.168.1.5,192.168.1.4,4276448453,3163905197,24,0,1017106
634,1574591820.477022,192.168.1.5,192.168.1.4,1306462331,1801188652,24,0,1017082
635,1574591820.477228,192.168.1.5,192.168.1.4,1818072228,2801200639,24,0,1017058
636,1574591820.477888,192.168.1.5,192.168.1.4,3700417737,2058185613,290,0,1016768
637,1574591820.477954,192.168.1.4,192.168.1.5,324062312,3625029287,1070,1,1017838
638,1574591820.478334,192.168.1.4,192.168.1.5,3449984733,2313842578,1627,1,1019465
639,1574591820.487273,192.168.1.5,192.168.1.4,3700418027,2058185613,92,0,1019373
640,1574591820.487545,192.168.1.5,192.168.1.4,3700418119,2058185613,92,0,1019281
641,1574591820.487773,192.168.1.5,192.168.1.4,3700418211,2058185613,92,0,1019189
642,1574591820.487913,192.168.1.5,192.168.1.4,3700418303,2058185613,92,0,1019097
643,1574591820.506747,192.168.1.4,192.168.1.5,2058185613,3700418395,658,1,1019755
644,1574591820.52007,192.168.1.5,192.168.1.4,3700418395,2058186271,53,0,1019702
645,1574591820.521049,192.168.1.5,192.168.1.4,2313842578,3449986360,577,0,1019125
646,1574591820.522696,192.168.1.5,192.168.1.4,3625029287,324063382,579,0,1018546
647,1574591820.525776,192.168.1.4,192.168.1.5,2058186271,3700418448,1995,1,1020541
648,1574591820.543273,192.168.1.5,192.168.1.4,3413742776,3573156848,578,0,1019963
649,1574591820.5632,192.168.1.4,192.168.1.5,324063382,3625029866,1744,1,1021707
650,1574591820.563254,192.168.1.4,192.168.1.5,3449986360,2313843155,1172,1,1022879
651,1574591820.566742,192.168.1.4,192.168.1.5,2058188266,3700418448,7368,1,1030247
652,1574591820.5798,192.168.1.4,192.168.1.5,3573156848,3413743354,1499,1,1031746
653,1574591820.592721,192.168.1.5,192.168.1.4,2313843155,3449987532,582,0,1031164
654,1574591820.619205,192.168.1.4,192.168.1.5,3573158347,3413743354,603,1,1031767
655,1574591820.619789,192.168.1.5,192.168.1.4,3625029866,324065126,581,0,1031186
656,1574591820.634692,192.168.1.4,192.168.1.5,3449987532,2313843737,2070,1,1033256
657,1574591820.671604,192.168.1.4,192.168.1.5,324065126,3625030447,1499,1,1034755
658,1574591820.678392,192.168.1.4,192.168.1.5,3449989602,2313843737,2804,1,1037559
659,1574591820.704113,192.168.1.5,192.168.1.4,1119710107,3655142285,343,0,1037216
660,1574591820.704524,192.168.1.4,192.168.1.5,3655142285,1119710450,99,1,1037315
661,1574591820.705084,192.168.1.5,192.168.1.4,1119710450,3655142384,382,0,1036933
662,1574591820.706427,192.168.1.4,192.168.1.5,324066625,3625030447,881,1,1037814
663,1574591820.720759,192.168.1.4,192.168.1.5,3655142384,1119710832,2266,1,1040080
664,1574591820.721843,192.168.1.5,192.168.1.4,1119710832,3655144650,74,0,1040006
665,1574591820.722021,192.168.1.5,192.168.1.4,1119710906,3655144650,243,0,1039763
666,1574591820.722379,192.168.1.4,192.168.1.5,3655144650,1119711149,79,1,1039842
667,1574591820.723334,192.168.1.4,192.168.1.5,3655144729,1119711149,79,1,1039921
668,1574591820.745794,192.168.1.5,192.168.1.4,4083904780,2751100078,343,0,1039578
669,1574591820.746279,192.168.1.4,192.168.1.5,2751100078,4083905123,99,1,1039677
670,1574591820.746777,192.168.1.5,192.168.1.4,4083905123,2751100177,382,0,1039295
671,1574591820.763,192.168.1.4,192.168.1.5,2751100177,4083905505,2266,1,1041561
672,1574591820.764037,192.168.1.5,192.168.1.4,4083905505,2751102443,74,0,1041487
673,1574591820.764463,192.168.1.4,192.168.1.5,2751102443,4083905579,79,1,1041566
674,1574591820.764562,192.168.1.4,192.168.1.5,2751102522,4083905579,79,1,1041645
675,1574591820.765142,192.168.1.5,192.168.1.4,4083905579,2751102601,235,0,1041410
676,1574591821.08552,192.168.1.4,192.168.1.5,318016544,4137484659,91,1,1041501
677,1574591821.086087,192.168.1.5,192.168.1.4,4137484659,318016635,539,0,1040962
678,1574591821.117483,192.168.1.4,192.168.1.5,318016635,4137485198,121,1,1041083
679,1574591821.118162,192.168.1.5,192.168.1.4,4137485198,318016756,545,0,1040538
680,1574591821.135095,192.168.1.5,192.168.1.4,213174866,2373076047,343,0,1040195
681,1574591821.135788,192.168.1.4,192.168.1.5,2373076047,213175209,99,1,1040294
682,1574591821.136132,192.168.1.5,192.168.1.4,213175209,2373076146,382,0,1039912
683,1574591821.15109,192.168.1.4,192.168.1.5,2373076146,213175591,2266,1,1042178
684,1574591821.151787,192.168.1.4,192.168.1.5,318016756,4137485743,1470,1,1043648
685,1574591821.152376,192.168.1.5,192.168.1.4,213175591,2373078412,74,0,1043574
686,1574591821.152518,192.168.1.5,192.168.1.4,213175665,2373078412,239,0,1043335
687,1574591821.15337,192.168.1.4,192.168.1.5,2373078412,213175904,79,1,1043414
688,1574591821.153396,192.168.1.4,192.168.1.5,2373078491,213175904,79,1,1043493
689,1574591821.191635,192.168.1.5,192.168.1.4,1854525193,2465119061,486,0,1043007
690,1574591821.192574,192.168.1.5,192.168.1.4,1854525679,2465119061,2499,0,1040508
691,1574591821.194188,192.168.1.4,192.168.1.5,318018226,4137485743,3667,1,1044175
692,1574591821.208919,192.168.1.5,192.168.1.4,4137485743,318021893,96,0,1044079
693,1574591821.209209,192.168.1.5,192.168.1.4,4137485839,318021893,108,0,1043971
694,1574591821.210162,192.168.1.5,192.168.1.4,4137485947,318021893,364,0,1043607
695,1574591821.212784,192.168.1.5,192.168.1.4,1717416343,1940193726,2896,0,1040711
696,1574591821.21289,192.168.1.5,192.168.1.4,1717419239,1940193726,2732,0,1037979
697,1574591821.215371,192.168.1.5,192.168.1.4,2831661710,3373434849,663,0,1037316
698,1574591821.241722,192.168.1.4,192.168.1.5,318021893,4137486311,691,1,1038007
699,1574591821.242274,192.168.1.5,192.168.1.4,4137486311,318022584,53,0,1037954
700,1574591821.247866,192.168.1.4,192.168.1.5,318022584,4137486364,2070,1,1040024
701,1574591821.254912,192.168.1.4,192.168.1.5,318024654,4137486364,14480,1,1054504
702,1574591821.255282,192.168.1.4,192.168.1.5,318039134,4137486364,14480,1,1068984
703,1574591821.257297,192.168.1.4,192.168.1.5,318053614,4137486364,7446,1,1076430
704,1574591821.290177,192.168.1.4,192.168.1.5,3373434849,2831662373,1508,1,1077938
705,1574591821.298387,192.168.1.4,192.168.1.5,318061060,4137486364,15346,1,1093284
706,1574591821.341476,192.168.1.4,192.168.1.5,2465119061,1854528178,1436,1,1094720
707,1574591821.49884,192.168.1.5,192.168.1.4,2363154073,1765741325,895,0,1093825
708,1574591821.713166,192.168.1.5,192.168.1.4,643120984,865374139,1882,0,1091943
709,1574591821.71843,192.168.1.5,192.168.1.4,643122866,865374139,104,0,1091839
710,1574591821.722954,192.168.1.5,192.168.1.4,1137103447,626987647,343,0,1091496
711,1574591821.723844,192.168.1.4,192.168.1.5,626987647,1137103790,99,1,1091595
712,1574591821.724126,192.168.1.5,192.168.1.4,1137103790,626987746,382,0,1091213
713,1574591821.731111,192.168.1.5,192.168.1.4,1717421971,1940193726,24,0,1091189
714,1574591821.731631,192.168.1.4,192.168.1.5,1940193726,1717421995,24,1,1091213
715,1574591821.737421,192.168.1.4,192.168.1.5,626987746,1137104172,2266,1,1093479
716,1574591821.738714,192.168.1.5,192.168.1.4,1137104172,626990012,74,0,1093405
717,1574591821.738835,192.168.1.5,192.168.1.4,1137104246,626990012,257,0,1093148
718,1574591821.73916,192.168.1.4,192.168.1.5,626990012,1137104503,79,1,1093227
719,1574591821.739753,192.168.1.4,192.168.1.5,626990091,1137104503,79,1,1093306
720,1574591821.753658,192.168.1.4,192.168.1.5,1765741325,2363154968,686,1,1093992
721,1574591821.75784,192.168.1.4,192.168.1.5,865374139,643122970,1541,1,1095533
722,1574591821.798502,192.168.1.4,192.168.1.5,865375680,643122970,14480,1,1110013
723,1574591821.798734,192.168.1.4,192.168.1.5,865390160,643122970,10154,1,1120167
724,1574591821.799806,192.168.1.5,192.168.1.4,643122970,865400314,61,0,1120106
725,1574591821.837038,192.168.1.5,192.168.1.4,4061407808,2101793944,343,0,1119763
726,1574591821.837451,192.168.1.4,192.168.1.5,2101793944,4061408151,99,1,1119862
727,1574591821.838,192.168.1.5,192.168.1.4,4061408151,2101794043,382,0,1119480
728,1574591821.841212,192.168.1.5,192.168.1.4,2831662373,3373436357,24,0,1119456
729,1574591821.842047,192.168.1.4,192.168.1.5,3373436357,2831662397,24,1,1119480
730,1574591821.844214,192.168.1.5,192.168.1.4,92952672,2695675060,343,0,1119137
731,1574591821.846671,192.168.1.4,192.168.1.5,2695675060,92953015,99,1,1119236
732,1574591821.847041,192.168.1.5,192.168.1.4,92953015,2695675159,382,0,1118854
733,1574591821.868372,192.168.1.4,192.168.1.5,2101794043,4061408533,2266,1,1121120
734,1574591821.869432,192.168.1.5,192.168.1.4,4061408533,2101796309,74,0,1121046
735,1574591821.869592,192.168.1.5,192.168.1.4,4061408607,2101796309,247,0,1120799
736,1574591821.869874,192.168.1.4,192.168.1.5,2101796309,4061408854,79,1,1120878
737,1574591821.869979,192.168.1.4,192.168.1.5,2101796388,4061408854,79,1,1120957
738,1574591821.87941,192.168.1.4,192.168.1.5,2695675159,92953397,2266,1,1123223
739,1574591821.88043,192.168.1.5,192.168.1.4,92953397,2695677425,74,0,1123149
740,1574591821.880591,192.168.1.5,192.168.1.4,92953471,2695677425,247,0,1122902
741,1574591821.880885,192.168.1.4,192.168.1.5,2695677425,92953718,79,1,1122981
742,1574591821.881042,192.168.1.4,192.168.1.5,2695677504,92953718,79,1,1123060
743,1574591822.271182,192.168.1.4,192.168.1.5,865400314,643123031,2070,1,1125130
744,1574591822.314321,192.168.1.4,192.168.1.5,865402384,643123031,14480,1,1139610
745,1574591822.314584,192.168.1.4,192.168.1.5,865416864,643123031,13032,1,1152642
746,1574591822.315743,192.168.1.4,192.168.1.5,865429896,643123031,1443,1,1154085
747,1574591822.322529,192.168.1.5,192.168.1.4,643123031,865431339,61,0,1154024
748,1574591822.340103,192.168.1.5,192.168.1.4,841222719,3482555174,24,0,1154000
749,1574591822.340756,192.168.1.4,192.168.1.5,3482555174,841222744,24,1,1154024
750,1574591822.342279,192.168.1.5,192.168.1.4,3536447179,3570288161,343,0,1153681
751,1574591822.342649,192.168.1.4,192.168.1.5,3570288161,3536447522,99,1,1153780
752,1574591822.343093,192.168.1.5,192.168.1.4,3536447522,3570288260,382,0,1153398
753,1574591822.348412,192.168.1.5,192.168.1.4,2735740049,2770650535,24,0,1153374
754,1574591822.349001,192.168.1.4,192.168.1.5,2770650535,2735740073,24,1,1153398
755,1574591822.351526,192.168.1.5,192.168.1.4,3170406161,3455188757,343,0,1153055
756,1574591822.35417,192.168.1.5,192.168.1.4,1854528178,2465120497,24,0,1153031
757,1574591822.35486,192.168.1.4,192.168.1.5,2465120497,1854528202,24,1,1153055
758,1574591822.355973,192.168.1.4,192.168.1.5,3455188757,3170406504,99,1,1153154
759,1574591822.356242,192.168.1.5,192.168.1.4,3170406504,3455188856,382,0,1152772
760,1574591822.356597,192.168.1.5,192.168.1.4,1260703277,2540153144,343,0,1152429
761,1574591822.375985,192.168.1.4,192.168.1.5,2540153144,1260703620,99,1,1152528
762,1574591822.376328,192.168.1.5,192.168.1.4,1260703620,2540153243,382,0,1152146
763,1574591822.386019,192.168.1.4,192.168.1.5,3570288260,3536447904,2266,1,1154412
764,1574591822.387057,192.168.1.5,192.168.1.4,3536447904,3570290526,74,0,1154338
765,1574591822.38719,192.168.1.5,192.168.1.4,3536447978,3570290526,243,0,1154095
766,1574591822.390532,192.168.1.4,192.168.1.5,3570290526,3536448221,79,1,1154174
767,1574591822.390608,192.168.1.4,192.168.1.5,3570290605,3536448221,79,1,1154253
768,1574591822.396722,192.168.1.4,192.168.1.5,3455188856,3170406886,2266,1,1156519
769,1574591822.397576,192.168.1.5,192.168.1.4,3170406886,3455191122,74,0,1156445
770,1574591822.397722,192.168.1.5,192.168.1.4,3170406960,3455191122,243,0,1156202
771,1574591822.403204,192.168.1.4,192.168.1.5,2540153243,1260704002,2266,1,1158468
772,1574591822.403517,192.168.1.4,192.168.1.5,3455191122,3170407203,79,1,1158547
773,1574591822.403532,192.168.1.4,192.168.1.5,3455191201,3170407203,79,1,1158626
774,1574591822.404331,192.168.1.5,192.168.1.4,1260704002,2540155509,74,0,1158552
775,1574591822.404457,192.168.1.5,192.168.1.4,1260704076,2540155509,243,0,1158309
776,1574591822.404772,192.168.1.4,192.168.1.5,2540155509,1260704319,79,1,1158388
777,1574591822.404854,192.168.1.4,192.168.1.5,2540155588,1260704319,79,1,1158467
778,1574591822.421987,192.168.1.5,192.168.1.4,2363154968,1765742011,24,0,1158443
779,1574591822.422473,192.168.1.4,192.168.1.5,1765742011,2363154992,24,1,1158467
780,1574591822.424071,192.168.1.5,192.168.1.4,1534073940,193832491,343,0,1158124
781,1574591822.424483,192.168.1.4,192.168.1.5,193832491,1534074283,99,1,1158223
782,1574591822.42491,192.168.1.5,192.168.1.4,1534074283,193832590,382,0,1157841
783,1574591822.438607,192.168.1.5,192.168.1.4,643123092,865431339,475,0,1157366
784,1574591822.442751,192.168.1.4,192.168.1.5,193832590,1534074665,2266,1,1159632
785,1574591822.443999,192.168.1.5,192.168.1.4,1534074665,193834856,74,0,1159558
786,1574591822.444212,192.168.1.5,192.168.1.4,1534074739,193834856,257,0,1159301
787,1574591822.444503,192.168.1.4,192.168.1.5,193834856,1534074996,79,1,1159380
788,1574591822.444591,192.168.1.4,192.168.1.5,193834935,1534074996,79,1,1159459
789,1574591822.545869,192.168.1.5,192.168.1.4,4135834711,673430798,107,0,1159352
790,1574591822.583942,192.168.1.5,192.168.1.4,1732230393,991896233,24,0,1159328
791,1574591822.584439,192.168.1.4,192.168.1.5,991896233,1732230417,24,1,1159352
792,1574591822.589173,192.168.1.5,192.168.1.4,2213440647,897352134,343,0,1159009
793,1574591822.589613,192.168.1.4,192.168.1.5,897352134,2213440990,99,1,1159108
794,1574591822.589962,192.168.1.5,192.168.1.4,2213440990,897352233,382,0,1158726
795,1574591822.593378,192.168.1.5,192.168.1.4,225444001,2312083911,24,0,1158702
796,1574591822.593947,192.168.1.4,192.168.1.5,2312083911,225444025,24,1,1158726
797,1574591822.595155,192.168.1.5,192.168.1.4,3486597003,1862029742,343,0,1158383
798,1574591822.596789,192.168.1.5,192.168.1.4,2407072943,657232619,24,0,1158359
799,1574591822.597275,192.168.1.4,192.168.1.5,657232619,2407072967,24,1,1158383
800,1574591822.599092,192.168.1.5,192.168.1.4,2800396451,2553788556,343,0,1158040
801,1574591822.599637,192.168.1.4,192.168.1.5,1862029742,3486597346,99,1,1158139
802,1574591822.599879,192.168.1.5,192.168.1.4,3486597346,1862029841,382,0,1157757
803,1574591822.606817,192.168.1.4,192.168.1.5,2553788556,2800396794,99,1,1157856
804,1574591822.607183,192.168.1.5,192.168.1.4,2800396794,2553788655,382,0,1157474
805,1574591822.610755,192.168.1.4,192.168.1.5,897352233,2213441372,2266,1,1159740
806,1574591822.611625,192.168.1.5,192.168.1.4,2213441372,897354499,74,0,1159666
807,1574591822.611751,192.168.1.5,192.168.1.4,2213441446,897354499,243,0,1159423
808,1574591822.613516,192.168.1.4,192.168.1.5,673430798,4135834818,1576,1,1160999
809,1574591822.613791,192.168.1.4,192.168.1.5,897354499,2213441689,79,1,1161078
810,1574591822.613811,192.168.1.4,192.168.1.5,897354578,2213441689,79,1,1161157
811,1574591822.62538,192.168.1.4,192.168.1.5,2553788655,2800397176,2266,1,1163423
812,1574591822.626404,192.168.1.5,192.168.1.4,2800397176,2553790921,74,0,1163349
813,1574591822.62651,192.168.1.5,192.168.1.4,2800397250,2553790921,247,0,1163102
814,1574591822.627143,192.168.1.4,192.168.1.5,1862029841,3486597728,2266,1,1165368
815,1574591822.627407,192.168.1.4,192.168.1.5,2553790921,2800397497,79,1,1165447
816,1574591822.627485,192.168.1.4,192.168.1.5,2553791000,2800397497,79,1,1165526
817,1574591822.630438,192.168.1.5,192.168.1.4,3486597728,1862032107,74,0,1165452
818,1574591822.6306,192.168.1.5,192.168.1.4,3486597802,1862032107,247,0,1165205
819,1574591822.630941,192.168.1.4,192.168.1.5,1862032107,3486598049,79,1,1165284
820,1574591822.631007,192.168.1.4,192.168.1.5,1862032186,3486598049,79,1,1165363
821,1574591822.650756,192.168.1.4,192.168.1.5,865431339,643123567,400,1,1165763
822,1574591822.653448,192.168.1.5,192.168.1.4,643123567,865431739,61,0,1165702
823,1574591822.654204,192.168.1.4,192.168.1.5,673432374,4135834818,4344,1,1170046
824,1574591822.654323,192.168.1.4,192.168.1.5,673436718,4135834818,8688,1,1178734
825,1574591822.654401,192.168.1.4,192.168.1.5,673445406,4135834818,1448,1,1180182
826,1574591822.654407,192.168.1.4,192.168.1.5,673446854,4135834818,1926,1,1182108
827,1574591822.654524,192.168.1.4,192.168.1.5,673448780,4135834818,5792,1,1187900
828,1574591822.654555,192.168.1.4,192.168.1.5,673454572,4135834818,534,1,1188434
829,1574591822.676041,192.168.1.4,192.168.1.5,673455106,4135834818,1440,1,1189874
830,1574591822.719236,192.168.1.4,192.168.1.5,673456546,4135834818,4344,1,1194218
831,1574591822.728888,192.168.1.4,192.168.1.5,673460890,4135834818,535,1,1194753
832,1574591822.729914,192.168.1.5,192.168.1.4,4135834818,673461425,61,0,1194692
833,1574591822.822502,192.168.1.5,192.168.1.4,643123628,865431739,631,0,1194061
834,1574591822.864743,192.168.1.4,192.168.1.5,865431739,643124259,187,1,1194248
835,1574591822.897155,192.168.1.5,192.168.1.4,1532443720,105491317,24,0,1194224
836,1574591822.897779,192.168.1.4,192.168.1.5,105491317,1532443744,24,1,1194248
837,1574591822.900618,192.168.1.5,192.168.1.4,1313667370,2778457672,343,0,1193905
838,1574591822.90105,192.168.1.4,192.168.1.5,2778457672,1313667713,99,1,1194004
839,1574591822.901492,192.168.1.5,192.168.1.4,1313667713,2778457771,382,0,1193622
840,1574591822.906281,192.168.1.4,192.168.1.5,865431926,643124259,61,1,1193683
841,1574591822.906758,192.168.1.5,192.168.1.4,643124259,865431987,61,0,1193622
842,1574591822.917876,192.168.1.4,192.168.1.5,2778457771,1313668095,2266,1,1195888
843,1574591822.918967,192.168.1.5,192.168.1.4,1313668095,2778460037,74,0,1195814
844,1574591822.919134,192.168.1.5,192.168.1.4,1313668169,2778460037,247,0,1195567
845,1574591822.919516,192.168.1.4,192.168.1.5,2778460037,1313668416,79,1,1195646
846,1574591822.919614,192.168.1.4,192.168.1.5,2778460116,1313668416,79,1,1195725
847,1574591823.432586,192.168.1.4,192.168.1.5,3163905197,4276448477,91,1,1195816
848,1574591823.432945,192.168.1.4,192.168.1.5,3040456744,1196010207,91,1,1195907
849,1574591823.43296,192.168.1.4,192.168.1.5,3040456835,1196010207,24,1,1195931
850,1574591823.433925,192.168.1.4,192.168.1.5,3163905288,4276448478,24,1,1195955
851,1574591824.13317,192.168.1.5,192.168.1.4,213175904,2373078570,24,0,1195931
852,1574591825.341816,192.168.1.4,192.168.1.5,2801200639,1818072252,91,1,1196022
853,1574591825.342517,192.168.1.4,192.168.1.5,2801200730,1818072252,24,1,1196046
854,1574591825.464802,192.168.1.4,192.168.1.5,1801188652,1306462355,91,1,1196137
855,1574591825.465043,192.168.1.4,192.168.1.5,1801188743,1306462355,24,1,1196161
856,1574591825.586992,192.168.1.4,192.168.1.5,889984092,2059977460,91,1,1196252
857,1574591825.587037,192.168.1.4,192.168.1.5,1286276256,1631442492,91,1,1196343
858,1574591825.587258,192.168.1.4,192.168.1.5,1502102626,1663747925,91,1,1196434
859,1574591825.587432,192.168.1.4,192.168.1.5,2613976577,3108887825,91,1,1196525
860,1574591825.587561,192.168.1.4,192.168.1.5,565575995,454915728,91,1,1196616
861,1574591825.587893,192.168.1.4,192.168.1.5,3655144808,1119711149,91,1,1196707
862,1574591825.588032,192.168.1.4,192.168.1.5,3383176733,2338968223,91,1,1196798
863,1574591825.588801,192.168.1.5,192.168.1.4,2059977460,889984183,539,0,1196259
864,1574591825.589436,192.168.1.5,192.168.1.4,1631442492,1286276347,539,0,1195720
865,1574591825.589892,192.168.1.5,192.168.1.4,1663747925,1502102717,539,0,1195181
866,1574591825.5904,192.168.1.5,192.168.1.4,3108887825,2613976668,539,0,1194642
867,1574591825.590845,192.168.1.5,192.168.1.4,454915728,565576086,539,0,1194103
868,1574591825.591336,192.168.1.5,192.168.1.4,1119711149,3655144899,539,0,1193564
869,1574591825.591786,192.168.1.5,192.168.1.4,2338968223,3383176824,539,0,1193025
870,1574591825.658744,192.168.1.4,192.168.1.5,1286276347,1631443031,2070,1,1195095
871,1574591825.658967,192.168.1.4,192.168.1.5,565576086,454916267,2070,1,1197165
872,1574591825.659256,192.168.1.4,192.168.1.5,3383176824,2338968762,2070,1,1199235
873,1574591825.65954,192.168.1.4,192.168.1.5,889984183,2059977999,2070,1,1201305
874,1574591825.66449,192.168.1.4,192.168.1.5,1502102717,1663748464,169,1,1201474
875,1574591825.664828,192.168.1.4,192.168.1.5,2613976668,3108888364,2070,1,1203544
876,1574591825.668844,192.168.1.5,192.168.1.4,1663748464,1502102886,73,0,1203471
877,1574591825.702468,192.168.1.4,192.168.1.5,3383178894,2338968762,3028,1,1206499
878,1574591825.702512,192.168.1.4,192.168.1.5,565578156,454916267,4464,1,1210963
879,1574591825.702613,192.168.1.4,192.168.1.5,1286278417,1631443031,2978,1,1213941
880,1574591825.70274,192.168.1.4,192.168.1.5,889986253,2059977999,1755,1,1215696
881,1574591825.706319,192.168.1.4,192.168.1.5,2613978738,3108888364,1757,1,1217453
882,1574591825.714058,192.168.1.5,192.168.1.4,2338968762,3383181922,148,0,1217305
883,1574591825.718193,192.168.1.5,192.168.1.4,454916267,565582620,115,0,1217190
884,1574591825.720372,192.168.1.4,192.168.1.5,3655144899,1119711688,2070,1,1219260
885,1574591825.721782,192.168.1.5,192.168.1.4,2059977999,889988008,86,0,1219174
886,1574591825.725548,192.168.1.5,192.168.1.4,1631443031,1286281395,115,0,1219059
887,1574591825.732831,192.168.1.5,192.168.1.4,3108888364,2613980495,86,0,1218973
888,1574591825.733903,192.168.1.5,192.168.1.4,2059978085,889988008,108,0,1218865
889,1574591825.736146,192.168.1.5,192.168.1.4,1631443146,1286281395,410,0,1218455
890,1574591825.736496,192.168.1.5,192.168.1.4,2059978193,889988008,283,0,1218172
891,1574591825.736644,192.168.1.5,192.168.1.4,3108888450,2613980495,108,0,1218064
892,1574591825.738155,192.168.1.5,192.168.1.4,3108888558,2613980495,283,0,1217781
893,1574591825.748389,192.168.1.4,192.168.1.5,3383181922,2338968910,296,1,1218077
894,1574591825.749836,192.168.1.5,192.168.1.4,2338968910,3383182218,478,0,1217599
895,1574591825.750741,192.168.1.4,192.168.1.5,565582620,454916382,280,1,1217879
896,1574591825.755415,192.168.1.4,192.168.1.5,889988008,2059978476,586,1,1218465
897,1574591825.755884,192.168.1.5,192.168.1.4,2059978476,889988594,53,0,1218412
898,1574591825.756569,192.168.1.4,192.168.1.5,1286281395,1631443556,280,1,1218692
899,1574591825.76238,192.168.1.4,192.168.1.5,3655146969,1119711688,1038,1,1219730
900,1574591825.766652,192.168.1.4,192.168.1.5,2613980495,3108888841,586,1,1220316
901,1574591825.766828,192.168.1.4,192.168.1.5,889988594,2059978529,53,1,1220369
902,1574591825.774063,192.168.1.5,192.168.1.4,1119711688,3655148007,148,0,1220221
903,1574591825.774697,192.168.1.5,192.168.1.4,3108888841,2613981081,53,0,1220168
904,1574591825.774833,192.168.1.5,192.168.1.4,1119711836,3655148007,115,0,1220053
905,1574591825.776645,192.168.1.5,192.168.1.4,1119711951,3655148007,562,0,1219491
906,1574591825.784693,192.168.1.4,192.168.1.5,2613981081,3108888894,1195,1,1220686
907,1574591825.784901,192.168.1.4,192.168.1.5,3383182218,2338969388,594,1,1221280
908,1574591825.790977,192.168.1.4,192.168.1.5,1457188233,764699021,91,1,1221371
909,1574591825.798321,192.168.1.4,192.168.1.5,1286281675,1631443556,665,1,1222036
910,1574591825.801682,192.168.1.5,192.168.1.4,3108888894,2613982276,61,0,1221975
911,1574591825.802138,192.168.1.5,192.168.1.4,764699021,1457188324,539,0,1221436
912,1574591825.813986,192.168.1.4,192.168.1.5,889988647,2059978529,964,1,1222400
913,1574591825.814851,192.168.1.5,192.168.1.4,1631443556,1286282340,412,0,1221988
914,1574591825.819007,192.168.1.5,192.168.1.4,1065907854,3352525723,343,0,1221645
915,1574591825.819305,192.168.1.4,192.168.1.5,3352525723,1065908197,99,1,1221744
916,1574591825.819742,192.168.1.5,192.168.1.4,1065908197,3352525822,382,0,1221362
917,1574591825.822904,192.168.1.5,192.168.1.4,2059978529,889989611,61,0,1221301
918,1574591825.830826,192.168.1.4,192.168.1.5,3352525822,1065908579,2266,1,1223567
919,1574591825.831802,192.168.1.5,192.168.1.4,1065908579,3352528088,74,0,1223493
920,1574591825.831932,192.168.1.5,192.168.1.4,1065908653,3352528088,257,0,1223236
921,1574591825.832167,192.168.1.4,192.168.1.5,3352528088,1065908910,79,1,1223315
922,1574591825.838824,192.168.1.4,192.168.1.5,3352528167,1065908910,79,1,1223394
923,1574591825.839088,192.168.1.4,192.168.1.5,1457188324,764699560,178,1,1223572
924,1574591825.840327,192.168.1.5,192.168.1.4,764699560,1457188502,73,0,1223499
925,1574591825.851927,192.168.1.4,192.168.1.5,1286282340,1631443968,1072,1,1224571
926,1574591825.853207,192.168.1.5,192.168.1.4,1663748537,1502102886,24,0,1224547
927,1574591825.853694,192.168.1.4,192.168.1.5,1502102886,1663748561,24,1,1224571
928,1574591825.856188,192.168.1.5,192.168.1.4,3033343786,549218634,343,0,1224228
929,1574591825.856566,192.168.1.4,192.168.1.5,549218634,3033344129,99,1,1224327
930,1574591825.856951,192.168.1.5,192.168.1.4,3033344129,549218733,382,0,1223945
931,1574591825.867506,192.168.1.4,192.168.1.5,549218733,3033344511,2266,1,1226211
932,1574591825.86865,192.168.1.5,192.168.1.4,3033344511,549220999,74,0,1226137
933,1574591825.868834,192.168.1.5,192.168.1.4,3033344585,549220999,257,0,1225880
934,1574591825.869132,192.168.1.4,192.168.1.5,549220999,3033344842,79,1,1225959
935,1574591825.869223,192.168.1.4,192.168.1.5,549221078,3033344842,79,1,1226038
936,1574591825.881838,192.168.1.5,192.168.1.4,454916382,565582900,24,0,1226014
937,1574591825.88234,192.168.1.4,192.168.1.5,565582900,454916407,24,1,1226038
938,1574591825.883911,192.168.1.5,192.168.1.4,2671494551,2696263832,343,0,1225695
939,1574591825.884343,192.168.1.4,192.168.1.5,2696263832,2671494894,99,1,1225794
940,1574591825.884624,192.168.1.5,192.168.1.4,2671494894,2696263931,382,0,1225412
941,1574591825.894194,192.168.1.4,192.168.1.5,2696263931,2671495276,2266,1,1227678
942,1574591825.894642,192.168.1.4,192.168.1.5,3655148007,1119712513,613,1,1228291
943,1574591825.895246,192.168.1.5,192.168.1.4,2671495276,2696266197,74,0,1228217
944,1574591825.895368,192.168.1.5,192.168.1.4,2671495350,2696266197,235,0,1227982
945,1574591825.895622,192.168.1.4,192.168.1.5,2696266197,2671495585,79,1,1228061
946,1574591825.896378,192.168.1.4,192.168.1.5,2696266276,2671495585,79,1,1228140
947,1574591825.897143,192.168.1.5,192.168.1.4,1119712513,3655148620,60,0,1228080
948,1574591825.898122,192.168.1.5,192.168.1.4,2150881856,763713007,24,0,1228056
949,1574591825.898455,192.168.1.4,192.168.1.5,763713007,2150881880,24,1,1228080
950,1574591825.900097,192.168.1.5,192.168.1.4,4000246152,2167009130,343,0,1227737
951,1574591825.900466,192.168.1.4,192.168.1.5,2167009130,4000246495,99,1,1227836
952,1574591825.900791,192.168.1.5,192.168.1.4,4000246495,2167009229,382,0,1227454
953,1574591825.911844,192.168.1.4,192.168.1.5,2167009229,4000246877,2266,1,1229720
954,1574591825.912702,192.168.1.5,192.168.1.4,4000246877,2167011495,74,0,1229646
955,1574591825.912823,192.168.1.5,192.168.1.4,4000246951,2167011495,257,0,1229389
956,1574591825.913077,192.168.1.4,192.168.1.5,2167011495,4000247208,79,1,1229468
957,1574591825.91309,192.168.1.4,192.168.1.5,2167011574,4000247208,79,1,1229547
958,1574591826.766516,192.168.1.4,192.168.1.5,2751102601,4083905814,91,1,1229638
959,1574591826.767388,192.168.1.5,192.168.1.4,4083905814,2751102692,539,0,1229099
960,1574591826.804539,192.168.1.4,192.168.1.5,2751102692,4083906353,2070,1,1231169
961,1574591826.846433,192.168.1.4,192.168.1.5,2751104762,4083906353,3188,1,1234357
962,1574591826.852683,192.168.1.5,192.168.1.4,4083906353,2751107950,148,0,1234209
963,1574591826.911568,192.168.1.4,192.168.1.5,2751107950,4083906501,73,1,1234282
964,1574591826.91199,192.168.1.5,192.168.1.4,4083906501,2751108023,417,0,1233865
965,1574591826.953564,192.168.1.4,192.168.1.5,2751108023,4083906918,2070,1,1235935
966,1574591826.959236,192.168.1.4,192.168.1.5,2751110093,4083906918,14480,1,1250415
967,1574591826.959504,192.168.1.4,192.168.1.5,2751124573,4083906918,14480,1,1264895
968,1574591826.960476,192.168.1.4,192.168.1.5,2751139053,4083906918,5445,1,1270340
969,1574591827.002394,192.168.1.4,192.168.1.5,2751144498,4083906918,9062,1,1279402
970,1574591827.016853,192.168.1.5,192.168.1.4,4083906918,2751153560,24,0,1279378
971,1574591827.017329,192.168.1.4,192.168.1.5,2751153560,4083906942,24,1,1279402
972,1574591827.018837,192.168.1.5,192.168.1.4,3147137576,554505626,343,0,1279059
973,1574591827.019281,192.168.1.4,192.168.1.5,554505626,3147137919,99,1,1279158
974,1574591827.019539,192.168.1.5,192.168.1.4,3147137919,554505725,382,0,1278776
975,1574591827.029116,192.168.1.4,192.168.1.5,554505725,3147138301,2266,1,1281042
976,1574591827.030221,192.168.1.5,192.168.1.4,3147138301,554507991,74,0,1280968
977,1574591827.030409,192.168.1.5,192.168.1.4,3147138375,554507991,235,0,1280733
978,1574591827.030784,192.168.1.4,192.168.1.5,554507991,3147138610,79,1,1280812
979,1574591827.030922,192.168.1.4,192.168.1.5,554508070,3147138610,79,1,1280891
980,1574591827.047043,192.168.1.5,192.168.1.4,3413743354,3573158950,24,0,1280867
981,1574591827.047523,192.168.1.4,192.168.1.5,3573158950,3413743378,24,1,1280891
982,1574591827.04981,192.168.1.5,192.168.1.4,3743603140,252993612,343,0,1280548
983,1574591827.050211,192.168.1.4,192.168.1.5,252993612,3743603483,99,1,1280647
984,1574591827.050565,192.168.1.5,192.168.1.4,3743603483,252993711,382,0,1280265
985,1574591827.057011,192.168.1.5,192.168.1.4,2313843737,3449992406,24,0,1280241
986,1574591827.057432,192.168.1.4,192.168.1.5,3449992406,2313843761,24,1,1280265
987,1574591827.058888,192.168.1.5,192.168.1.4,2962459124,1111472766,343,0,1279922
988,1574591827.061471,192.168.1.4,192.168.1.5,252993711,3743603865,2266,1,1282188
989,1574591827.062146,192.168.1.4,192.168.1.5,1111472766,2962459467,99,1,1282287
990,1574591827.062425,192.168.1.5,192.168.1.4,3743603865,252995977,74,0,1282213
991,1574591827.062566,192.168.1.5,192.168.1.4,3743603939,252995977,231,0,1281982
992,1574591827.062797,192.168.1.4,192.168.1.5,252995977,3743604170,79,1,1282061
993,1574591827.063197,192.168.1.5,192.168.1.4,2962459467,1111472865,382,0,1281679
994,1574591827.06328,192.168.1.4,192.168.1.5,252996056,3743604170,79,1,1281758
995,1574591827.074175,192.168.1.4,192.168.1.5,1111472865,2962459849,2266,1,1284024
996,1574591827.075121,192.168.1.5,192.168.1.4,2962459849,1111475131,74,0,1283950
997,1574591827.075233,192.168.1.5,192.168.1.4,2962459923,1111475131,231,0,1283719
998,1574591827.075494,192.168.1.4,192.168.1.5,1111475131,2962459923,79,1,1283798
999,1574591827.075599,192.168.1.4,192.168.1.5,1111475210,2962460154,79,1,1283877
1000,1574591827.857301,192.168.1.4,192.168.1.5,2101796467,4061408854,91,1,1283968
1001,1574591827.858156,192.168.1.5,192.168.1.4,4061408854,2101796558,539,0,1283429
1002,1574591827.858697,192.168.1.4,192.168.1.5,2695677583,92953718,91,1,1283520
1003,1574591827.859133,192.168.1.5,192.168.1.4,92953718,2695677674,539,0,1282981
1004,1574591827.908966,192.168.1.4,192.168.1.5,2101796558,4061409393,2070,1,1285051
1005,1574591827.909269,192.168.1.4,192.168.1.5,2695677674,92954257,1448,1,1286499
1006,1574591827.910059,192.168.1.4,192.168.1.5,2695679122,92954257,622,1,1287121
1007,1574591827.950435,192.168.1.4,192.168.1.5,2695679744,92954257,3990,1,1291111
1008,1574591827.95047,192.168.1.4,192.168.1.5,2101798628,4061409393,3990,1,1295101
1009,1574591827.953733,192.168.1.5,192.168.1.4,92954257,2695683734,86,0,1295015
1010,1574591827.954536,192.168.1.5,192.168.1.4,4061409393,2101802618,86,0,1294929
1011,1574591827.955192,192.168.1.5,192.168.1.4,92954343,2695683734,883,0,1294046
1012,1574591827.955659,192.168.1.5,192.168.1.4,4061409479,2101802618,1345,0,1292701
1013,1574591827.999542,192.168.1.4,192.168.1.5,2101802618,4061410824,760,1,1293461
1014,1574591827.999822,192.168.1.4,192.168.1.5,2695683734,92955226,760,1,1294221
1015,1574591828.005998,192.168.1.5,192.168.1.4,4061410824,2101803378,707,0,1293514
1016,1574591828.048851,192.168.1.4,192.168.1.5,2101803378,4061411531,186,1,1293700
1017,1574591828.602652,192.168.1.4,192.168.1.5,3570290684,3536448221,91,1,1293791
1018,1574591828.603184,192.168.1.5,192.168.1.4,3536448221,3570290775,539,0,1293252
1019,1574591828.652608,192.168.1.4,192.168.1.5,3570290775,3536448760,2070,1,1295322
1020,1574591828.694342,192.168.1.4,192.168.1.5,3570292845,3536448760,5296,1,1300618
1021,1574591828.71089,192.168.1.5,192.168.1.4,3536448760,3570298141,86,0,1300532
1022,1574591828.711314,192.168.1.5,192.168.1.4,3536448846,3570298141,108,0,1300424
1023,1574591828.71157,192.168.1.5,192.168.1.4,3170407203,3455191280,24,0,1300400
1024,1574591828.711751,192.168.1.5,192.168.1.4,1260704319,2540155667,24,0,1300376
1025,1574591828.711919,192.168.1.5,192.168.1.4,2213441689,897354657,24,0,1300352
1026,1574591828.715312,192.168.1.5,192.168.1.4,3536448954,3570298141,277,0,1300075
1027,1574591828.719636,192.168.1.5,192.168.1.4,3536449231,3570298141,105,0,1299970
1028,1574591828.719926,192.168.1.5,192.168.1.4,3536449336,3570298141,103,0,1299867
1029,1574591828.720067,192.168.1.5,192.168.1.4,3536449439,3570298141,106,0,1299761
1030,1574591828.756055,192.168.1.4,192.168.1.5,3570298141,3536449545,2070,1,1301831
1031,1574591828.759599,192.168.1.5,192.168.1.4,3536449545,3570300211,53,0,1301778
1032,1574591828.760668,192.168.1.4,192.168.1.5,3570300211,3536449598,7240,1,1309018
1033,1574591828.761134,192.168.1.4,192.168.1.5,3570307451,3536449598,7240,1,1316258
1034,1574591828.761354,192.168.1.4,192.168.1.5,3570314691,3536449598,3491,1,1319749
1035,1574591828.802608,192.168.1.4,192.168.1.5,3570318182,3536449598,16406,1,1336155
1036,1574591828.80289,192.168.1.4,192.168.1.5,3570334588,3536449598,3490,1,1339645
1037,1574591828.806261,192.168.1.4,192.168.1.5,3570338078,3536449598,2070,1,1341715
1038,1574591828.806659,192.168.1.4,192.168.1.5,3570340148,3536449598,2070,1,1343785
1039,1574591828.806711,192.168.1.4,192.168.1.5,3570342218,3536449598,2070,1,1345855
1040,1574591828.807306,192.168.1.4,192.168.1.5,3570344288,3536449598,2070,1,1347925
1041,1574591828.823791,192.168.1.4,192.168.1.5,3570346358,3536449598,16406,1,1364331
1042,1574591828.823883,192.168.1.4,192.168.1.5,3570362764,3536449598,16406,1,1380737
1043,1574591828.824012,192.168.1.4,192.168.1.5,3570379170,3536449598,184,1,1380921
1044,1574591828.824112,192.168.1.4,192.168.1.5,3570379354,3536449598,1440,1,1382361
1045,1574591828.833474,192.168.1.4,192.168.1.5,3570380794,3536449598,2070,1,1384431
1046,1574591828.833528,192.168.1.4,192.168.1.5,3570382864,3536449598,2070,1,1386501
1047,1574591828.83629,192.168.1.5,192.168.1.4,3536449598,3570384934,61,0,1386440
1048,1574591828.836759,192.168.1.4,192.168.1.5,3570384934,3536449659,4434,1,1390874
1049,1574591828.847821,192.168.1.4,192.168.1.5,2540155667,1260704343,91,1,1390965
1050,1574591828.847844,192.168.1.4,192.168.1.5,3455191280,3170407227,91,1,1391056
1051,1574591828.847849,192.168.1.4,192.168.1.5,3455191371,3170407227,24,1,1391080
1052,1574591828.847857,192.168.1.4,192.168.1.5,2540155758,1260704343,24,1,1391104
1053,1574591828.860762,192.168.1.5,192.168.1.4,3536449659,3570389368,105,0,1390999
1054,1574591828.860934,192.168.1.5,192.168.1.4,3536449764,3570389368,103,0,1390896
1055,1574591828.861321,192.168.1.4,192.168.1.5,3570389368,3536449867,11584,1,1402480
1056,1574591828.866512,192.168.1.4,192.168.1.5,3570400952,3536449867,4822,1,1407302
1057,1574591828.86659,192.168.1.4,192.168.1.5,3570405774,3536449867,3490,1,1410792
1058,1574591828.866613,192.168.1.4,192.168.1.5,3570409264,3536449867,2070,1,1412862
1059,1574591828.873989,192.168.1.5,192.168.1.4,3702010679,1144960568,343,0,1412519
1060,1574591828.874645,192.168.1.4,192.168.1.5,1144960568,3702011022,99,1,1412618
1061,1574591828.874937,192.168.1.5,192.168.1.4,3702011022,1144960667,382,0,1412236
1062,1574591828.884663,192.168.1.4,192.168.1.5,1144960667,3702011404,2266,1,1414502
1063,1574591828.885625,192.168.1.5,192.168.1.4,3702011404,1144962933,74,0,1414428
1064,1574591828.885777,192.168.1.5,192.168.1.4,3702011478,1144962933,235,0,1414193
1065,1574591828.88606,192.168.1.4,192.168.1.5,1144962933,3702011713,79,1,1414272
1066,1574591828.886147,192.168.1.4,192.168.1.5,1144963012,3702011713,79,1,1414351
1067,1574591828.906277,192.168.1.4,192.168.1.5,3570411334,3536449867,10828,1,1425179
1068,1574591828.909344,192.168.1.4,192.168.1.5,3570422162,3536449867,6117,1,1431296
1069,1574591828.915094,192.168.1.5,192.168.1.4,3536449867,3570428279,61,0,1431235
1070,1574591829.049611,192.168.1.5,192.168.1.4,1098383194,300235368,343,0,1430892
1071,1574591829.05001,192.168.1.4,192.168.1.5,300235368,1098383537,99,1,1430991
1072,1574591829.050451,192.168.1.5,192.168.1.4,1098383537,300235467,382,0,1430609
1073,1574591829.059947,192.168.1.4,192.168.1.5,300235467,1098383919,2266,1,1432875
1074,1574591829.060915,192.168.1.5,192.168.1.4,1098383919,300237733,74,0,1432801
1075,1574591829.061283,192.168.1.4,192.168.1.5,300237733,1098383993,79,1,1432880
1076,1574591829.061351,192.168.1.4,192.168.1.5,300237812,1098383993,79,1,1432959
1077,1574591829.061654,192.168.1.5,192.168.1.4,1098383993,300237891,235,0,1432724
1078,1574591829.103198,192.168.1.4,192.168.1.5,2373078570,213175928,91,1,1432815
1079,1574591829.103224,192.168.1.4,192.168.1.5,2373078661,213175928,24,1,1432839
1080,1574591830.058564,192.168.1.4,192.168.1.5,897354657,2213441713,91,1,1432930
1081,1574591830.058825,192.168.1.4,192.168.1.5,897354748,2213441713,24,1,1432954
1082,1574591830.059882,192.168.1.4,192.168.1.5,626990170,1137104503,91,1,1433045
1083,1574591830.060256,192.168.1.5,192.168.1.4,1137104503,626990261,539,0,1432506
1084,1574591830.114976,192.168.1.4,192.168.1.5,626990261,1137105042,2070,1,1434576
1085,1574591830.158307,192.168.1.4,192.168.1.5,626992331,1137105042,1010,1,1435586
1086,1574591830.161438,192.168.1.5,192.168.1.4,1137105042,626993341,86,0,1435500
1087,1574591830.162146,192.168.1.5,192.168.1.4,1137105128,626993341,108,0,1435392
1088,1574591830.162571,192.168.1.5,192.168.1.4,1534074996,193835014,24,0,1435368
1089,1574591830.162833,192.168.1.5,192.168.1.4,1065908910,3352528246,24,0,1435344
1090,1574591830.163072,192.168.1.5,192.168.1.4,3033344842,549221157,24,0,1435320
1091,1574591830.163546,192.168.1.5,192.168.1.4,4000247208,2167011653,24,0,1435296
1092,1574591830.164492,192.168.1.5,192.168.1.4,1137105236,626993341,305,0,1434991
1093,1574591830.165659,192.168.1.5,192.168.1.4,1137105541,626993341,296,0,1434695
1094,1574591830.166018,192.168.1.5,192.168.1.4,1137105837,626993341,97,0,1434598
1095,1574591830.16631,192.168.1.5,192.168.1.4,1137105934,626993341,98,0,1434500
1096,1574591830.167481,192.168.1.5,192.168.1.4,1137106032,626993341,152,0,1434348
1097,1574591830.196288,192.168.1.4,192.168.1.5,626993341,1137106184,617,1,1434965
1098,1574591830.196725,192.168.1.5,192.168.1.4,1137106184,626993958,53,0,1434912
1099,1574591830.199399,192.168.1.4,192.168.1.5,626993958,1137106237,801,1,1435713
1100,1574591830.237977,192.168.1.4,192.168.1.5,626994759,1137106237,7240,1,1442953
1101,1574591830.238261,192.168.1.4,192.168.1.5,627001999,1137106237,5792,1,1448745
1102,1574591830.238355,192.168.1.4,192.168.1.5,627007791,1137106237,17376,1,1466121
1103,1574591830.238535,192.168.1.4,192.168.1.5,627025167,1137106237,2404,1,1468525
1104,1574591830.238915,192.168.1.4,192.168.1.5,627027571,1137106237,1014,1,1469539
1105,1574591830.24461,192.168.1.5,192.168.1.4,1137106237,627028585,61,0,1469478
1106,1574591830.245107,192.168.1.4,192.168.1.5,627028585,1137106298,12154,1,1481632
1107,1574591830.286407,192.168.1.4,192.168.1.5,627040739,1137106298,10817,1,1492449
1108,1574591830.581862,192.168.1.5,192.168.1.4,3116551649,4057321207,343,0,1492106
1109,1574591830.582261,192.168.1.4,192.168.1.5,4057321207,3116551992,99,1,1492205
1110,1574591830.582852,192.168.1.5,192.168.1.4,3116551992,4057321306,382,0,1491823
1111,1574591830.592582,192.168.1.4,192.168.1.5,4057321306,3116552374,2266,1,1494089
1112,1574591830.593561,192.168.1.5,192.168.1.4,3116552374,4057323572,74,0,1494015
1113,1574591830.593713,192.168.1.5,192.168.1.4,3116552448,4057323572,247,0,1493768
1114,1574591830.594006,192.168.1.4,192.168.1.5,4057323572,3116552695,79,1,1493847
1115,1574591830.59407,192.168.1.4,192.168.1.5,4057323651,3116552695,79,1,1493926
1116,1574591830.597338,192.168.1.5,192.168.1.4,1137106298,627051556,342,0,1493584
1117,1574591830.598418,192.168.1.5,192.168.1.4,643124320,865431987,604,0,1492980
1118,1574591830.617336,192.168.1.5,192.168.1.4,1137106640,627051556,168,0,1492812
1119,1574591830.626797,192.168.1.5,192.168.1.4,1137106808,627051556,297,0,1492515
1120,1574591830.632055,192.168.1.5,192.168.1.4,1137107105,627051556,95,0,1492420
1121,1574591830.633124,192.168.1.4,192.168.1.5,627051556,1137107200,4406,1,1496826
1122,1574591830.644928,192.168.1.4,192.168.1.5,865431987,643124924,161,1,1496987
1123,1574591830.646333,192.168.1.5,192.168.1.4,643124924,865432148,61,0,1496926
1124,1574591830.666403,192.168.1.4,192.168.1.5,627055962,1137107200,16406,1,1513332
1125,1574591830.666518,192.168.1.4,192.168.1.5,627072368,1137107200,5792,1,1519124
1126,1574591830.66662,192.168.1.4,192.168.1.5,627078160,1137107200,11055,1,1530179
1127,1574591830.67737,192.168.1.4,192.168.1.5,627089215,1137107200,16406,1,1546585
1128,1574591830.677468,192.168.1.4,192.168.1.5,627105621,1137107200,16406,1,1562991
1129,1574591830.677509,192.168.1.4,192.168.1.5,627122027,1137107200,314,1,1563305
1130,1574591830.696327,192.168.1.5,192.168.1.4,1137107200,627122341,61,0,1563244
1131,1574591830.69682,192.168.1.4,192.168.1.5,627122341,1137107261,13032,1,1576276
1132,1574591830.69697,192.168.1.4,192.168.1.5,627135373,1137107261,3374,1,1579650
1133,1574591830.697007,192.168.1.4,192.168.1.5,627138747,1137107261,16406,1,1596056
1134,1574591830.697037,192.168.1.4,192.168.1.5,627155153,1137107261,430,1,1596486
1135,1574591830.710448,192.168.1.5,192.168.1.4,2162949052,449842989,343,0,1596143
1136,1574591830.710795,192.168.1.4,192.168.1.5,449842989,2162949395,99,1,1596242
1137,1574591830.711266,192.168.1.5,192.168.1.4,2162949395,449843088,382,0,1595860
1138,1574591830.711886,192.168.1.5,192.168.1.4,1137107261,627155583,95,0,1595765
1139,1574591830.713264,192.168.1.5,192.168.1.4,643124985,865432148,474,0,1595291
1140,1574591830.717609,192.168.1.5,192.168.1.4,4135834879,673461425,163,0,1595128
1141,1574591830.722825,192.168.1.4,192.168.1.5,449843088,2162949777,2266,1,1597394
1142,1574591830.723803,192.168.1.5,192.168.1.4,2162949777,449845354,74,0,1597320
1143,1574591830.72393,192.168.1.5,192.168.1.4,2162949851,449845354,247,0,1597073
1144,1574591830.724222,192.168.1.4,192.168.1.5,449845354,2162950098,79,1,1597152
1145,1574591830.724288,192.168.1.4,192.168.1.5,449845433,2162950098,79,1,1597231
1146,1574591830.738883,192.168.1.5,192.168.1.4,1137107356,627155583,95,0,1597136
1147,1574591830.739081,192.168.1.5,192.168.1.4,643125459,865432148,424,0,1596712
1148,1574591830.745962,192.168.1.5,192.168.1.4,1137107451,627155583,297,0,1596415
1149,1574591830.766871,192.168.1.4,192.168.1.5,627155583,1137107748,2070,1,1598485
1150,1574591830.768551,192.168.1.4,192.168.1.5,673461425,4135835042,2070,1,1600555
1151,1574591830.768608,192.168.1.4,192.168.1.5,865432148,643125883,162,1,1600717
1152,1574591830.770568,192.168.1.5,192.168.1.4,643125883,865432310,61,0,1600656
1153,1574591830.782295,192.168.1.4,192.168.1.5,627157653,1137107748,14480,1,1615136
1154,1574591830.782818,192.168.1.4,192.168.1.5,627172133,1137107748,1926,1,1617062
1155,1574591830.782865,192.168.1.4,192.168.1.5,627174059,1137107748,16406,1,1633468
1156,1574591830.782933,192.168.1.4,192.168.1.5,627190465,1137107748,16406,1,1649874
1157,1574591830.783143,192.168.1.4,192.168.1.5,627206871,1137107748,16406,1,1666280
1158,1574591830.783176,192.168.1.4,192.168.1.5,627223277,1137107748,1456,1,1667736
1159,1574591830.785306,192.168.1.4,192.168.1.5,865432310,643125944,92,1,1667828
1160,1574591830.786124,192.168.1.5,192.168.1.4,1137107748,627224733,61,0,1667767
1161,1574591830.786656,192.168.1.4,192.168.1.5,627224733,1137107809,16406,1,1684173
1162,1574591830.786727,192.168.1.4,192.168.1.5,627241139,1137107809,5224,1,1689397
1163,1574591830.810286,192.168.1.4,192.168.1.5,673463495,4135835042,5792,1,1695189
1164,1574591830.810423,192.168.1.4,192.168.1.5,673469287,4135835042,8688,1,1703877
1165,1574591830.810588,192.168.1.4,192.168.1.5,673477975,4135835042,1926,1,1705803
1166,1574591830.810646,192.168.1.4,192.168.1.5,673479901,4135835042,11584,1,1717387
1167,1574591830.810727,192.168.1.4,192.168.1.5,673491485,4135835042,69,1,1717456
1168,1574591830.811646,192.168.1.5,192.168.1.4,4135835042,673491554,61,0,1717395
1169,1574591830.826287,192.168.1.4,192.168.1.5,865432402,643125944,53,1,1717448
1170,1574591830.830332,192.168.1.4,192.168.1.5,627246363,1137107809,16406,1,1733854
1171,1574591830.830437,192.168.1.4,192.168.1.5,627262769,1137107809,16406,1,1750260
1172,1574591830.830493,192.168.1.4,192.168.1.5,627279175,1137107809,11584,1,1761844
1173,1574591830.830522,192.168.1.4,192.168.1.5,627290759,1137107809,4822,1,1766666
1174,1574591830.83055,192.168.1.4,192.168.1.5,627295581,1137107809,8307,1,1774973
1175,1574591830.857091,192.168.1.5,192.168.1.4,1137107809,627303888,105,0,1774868
1176,1574591830.895808,192.168.1.4,192.168.1.5,627303888,1137107914,2070,1,1776938
1177,1574591830.936273,192.168.1.4,192.168.1.5,193835014,1534075020,91,1,1777029
1178,1574591830.936301,192.168.1.4,192.168.1.5,193835105,1534075020,24,1,1777053
1179,1574591830.93861,192.168.1.4,192.168.1.5,627305958,1137107914,9819,1,1786872
1180,1574591830.941101,192.168.1.5,192.168.1.4,1137107914,627315777,61,0,1786811
1181,1574591831.087875,192.168.1.5,192.168.1.4,643125944,865432455,452,0,1786359
1182,1574591831.129808,192.168.1.4,192.168.1.5,865432455,643126396,162,1,1786521
1183,1574591831.131718,192.168.1.5,192.168.1.4,643126396,865432617,61,0,1786460
1184,1574591831.155446,192.168.1.5,192.168.1.4,1137107975,627315777,117,0,1786343
1185,1574591831.164692,192.168.1.5,192.168.1.4,1137108092,627315777,112,0,1786231
1186,1574591831.189255,192.168.1.4,192.168.1.5,627315777,1137108204,1571,1,1787802
1187,1574591831.230351,192.168.1.4,192.168.1.5,627317348,1137108204,5079,1,1792881
1188,1574591831.239702,192.168.1.5,192.168.1.4,1137108204,627322427,61,0,1792820
1189,1574591831.264816,192.168.1.5,192.168.1.4,2910978988,442918309,343,0,1792477
1190,1574591831.265264,192.168.1.4,192.168.1.5,442918309,2910979331,99,1,1792576
1191,1574591831.265847,192.168.1.5,192.168.1.4,2910979331,442918408,382,0,1792194
1192,1574591831.280893,192.168.1.4,192.168.1.5,442918408,2910979713,2266,1,1794460
1193,1574591831.281956,192.168.1.5,192.168.1.4,2910979713,442920674,74,0,1794386
1194,1574591831.282168,192.168.1.5,192.168.1.4,2910979787,442920674,265,0,1794121
1195,1574591831.282515,192.168.1.4,192.168.1.5,442920674,2910980052,79,1,1794200
1196,1574591831.282614,192.168.1.4,192.168.1.5,442920753,2910980052,79,1,1794279
1197,1574591831.326838,192.168.1.5,192.168.1.4,3254538175,4002584672,343,0,1793936
1198,1574591831.327229,192.168.1.4,192.168.1.5,4002584672,3254538518,99,1,1794035
1199,1574591831.327673,192.168.1.5,192.168.1.4,3254538518,4002584771,382,0,1793653
1200,1574591831.342726,192.168.1.4,192.168.1.5,2553791079,2800397497,91,1,1793744
1201,1574591831.343535,192.168.1.4,192.168.1.5,4002584771,3254538900,2266,1,1796010
1202,1574591831.344415,192.168.1.5,192.168.1.4,3254538900,4002587037,74,0,1795936
1203,1574591831.344551,192.168.1.5,192.168.1.4,3254538974,4002587037,265,0,1795671
1204,1574591831.344791,192.168.1.4,192.168.1.5,4002587037,3254539239,79,1,1795750
1205,1574591831.344946,192.168.1.4,192.168.1.5,4002587116,3254539239,79,1,1795829
1206,1574591831.345667,192.168.1.5,192.168.1.4,2800397497,2553791170,539,0,1795290
1207,1574591831.516489,192.168.1.4,192.168.1.5,2553791170,2800398036,2070,1,1797360
1208,1574591831.558498,192.168.1.4,192.168.1.5,2553793240,2800398036,1889,1,1799249
1209,1574591831.567875,192.168.1.5,192.168.1.4,2800398036,2553795129,86,0,1799163
1210,1574591831.568853,192.168.1.5,192.168.1.4,2800398122,2553795129,108,0,1799055
1211,1574591831.569024,192.168.1.5,192.168.1.4,3486598049,1862032265,24,0,1799031
1212,1574591831.569262,192.168.1.5,192.168.1.4,3116552695,4057323730,24,0,1799007
1213,1574591831.569826,192.168.1.5,192.168.1.4,2800398230,2553795129,296,0,1798711
1214,1574591831.570013,192.168.1.5,192.168.1.4,2800398526,2553795129,96,0,1798615
1215,1574591831.57027,192.168.1.5,192.168.1.4,2800398622,2553795129,122,0,1798493
1216,1574591831.814029,192.168.1.5,192.168.1.4,2800398744,2553795129,57,0,1798436
1217,1574591831.814911,192.168.1.5,192.168.1.4,2800398801,2553795129,147,0,1798289
1218,1574591832.124054,192.168.1.4,192.168.1.5,2553795129,2800398948,617,1,1798906
1219,1574591832.124683,192.168.1.5,192.168.1.4,2800398948,2553795746,53,0,1798853
1220,1574591832.127054,192.168.1.4,192.168.1.5,2553795746,2800399001,1689,1,1800542
1221,1574591832.133954,192.168.1.5,192.168.1.4,2800399001,2553797435,61,0,1800481
1222,1574591832.134501,192.168.1.4,192.168.1.5,2553797435,2800399062,705,1,1801186
1223,1574591832.150066,192.168.1.5,192.168.1.4,2710586640,3275285064,343,0,1800843
1224,1574591832.15053,192.168.1.4,192.168.1.5,3275285064,2710586983,99,1,1800942
1225,1574591832.150856,192.168.1.5,192.168.1.4,2710586983,3275285163,382,0,1800560
1226,1574591832.160814,192.168.1.4,192.168.1.5,3275285163,2710587365,2266,1,1802826
1227,1574591832.161713,192.168.1.5,192.168.1.4,2710587365,3275287429,74,0,1802752
1228,1574591832.161874,192.168.1.5,192.168.1.4,2710587439,3275287429,241,0,1802511
1229,1574591832.162142,192.168.1.4,192.168.1.5,3275287429,2710587680,79,1,1802590
1230,1574591832.162745,192.168.1.4,192.168.1.5,3275287508,2710587680,79,1,1802669
1231,1574591832.207377,192.168.1.5,192.168.1.4,643126457,865432617,576,0,1802093
1232,1574591832.248983,192.168.1.4,192.168.1.5,865432617,643127033,161,1,1802254
1233,1574591832.2534,192.168.1.5,192.168.1.4,643127033,865432778,61,0,1802193
1234,1574591832.256458,192.168.1.5,192.168.1.4,2502071364,1230478258,343,0,1801850
1235,1574591832.256771,192.168.1.4,192.168.1.5,1230478258,2502071707,99,1,1801949
1236,1574591832.257167,192.168.1.5,192.168.1.4,2502071707,1230478357,382,0,1801567
1237,1574591832.266809,192.168.1.4,192.168.1.5,1230478357,2502072089,2266,1,1803833
1238,1574591832.267659,192.168.1.5,192.168.1.4,2502072089,1230480623,74,0,1803759
1239,1574591832.267781,192.168.1.5,192.168.1.4,2502072163,1230480623,261,0,1803498
1240,1574591832.26803,192.168.1.4,192.168.1.5,1230480623,2502072424,79,1,1803577
1241,1574591832.268663,192.168.1.4,192.168.1.5,1230480702,2502072424,79,1,1803656
1242,1574591832.318407,192.168.1.5,192.168.1.4,643127094,865432778,576,0,1803080
1243,1574591832.361343,192.168.1.4,192.168.1.5,865432778,643127670,108,1,1803188
1244,1574591832.362498,192.168.1.5,192.168.1.4,643127670,865432886,61,0,1803127
1245,1574591832.448681,192.168.1.4,192.168.1.5,1862032265,3486598073,91,1,1803218
1246,1574591832.448718,192.168.1.4,192.168.1.5,1862032356,3486598073,24,1,1803242
1247,1574591833.088515,192.168.1.4,192.168.1.5,2778460195,1313668416,91,1,1803333
1248,1574591833.088543,192.168.1.4,192.168.1.5,3352528246,1065908934,91,1,1803424
1249,1574591833.089008,192.168.1.4,192.168.1.5,3352528337,1065908934,24,1,1803448
1250,1574591833.090147,192.168.1.5,192.168.1.4,1313668416,2778460286,626,0,1802822
1251,1574591833.135325,192.168.1.4,192.168.1.5,2778460286,1313669042,262,1,1803084
1252,1574591833.135953,192.168.1.5,192.168.1.4,1313669042,2778460548,86,0,1802998
1253,1574591833.178346,192.168.1.4,192.168.1.5,2778460548,1313669128,309,1,1803307
1254,1574591833.456245,192.168.1.4,192.168.1.5,549221157,3033344866,91,1,1803398
1255,1574591833.456276,192.168.1.4,192.168.1.5,549221248,3033344866,24,1,1803422
1256,1574591833.845174,192.168.1.4,192.168.1.5,2167011653,4000247232,91,1,1803513
1257,1574591833.845473,192.168.1.4,192.168.1.5,2167011744,4000247232,24,1,1803537
1258,1574591835.013525,192.168.1.4,192.168.1.5,2696266355,2671495585,91,1,1803628
1259,1574591835.013995,192.168.1.5,192.168.1.4,2671495585,2696266446,539,0,1803089
1260,1574591835.065742,192.168.1.4,192.168.1.5,2696266446,2671496124,2070,1,1805159
1261,1574591835.106391,192.168.1.4,192.168.1.5,2696268516,2671496124,2686,1,1807845
1262,1574591835.109705,192.168.1.5,192.168.1.4,2671496124,2696271202,115,0,1807730
1263,1574591835.110401,192.168.1.5,192.168.1.4,2671496239,2696271202,560,0,1807170
1264,1574591835.124765,192.168.1.4,192.168.1.5,554508149,3147138610,91,1,1807261
1265,1574591835.125283,192.168.1.5,192.168.1.4,3147138610,554508240,539,0,1806722
1266,1574591835.125431,192.168.1.4,192.168.1.5,252996135,3743604170,91,1,1806813
1267,1574591835.12593,192.168.1.5,192.168.1.4,3743604170,252996226,539,0,1806274
1268,1574591835.144207,192.168.1.4,192.168.1.5,2696271202,2671496799,990,1,1807264
1269,1574591835.14974,192.168.1.5,192.168.1.4,2671496799,2696272192,487,0,1806777
1270,1574591835.159157,192.168.1.4,192.168.1.5,554508240,3147139149,2070,1,1808847
1271,1574591835.163596,192.168.1.4,192.168.1.5,252996226,3743604709,2070,1,1810917
1272,1574591835.181211,192.168.1.4,192.168.1.5,2696272192,2671497286,409,1,1811326
1273,1574591835.182707,192.168.1.5,192.168.1.4,2671497286,2696272601,484,0,1810842
1274,1574591835.20229,192.168.1.4,192.168.1.5,554510310,3147139149,2686,1,1813528
1275,1574591835.204235,192.168.1.5,192.168.1.4,3147139149,554512996,115,0,1813413
1276,1574591835.206217,192.168.1.4,192.168.1.5,252998296,3743604709,3188,1,1816601
1277,1574591835.208152,192.168.1.5,192.168.1.4,3743604709,253001484,148,0,1816453
1278,1574591835.213859,192.168.1.5,192.168.1.4,3627675665,716980298,343,0,1816110
1279,1574591835.214311,192.168.1.4,192.168.1.5,716980298,3627676008,99,1,1816209
1280,1574591835.21489,192.168.1.5,192.168.1.4,3627676008,716980397,382,0,1815827
1281,1574591835.216955,192.168.1.5,192.168.1.4,3147139264,554512996,24,0,1815803
1282,1574591835.218146,192.168.1.4,192.168.1.5,554512996,3147139288,24,1,1815827
1283,1574591835.219086,192.168.1.5,192.168.1.4,1251166275,519679008,343,0,1815484
1284,1574591835.22189,192.168.1.5,192.168.1.4,92955226,2695684494,24,0,1815460
1285,1574591835.222352,192.168.1.4,192.168.1.5,2695684494,92955250,24,1,1815484
1286,1574591835.223434,192.168.1.4,192.168.1.5,519679008,1251166618,99,1,1815583
1287,1574591835.223771,192.168.1.5,192.168.1.4,1251166618,519679107,382,0,1815201
1288,1574591835.224572,192.168.1.5,192.168.1.4,3377394753,3118114613,343,0,1814858
1289,1574591835.226228,192.168.1.5,192.168.1.4,4061411531,2101803564,24,0,1814834
1290,1574591835.226692,192.168.1.4,192.168.1.5,2101803564,4061411555,24,1,1814858
1291,1574591835.227755,192.168.1.4,192.168.1.5,2696272601,2671497770,409,1,1815267
1292,1574591835.228107,192.168.1.5,192.168.1.4,12771908,2872726521,343,0,1814924
1293,1574591835.235737,192.168.1.4,192.168.1.5,2872726521,12772251,99,1,1815023
1294,1574591835.236063,192.168.1.5,192.168.1.4,12772251,2872726620,382,0,1814641
1295,1574591835.236283,192.168.1.4,192.168.1.5,3118114613,3377395096,99,1,1814740
1296,1574591835.236601,192.168.1.5,192.168.1.4,3377395096,3118114712,382,0,1814358
1297,1574591835.241582,192.168.1.5,192.168.1.4,2671497770,2696273010,24,0,1814334
1298,1574591835.242122,192.168.1.4,192.168.1.5,2696273010,2671497794,24,1,1814358
1299,1574591835.243497,192.168.1.5,192.168.1.4,950527363,3224444516,343,0,1814015
1300,1574591835.245002,192.168.1.4,192.168.1.5,253001484,3743604857,73,1,1814088
1301,1574591835.246358,192.168.1.4,192.168.1.5,716980397,3627676390,2266,1,1816354
1302,1574591835.247022,192.168.1.4,192.168.1.5,3224444516,950527706,99,1,1816453
1303,1574591835.247345,192.168.1.5,192.168.1.4,3627676390,716982663,74,0,1816379
1304,1574591835.247472,192.168.1.5,192.168.1.4,3627676464,716982663,235,0,1816144
1305,1574591835.247987,192.168.1.5,192.168.1.4,950527706,3224444615,382,0,1815762
1306,1574591835.249326,192.168.1.5,192.168.1.4,3743604857,253001557,522,0,1815240
1307,1574591835.249906,192.168.1.4,192.168.1.5,716982663,3627676699,79,1,1815319
1308,1574591835.250129,192.168.1.4,192.168.1.5,716982742,3627676699,79,1,1815398
1309,1574591835.262086,192.168.1.4,192.168.1.5,3224444615,950528088,2266,1,1817664
1310,1574591835.263169,192.168.1.5,192.168.1.4,950528088,3224446881,74,0,1817590
1311,1574591835.263327,192.168.1.5,192.168.1.4,950528162,3224446881,233,0,1817357
1312,1574591835.264884,192.168.1.4,192.168.1.5,519679107,1251167000,2266,1,1819623
1313,1574591835.266278,192.168.1.5,192.168.1.4,1251167000,519681373,74,0,1819549
1314,1574591835.266459,192.168.1.5,192.168.1.4,1251167074,519681373,235,0,1819314
1315,1574591835.270299,192.168.1.4,192.168.1.5,3118114712,3377395478,2266,1,1821580
1316,1574591835.270698,192.168.1.4,192.168.1.5,519681373,1251167309,79,1,1821659
1317,1574591835.271433,192.168.1.5,192.168.1.4,3377395478,3118116978,74,0,1821585
1318,1574591835.2715,192.168.1.4,192.168.1.5,519681452,1251167309,79,1,1821664
1319,1574591835.271594,192.168.1.5,192.168.1.4,3377395552,3118116978,247,0,1821417
1320,1574591835.274061,192.168.1.4,192.168.1.5,2872726620,12772633,2266,1,1823683
1321,1574591835.274667,192.168.1.4,192.168.1.5,3118116978,3377395799,79,1,1823762
1322,1574591835.274938,192.168.1.5,192.168.1.4,12772633,2872728886,74,0,1823688
1323,1574591835.274989,192.168.1.4,192.168.1.5,3118117057,3377395799,79,1,1823767
1324,1574591835.275088,192.168.1.5,192.168.1.4,12772707,2872728886,237,0,1823530
1325,1574591835.275297,192.168.1.4,192.168.1.5,2872728886,12772944,79,1,1823609
1326,1574591835.275366,192.168.1.4,192.168.1.5,2872728965,12772944,79,1,1823688
1327,1574591835.276288,192.168.1.4,192.168.1.5,3224446881,950528395,79,1,1823767
1328,1574591835.276311,192.168.1.4,192.168.1.5,3224446960,950528395,79,1,1823846
1329,1574591835.281661,192.168.1.4,192.168.1.5,253001557,3743605379,467,1,1824313
1330,1574591835.284476,192.168.1.5,192.168.1.4,3743605379,253002024,522,0,1823791
1331,1574591835.286871,192.168.1.5,192.168.1.4,1313669128,2778460857,24,0,1823767
1332,1574591835.287443,192.168.1.4,192.168.1.5,2778460857,1313669153,24,1,1823791
1333,1574591835.288166,192.168.1.5,192.168.1.4,968864389,1959069188,343,0,1823448
1334,1574591835.288739,192.168.1.4,192.168.1.5,1959069188,968864732,99,1,1823547
1335,1574591835.289035,192.168.1.5,192.168.1.4,968864732,1959069287,382,0,1823165
1336,1574591835.299846,192.168.1.4,192.168.1.5,1959069287,968865114,2266,1,1825431
1337,1574591835.300912,192.168.1.5,192.168.1.4,968865114,1959071553,74,0,1825357
1338,1574591835.301093,192.168.1.5,192.168.1.4,968865188,1959071553,231,0,1825126
1339,1574591835.301387,192.168.1.4,192.168.1.5,1959071553,968865419,79,1,1825205
1340,1574591835.301508,192.168.1.4,192.168.1.5,1959071632,968865419,79,1,1825284
1341,1574591835.317749,192.168.1.4,192.168.1.5,253002024,3743605901,467,1,1825751
1342,1574591835.326775,192.168.1.5,192.168.1.4,3743605901,253002491,24,0,1825727
1343,1574591835.327374,192.168.1.4,192.168.1.5,253002491,3743605925,24,1,1825751
1344,1574591835.32808,192.168.1.5,192.168.1.4,1048874569,837664377,343,0,1825408
1345,1574591835.329029,192.168.1.4,192.168.1.5,837664377,1048874912,99,1,1825507
1346,1574591835.329352,192.168.1.5,192.168.1.4,1048874912,837664476,382,0,1825125
1347,1574591835.343888,192.168.1.4,192.168.1.5,837664476,1048875294,2266,1,1827391
1348,1574591835.344821,192.168.1.5,192.168.1.4,1048875294,837666742,74,0,1827317
1349,1574591835.344936,192.168.1.5,192.168.1.4,1048875368,837666742,231,0,1827086
1350,1574591835.34522,192.168.1.4,192.168.1.5,837666742,1048875599,79,1,1827165
1351,1574591835.345237,192.168.1.4,192.168.1.5,837666821,1048875599,79,1,1827244
1352,1574591835.704397,192.168.1.5,192.168.1.4,1119712573,3655148620,305,0,1826939
1353,1574591835.794066,192.168.1.4,192.168.1.5,3383182812,2338969388,53,1,1826992
1354,1574591835.794584,192.168.1.4,192.168.1.5,3383182865,2338969388,24,1,1827016
1355,1574591835.805754,192.168.1.4,192.168.1.5,1144963091,3702011713,91,1,1827107
1356,1574591835.80643,192.168.1.5,192.168.1.4,3702011713,1144963182,539,0,1826568
1357,1574591835.826714,192.168.1.4,192.168.1.5,3655148620,1119712878,248,1,1826816
1358,1574591835.839486,192.168.1.4,192.168.1.5,1144963182,3702012252,178,1,1826994
1359,1574591835.840183,192.168.1.5,192.168.1.4,3702012252,1144963360,73,0,1826921
1360,1574591835.847851,192.168.1.4,192.168.1.5,1286283412,1631443968,53,1,1826974
1361,1574591835.847903,192.168.1.4,192.168.1.5,1286283465,1631443968,24,1,1826998
1362,1574591835.982314,192.168.1.4,192.168.1.5,1111475289,2962460154,91,1,1827089
1363,1574591835.983866,192.168.1.5,192.168.1.4,2962460154,1111475380,539,0,1826550
1364,1574591836.019983,192.168.1.4,192.168.1.5,1111475380,2962460693,128,1,1826678
1365,1574591836.062279,192.168.1.4,192.168.1.5,1111475508,2962460693,67,1,1826745
1366,1574591836.062775,192.168.1.5,192.168.1.4,2962460693,1111475575,73,0,1826672
1367,1574591837.807453,192.168.1.5,192.168.1.4,764699633,1457188502,24,0,1826648
1368,1574591837.808374,192.168.1.5,192.168.1.4,1631443968,1286283489,24,0,1826624
1369,1574591837.808802,192.168.1.4,192.168.1.5,1457188502,764699657,24,1,1826648
1370,1574591837.812039,192.168.1.5,192.168.1.4,2338969388,3383182889,24,0,1826624
1371,1574591837.815265,192.168.1.5,192.168.1.4,3140585798,3258719665,343,0,1826281
1372,1574591837.815912,192.168.1.4,192.168.1.5,3258719665,3140586141,99,1,1826380
1373,1574591837.816836,192.168.1.5,192.168.1.4,3140586141,3258719764,382,0,1825998
1374,1574591837.832164,192.168.1.4,192.168.1.5,3258719764,3140586523,2266,1,1828264
1375,1574591837.833164,192.168.1.5,192.168.1.4,3140586523,3258722030,74,0,1828190
1376,1574591837.833382,192.168.1.5,192.168.1.4,3140586597,3258722030,247,0,1827943
1377,1574591837.833877,192.168.1.4,192.168.1.5,3258722030,3140586844,79,1,1828022
1378,1574591837.833992,192.168.1.4,192.168.1.5,3258722109,3140586844,79,1,1828101
1379,1574591838.185899,192.168.1.4,192.168.1.5,4057323730,3116552719,91,1,1828192
1380,1574591838.185932,192.168.1.4,192.168.1.5,4057323821,3116552719,24,1,1828216
1381,1574591838.303559,192.168.1.4,192.168.1.5,442920832,2910980052,91,1,1828307
1382,1574591838.303586,192.168.1.4,192.168.1.5,300237891,1098384228,91,1,1828398
1383,1574591838.304054,192.168.1.5,192.168.1.4,2910980052,442920923,539,0,1827859
1384,1574591838.304273,192.168.1.5,192.168.1.4,1098384228,300237982,539,0,1827320
1385,1574591838.341495,192.168.1.4,192.168.1.5,300237982,1098384767,2070,1,1829390
1386,1574591838.345383,192.168.1.4,192.168.1.5,442920923,2910980591,2070,1,1831460
1387,1574591838.382596,192.168.1.4,192.168.1.5,300240052,1098384767,599,1,1832059
1388,1574591838.386195,192.168.1.4,192.168.1.5,442922993,2910980591,809,1,1832868
1389,1574591838.386506,192.168.1.5,192.168.1.4,1098384767,300240651,86,0,1832782
1390,1574591838.386914,192.168.1.5,192.168.1.4,1098384853,300240651,108,0,1832674
1391,1574591838.390648,192.168.1.5,192.168.1.4,2910980591,442923802,86,0,1832588
1392,1574591838.393267,192.168.1.5,192.168.1.4,1098384961,300240651,270,0,1832318
1393,1574591838.39357,192.168.1.5,192.168.1.4,2910980677,442923802,108,0,1832210
1394,1574591838.393779,192.168.1.5,192.168.1.4,3254539239,4002587195,24,0,1832186
1395,1574591838.396893,192.168.1.5,192.168.1.4,2910980785,442923802,646,0,1831540
1396,1574591838.397116,192.168.1.5,192.168.1.4,2910981431,442923802,327,0,1831213
1397,1574591838.408112,192.168.1.4,192.168.1.5,1230480781,2502072424,91,1,1831304
1398,1574591838.408537,192.168.1.5,192.168.1.4,2502072424,1230480872,539,0,1830765
1399,1574591838.419177,192.168.1.4,192.168.1.5,300240651,1098385231,617,1,1831382
1400,1574591838.41983,192.168.1.5,192.168.1.4,1098385231,300241268,53,0,1831329
1401,1574591838.430483,192.168.1.4,192.168.1.5,442923802,2910981758,617,1,1831946
1402,1574591838.431482,192.168.1.5,192.168.1.4,2910981758,442924419,53,0,1831893
1403,1574591838.431638,192.168.1.4,192.168.1.5,300241268,1098385284,698,1,1832591
1404,1574591838.43859,192.168.1.5,192.168.1.4,1098385284,300241966,61,0,1832530
1405,1574591838.438719,192.168.1.5,192.168.1.4,1098385345,300241966,57,0,1832473
1406,1574591838.440311,192.168.1.5,192.168.1.4,2518180527,2492199027,343,0,1832130
1407,1574591838.440409,192.168.1.4,192.168.1.5,442924419,2910981811,1025,1,1833155
1408,1574591838.4407,192.168.1.4,192.168.1.5,2492199027,2518180870,99,1,1833254
1409,1574591838.441211,192.168.1.5,192.168.1.4,2518180870,2492199126,382,0,1832872
1410,1574591838.447189,192.168.1.4,192.168.1.5,449845512,2162950098,91,1,1832963
1411,1574591838.448286,192.168.1.4,192.168.1.5,1230480872,2502072963,2070,1,1835033
1412,1574591838.454996,192.168.1.4,192.168.1.5,2492199126,2518181252,2266,1,1837299
1413,1574591838.455884,192.168.1.5,192.168.1.4,2518181252,2492201392,74,0,1837225
1414,1574591838.456227,192.168.1.4,192.168.1.5,2492201392,2518181326,79,1,1837304
1415,1574591838.456287,192.168.1.4,192.168.1.5,2492201471,2518181326,79,1,1837383
1416,1574591838.458032,192.168.1.5,192.168.1.4,2518181326,2492201550,261,0,1837122
1417,1574591838.458508,192.168.1.5,192.168.1.4,2162950098,449845603,539,0,1836583
1418,1574591838.460463,192.168.1.5,192.168.1.4,1098385402,300241966,84,0,1836499
1419,1574591838.462182,192.168.1.5,192.168.1.4,2910981811,442925444,61,0,1836438
1420,1574591838.484882,192.168.1.4,192.168.1.5,449845603,2162950637,2070,1,1838508
1421,1574591838.490403,192.168.1.4,192.168.1.5,1230482942,2502072963,808,1,1839316
1422,1574591838.494198,192.168.1.5,192.168.1.4,2502072963,1230483750,86,0,1839230
1423,1574591838.497866,192.168.1.4,192.168.1.5,4002587195,3254539263,91,1,1839321
1424,1574591838.498071,192.168.1.4,192.168.1.5,4002587286,3254539263,24,1,1839345
1425,1574591838.498161,192.168.1.4,192.168.1.5,716982821,3627676699,91,1,1839436
1426,1574591838.498469,192.168.1.4,192.168.1.5,300241966,1098385486,446,1,1839882
1427,1574591838.503306,192.168.1.5,192.168.1.4,3627676699,716982912,539,0,1839343
1428,1574591838.505503,192.168.1.5,192.168.1.4,2502073049,1230483750,108,0,1839235
1429,1574591838.506075,192.168.1.5,192.168.1.4,2518181587,2492201550,24,0,1839211
1430,1574591838.506895,192.168.1.5,192.168.1.4,1098385486,300242412,61,0,1839150
1431,1574591838.507036,192.168.1.5,192.168.1.4,1098385547,300242412,57,0,1839093
1432,1574591838.508704,192.168.1.5,192.168.1.4,2502073157,1230483750,479,0,1838614
1433,1574591838.50888,192.168.1.5,192.168.1.4,2502073636,1230483750,123,0,1838491
1434,1574591838.526301,192.168.1.4,192.168.1.5,449847673,2162950637,1812,1,1840303
1435,1574591838.530533,192.168.1.4,192.168.1.5,1230483750,2502073759,586,1,1840889
1436,1574591838.538076,192.168.1.5,192.168.1.4,2162950637,449849485,148,0,1840741
1437,1574591838.539487,192.168.1.5,192.168.1.4,2162950785,449849485,466,0,1840275
1438,1574591838.539945,192.168.1.5,192.168.1.4,2502073759,1230484336,53,0,1840222
1439,1574591838.543489,192.168.1.4,192.168.1.5,716982912,3627677238,2070,1,1842292
1440,1574591838.543519,192.168.1.4,192.168.1.5,1230484336,2502073812,818,1,1843110
1441,1574591838.556664,192.168.1.5,192.168.1.4,2502073812,1230485154,61,0,1843049
1442,1574591838.557269,192.168.1.4,192.168.1.5,1230485154,2502073873,376,1,1843425
1443,1574591838.561269,192.168.1.4,192.168.1.5,449849485,2162951251,280,1,1843705
1444,1574591838.576035,192.168.1.5,192.168.1.4,2502073873,1230485530,85,0,1843620
1445,1574591838.586221,192.168.1.4,192.168.1.5,716984982,3627677238,826,1,1844446
1446,1574591838.587964,192.168.1.5,192.168.1.4,3627677238,716985808,115,0,1844331
1447,1574591838.588206,192.168.1.5,192.168.1.4,3627677353,716985808,115,0,1844216
1448,1574591838.58834,192.168.1.5,192.168.1.4,1251167309,519681531,24,0,1844192
1449,1574591838.588823,192.168.1.5,192.168.1.4,3627677468,716985808,337,0,1843855
1450,1574591838.593596,192.168.1.5,192.168.1.4,3627677805,716985808,177,0,1843678
1451,1574591838.602262,192.168.1.4,192.168.1.5,449849765,2162951251,5814,1,1849492
1452,1574591838.61621,192.168.1.4,192.168.1.5,1230485530,2502073958,183,1,1849675
1453,1574591838.6179,192.168.1.5,192.168.1.4,2502073958,1230485713,57,0,1849618
1454,1574591838.619428,192.168.1.4,192.168.1.5,1230485713,2502074015,92,1,1849710
1455,1574591838.619655,192.168.1.5,192.168.1.4,2502074015,1230485805,61,0,1849649
1456,1574591838.622618,192.168.1.4,192.168.1.5,716985808,3627677982,413,1,1850062
1457,1574591838.622965,192.168.1.5,192.168.1.4,3627677982,716986221,60,0,1850002
1458,1574591838.630746,192.168.1.4,192.168.1.5,449855579,2162951251,2918,1,1852920
1459,1574591838.631373,192.168.1.4,192.168.1.5,716986221,3627678042,684,1,1853604
1460,1574591838.632242,192.168.1.5,192.168.1.4,3627678042,716986905,68,0,1853536
1461,1574591838.633267,192.168.1.5,192.168.1.4,3627678110,716986905,64,0,1853472
1462,1574591838.633436,192.168.1.5,192.168.1.4,3627678174,716986905,64,0,1853408
1463,1574591838.634647,192.168.1.5,192.168.1.4,3627678238,716986905,170,0,1853238
1464,1574591838.634856,192.168.1.5,192.168.1.4,3627678408,716986905,181,0,1853057
1465,1574591838.648623,192.168.1.4,192.168.1.5,449858497,2162951251,2918,1,1855975
1466,1574591838.658607,192.168.1.4,192.168.1.5,449861415,2162951251,2918,1,1858893
1467,1574591838.67367,192.168.1.4,192.168.1.5,449864333,2162951251,2918,1,1861811
1468,1574591838.676853,192.168.1.4,192.168.1.5,716986905,3627678589,580,1,1862391
1469,1574591838.682126,192.168.1.4,192.168.1.5,449867251,2162951251,2918,1,1865309
1470,1574591838.685649,192.168.1.5,192.168.1.4,3627678589,716987485,68,0,1865241
1471,1574591838.685903,192.168.1.5,192.168.1.4,3627678657,716987485,64,0,1865177
1472,1574591838.686642,192.168.1.5,192.168.1.4,3702012325,1144963360,573,0,1864604
1473,1574591838.68733,192.168.1.4,192.168.1.5,449870169,2162951251,2918,1,1867522
1474,1574591838.694883,192.168.1.4,192.168.1.5,449873087,2162951251,2918,1,1870440
1475,1574591838.700789,192.168.1.4,192.168.1.5,449876005,2162951251,2918,1,1873358
1476,1574591838.704975,192.168.1.4,192.168.1.5,449878923,2162951251,4366,1,1877724
1477,1574591838.708744,192.168.1.4,192.168.1.5,449883289,2162951251,2918,1,1880642
1478,1574591838.739609,192.168.1.4,192.168.1.5,1144963360,3702012898,302,1,1880944
1479,1574591838.739698,192.168.1.4,192.168.1.5,449886207,2162951251,1998,1,1882942
1480,1574591838.769986,192.168.1.5,192.168.1.4,1098385604,300242412,253,0,1882689
1481,1574591838.81873,192.168.1.4,192.168.1.5,300242412,1098385857,446,1,1883135
1482,1574591838.819478,192.168.1.5,192.168.1.4,1098385857,300242858,57,0,1883078
1483,1574591838.819746,192.168.1.5,192.168.1.4,1098385914,300242858,61,0,1883017
1484,1574591838.820034,192.168.1.5,192.168.1.4,1098385975,300242858,86,0,1882931
1485,1574591838.821808,192.168.1.5,192.168.1.4,2502074076,1230485805,143,0,1882788
1486,1574591838.858586,192.168.1.4,192.168.1.5,300242858,1098386061,446,1,1883234
1487,1574591838.859159,192.168.1.4,192.168.1.5,1230485805,2502074219,183,1,1883417
1488,1574591838.859738,192.168.1.5,192.168.1.4,1098386061,300243304,57,0,1883360
1489,1574591838.860064,192.168.1.5,192.168.1.4,1098386118,300243304,61,0,1883299
1490,1574591838.887597,192.168.1.5,192.168.1.4,2502074219,1230485988,88,0,1883211
1491,1574591838.88823,192.168.1.4,192.168.1.5,1230485988,2502074307,92,1,1883303
1492,1574591838.888715,192.168.1.5,192.168.1.4,2502074307,1230486080,61,0,1883242
1493,1574591838.904127,192.168.1.5,192.168.1.4,1580766321,2034480985,343,0,1882899
1494,1574591838.904685,192.168.1.4,192.168.1.5,2034480985,1580766664,99,1,1882998
1495,1574591838.905055,192.168.1.5,192.168.1.4,1580766664,2034481084,382,0,1882616
1496,1574591838.919473,192.168.1.4,192.168.1.5,2034481084,1580767046,2266,1,1884882
1497,1574591838.920368,192.168.1.5,192.168.1.4,1580767046,2034483350,74,0,1884808
1498,1574591838.92051,192.168.1.5,192.168.1.4,1580767120,2034483350,251,0,1884557
1499,1574591838.920887,192.168.1.4,192.168.1.5,2034483350,1580767371,79,1,1884636
1500,1574591838.921106,192.168.1.4,192.168.1.5,2034483429,1580767371,79,1,1884715
1501,1574591838.938693,192.168.1.4,192.168.1.5,1230486080,2502074368,253,1,1884968
1502,1574591838.940957,192.168.1.5,192.168.1.4,2502074368,1230486333,61,0,1884907
1503,1574591839.247457,192.168.1.4,192.168.1.5,3275287587,2710587680,91,1,1884998
1504,1574591839.248093,192.168.1.5,192.168.1.4,2710587680,3275287678,539,0,1884459
1505,1574591839.288343,192.168.1.4,192.168.1.5,3275287678,2710588219,2070,1,1886529
1506,1574591839.330449,192.168.1.4,192.168.1.5,3275289748,2710588219,1756,1,1888285
1507,1574591839.337672,192.168.1.5,192.168.1.4,2710588219,3275291504,86,0,1888199
1508,1574591839.370086,192.168.1.4,192.168.1.5,3275291504,2710588305,586,1,1888785
1509,1574591839.634084,192.168.1.4,192.168.1.5,3118117136,3377395799,91,1,1888876
1510,1574591839.634758,192.168.1.5,192.168.1.4,3377395799,3118117227,539,0,1888337
1511,1574591839.718512,192.168.1.4,192.168.1.5,3118117227,3377396338,2070,1,1890407
1512,1574591839.762362,192.168.1.4,192.168.1.5,3118119297,3377396338,809,1,1891216
1513,1574591839.764973,192.168.1.5,192.168.1.4,3377396338,3118120106,86,0,1891130
1514,1574591839.765751,192.168.1.5,192.168.1.4,3377396424,3118120106,108,0,1891022
1515,1574591839.766286,192.168.1.5,192.168.1.4,3377396532,3118120106,372,0,1890650
1516,1574591839.773769,192.168.1.5,192.168.1.4,3982432640,2737329600,343,0,1890307
1517,1574591839.774278,192.168.1.4,192.168.1.5,2737329600,3982432983,99,1,1890406
1518,1574591839.774866,192.168.1.5,192.168.1.4,3982432983,2737329699,382,0,1890024
1519,1574591839.783455,192.168.1.5,192.168.1.4,2684871449,44391207,343,0,1889681
1520,1574591839.79004,192.168.1.4,192.168.1.5,2737329699,3982433365,2266,1,1891947
1521,1574591839.790818,192.168.1.4,192.168.1.5,44391207,2684871792,99,1,1892046
1522,1574591839.791773,192.168.1.5,192.168.1.4,3982433365,2737331965,74,0,1891972
1523,1574591839.791993,192.168.1.5,192.168.1.4,3982433439,2737331965,245,0,1891727
1524,1574591839.792377,192.168.1.4,192.168.1.5,2737331965,3982433684,79,1,1891806
1525,1574591839.792485,192.168.1.5,192.168.1.4,2684871792,44391306,382,0,1891424
1526,1574591839.792565,192.168.1.4,192.168.1.5,2737332044,3982433684,79,1,1891503
1527,1574591839.803072,192.168.1.4,192.168.1.5,3118120106,3377396904,617,1,1892120
1528,1574591839.803851,192.168.1.5,192.168.1.4,3377396904,3118120723,53,0,1892067
1529,1574591839.808521,192.168.1.4,192.168.1.5,3118120723,3377396957,1199,1,1893266
1530,1574591839.809414,192.168.1.4,192.168.1.5,44391306,2684872174,2266,1,1895532
1531,1574591839.81047,192.168.1.5,192.168.1.4,2684872174,44393572,74,0,1895458
1532,1574591839.810626,192.168.1.5,192.168.1.4,2684872248,44393572,239,0,1895219
1533,1574591839.810979,192.168.1.4,192.168.1.5,44393572,2684872487,79,1,1895298
1534,1574591839.811077,192.168.1.4,192.168.1.5,44393651,2684872487,79,1,1895377
1535,1574591839.812169,192.168.1.5,192.168.1.4,3377396957,3118121922,61,0,1895316
1536,1574591839.812937,192.168.1.5,192.168.1.4,3377397018,3118121922,57,0,1895259
1537,1574591839.814225,192.168.1.5,192.168.1.4,3702012898,1144963662,569,0,1894690
1538,1574591839.877208,192.168.1.4,192.168.1.5,1144963662,3702013467,239,1,1894929
1539,1574591839.979337,192.168.1.4,192.168.1.5,2872729044,12772944,91,1,1895020
1540,1574591839.980033,192.168.1.5,192.168.1.4,12772944,2872729135,539,0,1894481
1541,1574591840.037451,192.168.1.4,192.168.1.5,2872729135,12773483,174,1,1894655
1542,1574591840.039165,192.168.1.5,192.168.1.4,12773483,2872729309,73,0,1894582
1543,1574591840.039744,192.168.1.5,192.168.1.4,12773556,2872729309,872,0,1893710
1544,1574591840.086058,192.168.1.4,192.168.1.5,2872729309,12774428,546,1,1894256
1545,1574591840.20377,192.168.1.4,192.168.1.5,519681531,1251167333,91,1,1894347
1546,1574591840.203807,192.168.1.4,192.168.1.5,519681622,1251167333,24,1,1894371
1547,1574591840.392149,192.168.1.4,192.168.1.5,3224447039,950528395,91,1,1894462
1548,1574591840.392924,192.168.1.5,192.168.1.4,950528395,3224447130,539,0,1893923
1549,1574591840.428227,192.168.1.4,192.168.1.5,3224447130,950528934,2070,1,1895993
1550,1574591840.470519,192.168.1.4,192.168.1.5,3224449200,950528934,2038,1,1898031
1551,1574591840.478127,192.168.1.5,192.168.1.4,950528934,3224451238,148,0,1897883
1552,1574591840.478766,192.168.1.5,192.168.1.4,950529082,3224451238,614,0,1897269
1553,1574591840.511108,192.168.1.4,192.168.1.5,3224451238,950529696,280,1,1897549
1554,1574591840.554225,192.168.1.4,192.168.1.5,3224451518,950529696,656,1,1898205
1555,1574591840.555844,192.168.1.5,192.168.1.4,950529696,3224452174,699,0,1897506
1556,1574591840.619886,192.168.1.4,192.168.1.5,3224452174,950530395,690,1,1898196
1557,1574591840.622616,192.168.1.5,192.168.1.4,3702013467,1144963901,570,0,1897626
1558,1574591840.656107,192.168.1.4,192.168.1.5,1144963901,3702014037,302,1,1897928
1559,1574591840.693065,192.168.1.5,192.168.1.4,4286487623,3382360319,343,0,1897585
1560,1574591840.693419,192.168.1.4,192.168.1.5,3382360319,4286487966,99,1,1897684
1561,1574591840.693871,192.168.1.5,192.168.1.4,4286487966,3382360418,382,0,1897302
1562,1574591840.708582,192.168.1.4,192.168.1.5,3382360418,4286488348,2266,1,1899568
1563,1574591840.709585,192.168.1.5,192.168.1.4,4286488348,3382362684,74,0,1899494
1564,1574591840.709985,192.168.1.4,192.168.1.5,3382362684,4286488422,79,1,1899573
1565,1574591840.710118,192.168.1.4,192.168.1.5,3382362763,4286488422,79,1,1899652
1566,1574591840.710382,192.168.1.5,192.168.1.4,4286488422,3382362842,231,0,1899421
1567,1574591840.711165,192.168.1.5,192.168.1.4,3625030447,324067506,898,0,1898523
1568,1574591840.711594,192.168.1.4,192.168.1.5,324067506,3625031345,24,1,1898547
1569,1574591840.712417,192.168.1.5,192.168.1.4,3625031345,324067530,24,0,1898523
1570,1574591840.715372,192.168.1.5,192.168.1.4,444719147,1284263745,343,0,1898180
1571,1574591840.715761,192.168.1.4,192.168.1.5,1284263745,444719490,99,1,1898279
1572,1574591840.716198,192.168.1.5,192.168.1.4,444719490,1284263844,382,0,1897897
1573,1574591840.733248,192.168.1.4,192.168.1.5,1284263844,444719872,2266,1,1900163
1574,1574591840.734287,192.168.1.5,192.168.1.4,444719872,1284266110,74,0,1900089
1575,1574591840.734427,192.168.1.5,192.168.1.4,444719946,1284266110,231,0,1899858
1576,1574591840.734786,192.168.1.4,192.168.1.5,1284266110,444720177,79,1,1899937
1577,1574591840.734975,192.168.1.4,192.168.1.5,1284266189,444720177,79,1,1900016
1578,1574591840.838282,192.168.1.5,192.168.1.4,444720177,1284266268,24,0,1899992
1579,1574591840.871436,192.168.1.5,192.168.1.4,2910981872,442925444,533,0,1899459
1580,1574591840.914614,192.168.1.5,192.168.1.4,2910982405,442925444,747,0,1898712
1581,1574591840.939293,192.168.1.5,192.168.1.4,2910983152,442925444,340,0,1898372
1582,1574591840.947914,192.168.1.4,192.168.1.5,442925444,2910983492,237,1,1898609
1583,1574591840.949075,192.168.1.5,192.168.1.4,2910983492,442925681,61,0,1898548
1584,1574591840.955702,192.168.1.5,192.168.1.4,2910983553,442925681,579,0,1897969
1585,1574591840.957604,192.168.1.4,192.168.1.5,442925681,2910984132,198,1,1898167
1586,1574591840.970327,192.168.1.5,192.168.1.4,2910984132,442925879,341,0,1897826
1587,1574591840.978438,192.168.1.4,192.168.1.5,442925879,2910984473,198,1,1898024
1588,1574591841.018518,192.168.1.4,192.168.1.5,442926077,2910984473,413,1,1898437
1589,1574591841.026996,192.168.1.5,192.168.1.4,1193773940,1858256456,24,0,1898413
1590,1574591841.027542,192.168.1.4,192.168.1.5,1858256456,1193773964,24,1,1898437
1591,1574591841.028764,192.168.1.5,192.168.1.4,4135835103,673491554,24,0,1898413
1592,1574591841.029234,192.168.1.5,192.168.1.4,2800399062,2553798140,24,0,1898389
1593,1574591841.029285,192.168.1.4,192.168.1.5,673491554,4135835127,24,1,1898413
1594,1574591841.030199,192.168.1.5,192.168.1.4,1067290203,3955707039,24,0,1898389
1595,1574591841.030262,192.168.1.4,192.168.1.5,2553798140,2800399086,24,1,1898413
1596,1574591841.030633,192.168.1.4,192.168.1.5,3955707039,1067290227,24,1,1898437
1597,1574591841.03816,192.168.1.5,192.168.1.4,4137486364,318076406,24,0,1898413
1598,1574591841.038377,192.168.1.5,192.168.1.4,1137108265,627322427,24,0,1898389
1599,1574591841.03864,192.168.1.5,192.168.1.4,3377397075,3118121922,24,0,1898365
1600,1574591841.038801,192.168.1.5,192.168.1.4,2776515067,2405637234,24,0,1898341
1601,1574591841.038949,192.168.1.5,192.168.1.4,3700418448,2058195634,24,0,1898317
1602,1574591841.039094,192.168.1.5,192.168.1.4,643127731,865432886,24,0,1898293
1603,1574591841.03931,192.168.1.5,192.168.1.4,3536449928,3570428279,24,0,1898269
1604,1574591841.03953,192.168.1.5,192.168.1.4,2910984473,442926490,24,0,1898245
1605,1574591841.040406,192.168.1.4,192.168.1.5,2058195634,3700418472,24,1,1898269
1606,1574591841.040491,192.168.1.5,192.168.1.4,1098386179,300243304,24,0,1898245
1607,1574591841.040718,192.168.1.4,192.168.1.5,3570428279,3536449952,24,1,1898269
1608,1574591841.041208,192.168.1.4,192.168.1.5,300243304,1098386203,24,1,1898293
1609,1574591841.041224,192.168.1.4,192.168.1.5,2405637234,2776515091,24,1,1898317
1610,1574591841.041379,192.168.1.4,192.168.1.5,3118121922,3377397099,24,1,1898341
1611,1574591841.041394,192.168.1.4,192.168.1.5,865432886,643127755,24,1,1898365
1612,1574591841.041703,192.168.1.4,192.168.1.5,627322427,1137108289,24,1,1898389
1613,1574591841.042517,192.168.1.4,192.168.1.5,318076406,4137486388,24,1,1898413
1614,1574591841.043755,192.168.1.5,192.168.1.4,2502074429,1230486333,24,0,1898389
1615,1574591841.043843,192.168.1.5,192.168.1.4,3627678721,716987485,24,0,1898365
1616,1574591841.044256,192.168.1.4,192.168.1.5,1230486333,2502074453,24,1,1898389
1617,1574591841.044516,192.168.1.4,192.168.1.5,716987485,3627678745,24,1,1898413
1618,1574591841.045278,192.168.1.5,192.168.1.4,2059978590,889989611,24,0,1898389
1619,1574591841.04536,192.168.1.5,192.168.1.4,3108888955,2613982276,24,0,1898365
1620,1574591841.045459,192.168.1.5,192.168.1.4,1119712878,3655148868,24,0,1898341
1621,1574591841.045539,192.168.1.5,192.168.1.4,3982433684,2737332123,24,0,1898317
1622,1574591841.045657,192.168.1.5,192.168.1.4,2684872487,44393730,24,0,1898293
1623,1574591841.045735,192.168.1.5,192.168.1.4,968865419,1959071711,24,0,1898269
1624,1574591841.0458,192.168.1.5,192.168.1.4,1048875599,837666900,24,0,1898245
1625,1574591841.045866,192.168.1.5,192.168.1.4,1580767371,2034483508,24,0,1898221
1626,1574591841.045929,192.168.1.5,192.168.1.4,3140586844,3258722188,24,0,1898197
1627,1574591841.045994,192.168.1.5,192.168.1.4,4286488653,3382362842,24,0,1898173
1628,1574591841.046058,192.168.1.5,192.168.1.4,12774428,2872729855,24,0,1898149
1629,1574591841.046148,192.168.1.5,192.168.1.4,3702014037,1144964203,24,0,1898125
1630,1574591841.046246,192.168.1.5,192.168.1.4,2710588305,3275292090,24,0,1898101
1631,1574591841.046333,192.168.1.5,192.168.1.4,950530395,3224452864,24,0,1898077
1632,1574591841.047479,192.168.1.4,192.168.1.5,2872729855,12774452,24,1,1898101
1633,1574591841.047685,192.168.1.4,192.168.1.5,3275292090,2710588329,24,1,1898125
1634,1574591841.04771,192.168.1.4,192.168.1.5,3655148868,1119712902,24,1,1898149
1635,1574591841.04774,192.168.1.4,192.168.1.5,3224452864,950530419,24,1,1898173
1636,1574591841.047881,192.168.1.4,192.168.1.5,1144964203,3702014061,24,1,1898197
1637,1574591841.048049,192.168.1.4,192.168.1.5,889989611,2059978614,24,1,1898221
1638,1574591841.048119,192.168.1.4,192.168.1.5,2613982276,3108888979,24,1,1898245
1639,1574591841.049179,192.168.1.5,192.168.1.4,2162951251,449888205,24,0,1898221
1640,1574591841.049374,192.168.1.5,192.168.1.4,2962460766,1111475575,24,0,1898197
1641,1574591841.049848,192.168.1.4,192.168.1.5,1111475575,2962460790,24,1,1898221
1642,1574591841.050263,192.168.1.4,192.168.1.5,449888205,2162951275,24,1,1898245
1643,1574591841.051958,192.168.1.5,192.168.1.4,3783472789,2316199139,24,0,1898221
1644,1574591841.052357,192.168.1.4,192.168.1.5,2316199139,3783472813,24,1,1898245
1645,1574591841.055779,192.168.1.4,192.168.1.5,442926490,2910984498,24,1,1898269
